x0,y0,z0,x1,y1,z1,x2,y2,z2,x3,y3,z3,x4,y4,z4,x5,y5,z5,x6,y6,z6,x7,y7,z7,x8,y8,z8,x9,y9,z9,x10,y10,z10,x11,y11,z11,x12,y12,z12,x13,y13,z13,x14,y14,z14,x15,y15,z15,x16,y16,z16,x17,y17,z17,x18,y18,z18,x19,y19,z19,x20,y20,z20,label
0.0,0.0,0.0,0.08872363412834391,-0.530178475862176,0.07895217683560969,0.1694984739426073,-1.086526760136697,0.004536996267526803,0.18825802972967964,-1.4875562072517272,-0.08680226178422894,0.14489293431994954,-1.7652768710543218,-0.16383979925238024,0.061266591489545864,-1.2072667651752447,-0.2086658601805897,0.43554940034968814,-1.329833799897311,-0.2681271459327851,0.4170895916200683,-1.0913622549779274,-0.24884006715102172,0.3073660624925905,-0.9876578743712525,-0.2494031778755069,0.029251763678737053,-0.9446682825548915,-0.326720293609801,0.4594463197971111,-1.0085444962304324,-0.40242190483231316,0.4217362496728523,-0.8226586924892194,-0.34646075428251794,0.3087812775251048,-0.7656851481817533,-0.3236455716218226,0.04494821894514807,-0.6412478769931118,-0.41417480081865343,0.4385235315458641,-0.7190922263909606,-0.4322902572739384,0.38802888293515797,-0.5657880019351764,-0.3051088731426681,0.2641263921305492,-0.5276560870138467,-0.24206728335232394,0.08036886000784604,-0.34537959275722036,-0.49949426123821555,0.3974355204025361,-0.43695945564360106,-0.4794383090720332,0.3534622991656614,-0.34026402537582223,-0.3823013594898992,0.24516787296525155,-0.310936649826737,-0.3274792091809376,thumbs_up
0.0,0.0,0.0,0.07286163304340529,-0.5249730948340232,0.07189207578500541,0.17432219001335122,-1.0897866703869044,-0.01043741717851601,0.21406422245129095,-1.508218009899088,-0.10753353006447289,0.1760917450688297,-1.800491849536561,-0.1900796607830356,0.0836689212952273,-1.195545264103239,-0.23592680648843728,0.4743205492613583,-1.3324965771841712,-0.30132990123185793,0.4728702723385815,-1.091850765804802,-0.28038912728826554,0.37746986572740915,-0.9684034596165261,-0.2782976041189679,0.0577786826544942,-0.9348451658287273,-0.35032287929475847,0.5099109603737639,-0.9864262325473128,-0.42661358462338506,0.4747508456802022,-0.7972842577744297,-0.3633318291016548,0.3603233730008301,-0.7292061150791819,-0.3363581314306046,0.08052159310710634,-0.6262549566096985,-0.43432105930683473,0.491148870015696,-0.6769979559399587,-0.4514882171220028,0.44111441673992813,-0.5243297116866146,-0.3207873894189534,0.31887614393416147,-0.4894251200592553,-0.2564675777257768,0.12455522644875987,-0.32038248308023937,-0.5166132633498582,0.45686734840730253,-0.3930739182529052,-0.49667250874190316,0.4112074580697298,-0.2916106461618306,-0.3991730872383197,0.30413866756883945,-0.261039991215781,-0.34441185947796743,thumbs_up
0.0,0.0,0.0,0.08467976656498798,-0.5368110782210219,0.07234937173182117,0.19083590179601492,-1.101381020265925,-0.0127768951393316,0.23072866243648155,-1.516594699122202,-0.11133689626211049,0.19590577397868267,-1.8274884536629878,-0.19486032888629481,0.10648469451632553,-1.2034161592589452,-0.2526747130285896,0.5067469835684282,-1.3089879619215947,-0.32572696685282465,0.5022957924046239,-1.0751357372690908,-0.30706660887517245,0.4102326423982283,-0.9662063735714868,-0.30514368345629045,0.08197932410063029,-0.9263239379116721,-0.3677000577533489,0.5398428401140204,-0.9504948198452586,-0.44960268564869127,0.49425140574643306,-0.7665185898482794,-0.3807059554111277,0.37782907069396826,-0.7147403452920597,-0.3500192184228369,0.10140091938941372,-0.6034202885496547,-0.4520149998163428,0.5182895963445135,-0.6467236663137723,-0.47300757669094595,0.45936799859015987,-0.506567267568567,-0.3321563118592452,0.33619649969989357,-0.4848236761359533,-0.26101259492887474,0.14149823731982536,-0.28883264439624423,-0.5345133330929097,0.47625895134392016,-0.37099148004167365,-0.5188598957181725,0.42744070495379183,-0.2905191942060932,-0.4164317429814278,0.32080348696090594,-0.2713503053744528,-0.35738990009349203,thumbs_up
0.0,0.0,0.0,0.07689046779109883,-0.5356132511305932,0.05352392755224695,0.18621248539421112,-1.1147608550998356,-0.034962441375470873,0.22534671029852404,-1.5385986135982546,-0.1316545106265005,0.18572708869548213,-1.8479001659509848,-0.21310650946164017,0.12214212649733225,-1.206776406454331,-0.26490405769897224,0.5355844376279287,-1.2716899560940118,-0.3336351061957644,0.5047409023253906,-1.0622425998920164,-0.31160203814059007,0.3935620497319021,-0.9822472397149183,-0.3072284545136533,0.10453802626514962,-0.923697569037308,-0.3685845656279626,0.556765633949114,-0.9206697237463454,-0.43637162889461056,0.4859915445202773,-0.7745229942986261,-0.36292748821888426,0.36227776282816937,-0.7478001065089771,-0.33296970426335804,0.1285519170845274,-0.5975299854052576,-0.44292862692811,0.5346828810720375,-0.6193241810798278,-0.4530341977938537,0.4533527063594265,-0.5121235971893602,-0.3120781733563199,0.3260320651799592,-0.5122918342708505,-0.24354414905769078,0.17121458230960787,-0.28247048199813274,-0.5173999214790335,0.49093965672506407,-0.3635759536075492,-0.49757760371756465,0.42368482529197016,-0.2977414273222691,-0.39584126841065276,0.31426137993772085,-0.2842624074495399,-0.3379668152542687,thumbs_up
0.0,0.0,0.0,0.07918702506918252,-0.5387843450883886,0.04982742218855399,0.20014838181256192,-1.1256167786031066,-0.042305232247523035,0.24496802408892202,-1.558796741281713,-0.14279359270802366,0.21062225085418423,-1.8828005235332277,-0.22717743000614465,0.15645789351570144,-1.2127043890749547,-0.26812284959119637,0.5804614337512063,-1.2586532944699969,-0.34274076279572063,0.5344117928909526,-1.0490292305766191,-0.3221680815122589,0.4127079622907652,-0.9749139033063295,-0.31851546593049745,0.1421595692498744,-0.9161928759699648,-0.37467486023561075,0.6080970026440172,-0.9059955656161499,-0.45412785749192247,0.5194251278027108,-0.7614830647362704,-0.38201089593332205,0.38400959604125884,-0.7394498283464243,-0.34963178347783086,0.16139796946080814,-0.5781004258217148,-0.4525385727200809,0.580883911525674,-0.6021760928680809,-0.47322778736538373,0.4844081485971702,-0.49595965792427216,-0.3284989999110916,0.3484486671514128,-0.498782433733839,-0.2540123811428069,0.19579165479655125,-0.2524620660377275,-0.5309946654009777,0.5253154786076185,-0.33175997651607025,-0.5178944165082374,0.44645663505944455,-0.2685070537761927,-0.41297987558462534,0.3303225043467308,-0.25674861655955505,-0.35060986154430873,thumbs_up
0.0,0.0,0.0,0.06359512500484009,-0.5409126549078174,0.0488061507339401,0.1959787674895879,-1.1389792505275942,-0.048232225797564594,0.24882298888599869,-1.5871216313204561,-0.15383829863954715,0.21556651598464124,-1.9151638797116126,-0.24321092026329544,0.18648505888772093,-1.2142181289062703,-0.2859062687140572,0.627988901715409,-1.2507387545091753,-0.36769965113917985,0.5599220506491087,-1.059280315104821,-0.34475165048648104,0.42118049307305017,-0.9916344549950302,-0.3376518747840388,0.17169304994595122,-0.902765711170783,-0.3943799530079679,0.6487474038553949,-0.8910729026074506,-0.48517918281147265,0.5454764869024431,-0.759335134569167,-0.4114736756245662,0.40615465061829986,-0.7423126439396258,-0.37291340774891707,0.18693765815339766,-0.5533493350051759,-0.47287610163377586,0.6162962064435076,-0.5736235162788869,-0.5016511903792057,0.5091848232809983,-0.47740578392749844,-0.3505923052280386,0.3686422718309803,-0.48252247810397686,-0.26767566659030795,0.21718590369517574,-0.2170867736933064,-0.5524217820736596,0.5583418617735993,-0.2908458394040797,-0.5419091303440084,0.46885171445192075,-0.23577872684575488,-0.4315041670308253,0.34560887776238575,-0.22599125356406313,-0.3627480225772425,thumbs_up
0.0,0.0,0.0,0.06668375154048035,-0.5394114483465979,0.057661558493457325,0.20472926037604303,-1.1483017601725043,-0.04579949752482594,0.25798503979612175,-1.6091685211069562,-0.15933535396156764,0.22846956783994785,-1.9579627864493154,-0.2575247747520484,0.20105366775717332,-1.2095195539265347,-0.3153183959435725,0.6510301685126796,-1.242724620314672,-0.40442400922252314,0.5691159447795368,-1.0571921957354071,-0.37751961287432734,0.42029709090436074,-0.9977082931694786,-0.366364135019032,0.18749897922827402,-0.8821842339680153,-0.43196653820246406,0.6754411628237722,-0.8692745622956318,-0.5284650212835514,0.5679928826876469,-0.7346125915941597,-0.44259983594069663,0.4253025057218035,-0.710167992931642,-0.3938477105317595,0.20307086229687107,-0.5212770001183038,-0.5161498432587711,0.64543201027427,-0.549016225401767,-0.5482207044454317,0.53427896707533,-0.4476734358651456,-0.38023786069335974,0.38787075868778437,-0.44574048556756146,-0.2850330868012415,0.23495007366681123,-0.17752945494201408,-0.6004966486533914,0.5890155549118421,-0.259202497444618,-0.5922685415297717,0.49212720884742717,-0.20439916763235907,-0.4705915605869493,0.35942082470804054,-0.19067202343885578,-0.39249799409041536,thumbs_up
0.0,0.0,0.0,0.06968315582633264,-0.5355283765041229,0.06578967358170093,0.22251146450199116,-1.1470912671827593,-0.032088329531572285,0.2907982496076001,-1.6179278087064166,-0.14249538734925543,0.2678325378708519,-1.9653522785423965,-0.23747827448241143,0.23157558324647376,-1.2107621746994,-0.2967463273886465,0.6862708226905598,-1.2355958695265243,-0.37538208416038304,0.6054261741157791,-1.0520051961075525,-0.34042458169639994,0.45621799700376586,-1.002727039545572,-0.3245148589173351,0.22277407093207985,-0.8817429381759034,-0.4158137615535025,0.706901975254979,-0.8555504049625839,-0.501178118604497,0.6003686620601365,-0.7291678828246045,-0.4105235909928457,0.4562603258027707,-0.7103619049051086,-0.35821739642894235,0.24104955988047408,-0.5129545359151054,-0.5019591029328847,0.6812557593455341,-0.5281919442640787,-0.5230337785718662,0.568192539412372,-0.4278386357239938,-0.35297537038046883,0.41689957901564384,-0.4241659828743309,-0.25677016423128074,0.2737108449100372,-0.15391470787958772,-0.5882376960910053,0.6297848990481176,-0.2296998059013229,-0.569748224871153,0.5319889454552952,-0.17479371774583075,-0.4452216347065526,0.3959806385826341,-0.15364178905087444,-0.36570989363189105,thumbs_up
0.0,0.0,0.0,0.07449144349642321,-0.5471108466949094,0.0637289832032791,0.2306843905039269,-1.1733550398471242,-0.04259335021849317,0.2972602106419942,-1.6585678996920825,-0.16193223296388282,0.27222366330754294,-2.0339298134231276,-0.26582011367779923,0.2482594885821488,-1.2042935125769678,-0.31587730425493876,0.7069600736456758,-1.2368860108502369,-0.399090157917568,0.6316321425994675,-1.054252157519507,-0.3615025751021026,0.48656110845969663,-1.0066749901027123,-0.3427744149898785,0.23510431294997955,-0.8687630736643277,-0.4358631251547066,0.7317897755003998,-0.8426476321203274,-0.5238243807447291,0.6241260265323274,-0.7142816161140112,-0.42535984146563616,0.4703343820452784,-0.6926761689322807,-0.3668463806969747,0.24865902889902922,-0.49032271840334485,-0.5229068038605359,0.7002518077216372,-0.5086875453863212,-0.5441149871331047,0.5880527162837258,-0.4098488754224505,-0.36766554909073823,0.42987289600961837,-0.41609706088920095,-0.26725012839680823,0.2778142745662837,-0.12034543179477378,-0.6102707177602921,0.6479152254860543,-0.19279524519028082,-0.5899203710504363,0.5467317325229634,-0.14687554869075614,-0.46186914531688217,0.40163571942282067,-0.1435938301040014,-0.38049156847170496,thumbs_up
0.0,0.0,0.0,0.07443241234429158,-0.5554648614159889,0.057348843270779125,0.236305180341148,-1.1808812272601648,-0.04956017174883287,0.30405450416653196,-1.6639410671530517,-0.1694028535612578,0.27491044115155955,-2.028385318977554,-0.2732867041867595,0.2808602414374202,-1.202599771798202,-0.3038760129762069,0.7381607724615269,-1.1889764075642877,-0.3847425541957892,0.6489517977495343,-1.0302855693087376,-0.3504833303856135,0.49556096596827937,-1.0058569299280185,-0.33484208272448873,0.2667718681261993,-0.8660687411373907,-0.4227974526899996,0.7607447336309863,-0.8094251504864813,-0.5083412660782529,0.6417377578437989,-0.7059822662015892,-0.4154339760532612,0.48380361063724403,-0.7011113113530129,-0.361774031128846,0.2738920529888088,-0.4838512694968057,-0.5100769749277534,0.7266563381882664,-0.4852980998369438,-0.5282686114961628,0.6044275747388607,-0.39722452736744374,-0.356756229704677,0.4410857924825812,-0.4124268503398713,-0.26076046884008874,0.29499834573253136,-0.10657106068331723,-0.5987270550468967,0.669966429464126,-0.16339139135050293,-0.5756257941332467,0.5665802238741087,-0.1271289718179175,-0.44977236720176206,0.4200558026700234,-0.13663270910692965,-0.37102350657375305,thumbs_up
0.0,0.0,0.0,0.06449830023829527,-0.5472464776219769,0.06947420283278001,0.22474764904882313,-1.1616418136813165,-0.027930233159868423,0.31268148047764854,-1.6284506155773417,-0.1401447462861205,0.29033186725183047,-1.9897342523575299,-0.23568172845569982,0.2884284577378852,-1.2085348582074118,-0.2797998019479828,0.7424297291985519,-1.1938036458354655,-0.3543125568489273,0.6680905111203533,-1.02851623362905,-0.31268127457520367,0.5246622660594279,-0.9906107112234018,-0.28898217135955623,0.28643345595296216,-0.871253281344508,-0.3985894818698426,0.7718193686177747,-0.8060605895691737,-0.47950652101133506,0.6513782189886725,-0.6776836413365049,-0.37947225147909946,0.48778721776379286,-0.6601829229362477,-0.3149979789465575,0.30108479986461617,-0.48667907340799005,-0.48676905536170123,0.7468732976942797,-0.4725665362957411,-0.5018576607750028,0.6268930403727373,-0.36618736484530806,-0.32550315446634837,0.46401438277000856,-0.3699460674001783,-0.22175991698238354,0.3273506543513861,-0.10230514723734344,-0.5756902820024237,0.6984537153185554,-0.1513060352262063,-0.5479461893235867,0.5984288492594736,-0.10122802213064529,-0.41821813297096855,0.4552822199010475,-0.0975369757332707,-0.3340431872815549,thumbs_up
0.0,0.0,0.0,0.0424740656039323,-0.5595584015929084,0.0605059536800397,0.19520478719954512,-1.191742087906093,-0.039866811627327775,0.2981706715529176,-1.6759365002485012,-0.15127965647790423,0.2802181046438696,-2.0703190307613695,-0.24675104644333895,0.3170213459325606,-1.2065823587595241,-0.30755806334145974,0.7958208091732135,-1.221528037144251,-0.3831577065106093,0.7841841203235543,-1.0363307872251448,-0.3341855376862773,0.6913460588784391,-0.9772506224474553,-0.3019994236565649,0.33500732551600254,-0.844478993422416,-0.41788192293861887,0.8421501930599445,-0.8095873353657459,-0.49223095492231816,0.731454128878594,-0.6464606068677786,-0.3729950209439752,0.561394459572243,-0.6129780810715839,-0.2922498259181684,0.35853816993649945,-0.4493066629382145,-0.49944894366895104,0.8089843941998911,-0.4507102474338848,-0.5118836595729779,0.6941123761471246,-0.32418136684125914,-0.327270469506555,0.5304349059066953,-0.32055615471230536,-0.2147217513335416,0.3939834697035979,-0.06196878504321292,-0.5825241368700848,0.7515690632059628,-0.12207276459855622,-0.5527323876959942,0.6443277434713754,-0.0663429454208445,-0.4218378259798991,0.4975765036510654,-0.06382627756838498,-0.33436221508248287,thumbs_up
0.0,0.0,0.0,0.05294293784753977,-0.5642997791119115,0.058726658893610145,0.1993982467893213,-1.1927234232534125,-0.0388313524813301,0.291902040971151,-1.6731456309753725,-0.14990417457704658,0.28109708774187564,-2.0590495068116232,-0.24511386313858896,0.34151316193103626,-1.2042615132328787,-0.28114546331471235,0.810208669811204,-1.2001477253374162,-0.348369275941168,0.7576191574454466,-1.0364600277391145,-0.29923964581212154,0.6332577373368108,-1.0094793495602206,-0.2693618939866906,0.35882116894055,-0.8476040008900025,-0.3909153442823614,0.8449044132304221,-0.8091559925743118,-0.4590036914478375,0.7260869271331685,-0.6822058585032356,-0.3506263342853931,0.5600519461623786,-0.668844705957535,-0.2795441481427579,0.3797606009743724,-0.45467384708476266,-0.47221768719045204,0.8022013464883061,-0.4499658260035044,-0.477322673480628,0.6822439791227017,-0.34291814345502103,-0.3019633703018382,0.5229411493805105,-0.34933062961973016,-0.1977311633418839,0.4069657672456783,-0.06481551757624344,-0.556204139042539,0.7410745594427585,-0.12118071534977969,-0.5209319769753802,0.6310953265110149,-0.07641066390772093,-0.3945816197749568,0.48936012263770806,-0.07853420665092398,-0.3117622381624575,thumbs_up
0.0,0.0,0.0,0.0695248945460769,-0.5923441859177572,0.07141823034597569,0.22634165467109038,-1.2270901698848817,-0.018680140004862608,0.3298429880542814,-1.712812841532908,-0.12610675130652596,0.3475789125111552,-2.0801703160307126,-0.2181161346410357,0.4091490685029049,-1.194048788289542,-0.2468385557448758,0.8599973485165139,-1.1919658911754596,-0.2971521193440053,0.7883022225856958,-1.0304782620373467,-0.2376687412883361,0.6460056683967839,-1.0073897059516275,-0.2003216350131085,0.43066434566083983,-0.8288380709360986,-0.35714934347335253,0.8894093096557952,-0.7913542524517803,-0.4013600778448493,0.7618182312141504,-0.6676520731662997,-0.28785142968707184,0.591943483158595,-0.6534425854012398,-0.21374713363173825,0.44857922964920705,-0.42803081354259215,-0.43947101192295557,0.8468161839267777,-0.4410494253279815,-0.42477162559557174,0.7230286896601339,-0.33523916061286274,-0.2518897610894964,0.5641726995563671,-0.33291268670344704,-0.15070581481299408,0.4685351104946357,-0.03174827908498523,-0.523202617711037,0.7884362529259258,-0.09699227990168291,-0.4712952352237913,0.6747818057563303,-0.06311314557710909,-0.34275701535480074,0.5329739196252061,-0.06322572096645485,-0.2593476124467637,thumbs_up
0.0,0.0,0.0,0.07106248685424696,-0.6158904819005263,0.08125932484736069,0.21831171914170386,-1.2483743274942425,-0.005833035782320376,0.31941665973163524,-1.7324009494764387,-0.11178988047840303,0.35018354835797955,-2.0815433476189558,-0.20405715885515588,0.4069357468433617,-1.2029629541335767,-0.2477386482791257,0.8373187106871794,-1.2317480583127616,-0.28969057510905805,0.7332024037703542,-1.073776521250811,-0.2219141061524319,0.5646412121835833,-1.0649665909091124,-0.17901445948516898,0.4418279039900806,-0.8229510947879325,-0.3571268385925018,0.876882161800604,-0.82905120675403,-0.38831121560153975,0.7430552838464054,-0.7026301202583564,-0.26833015733675275,0.571947515954853,-0.6882468228373458,-0.19165926098621983,0.47423852458621824,-0.41448164370125107,-0.43639924477538805,0.8490963047541353,-0.4743017648215276,-0.409543771129792,0.7263184727901966,-0.36522058528464896,-0.23480068587018427,0.5703392602146234,-0.3494737666925743,-0.13502889957003264,0.5063912998326997,-0.016837327039973225,-0.5156974226395339,0.8055818813786284,-0.10821946706225426,-0.4530810741026264,0.6897468503699931,-0.06090317441848416,-0.3207700016056363,0.5504872248841016,-0.04386558663336392,-0.23606020448963277,thumbs_up
0.0,0.0,0.0,0.05772265670391542,-0.605877017106934,0.06627994390947435,0.20667887401094706,-1.2324116160735432,-0.009762969859553994,0.3159204865917013,-1.7164413450308085,-0.10471849911643138,0.3606313849856001,-2.073000408465402,-0.1862245314973814,0.45438699500908913,-1.1917555367902173,-0.18523574157431022,0.8621118307464014,-1.2253435036734164,-0.2090313542654348,0.7675897705701987,-1.0662285564622513,-0.1383876841805415,0.6096811855966722,-1.0546892236075074,-0.09304591423967477,0.5058410351180515,-0.8159227598272367,-0.2799908519694935,0.9102302191852888,-0.8269007084358383,-0.29152682148213943,0.7694426781820588,-0.6830003453399924,-0.17765573177221453,0.5980054904448198,-0.659063537588356,-0.10178881589913472,0.5436314163184638,-0.4068956902755832,-0.3517414207965773,0.8894584796171144,-0.4612162121588218,-0.31509918009631677,0.7621911820030618,-0.33350665138575614,-0.15808561963969583,0.6074910294683998,-0.3090432030383901,-0.06664152361737258,0.5728497813937418,-0.0030226975859062835,-0.4255698819642278,0.8471386235707916,-0.08782019287290747,-0.35602491451602275,0.7297510617357537,-0.023235665212480498,-0.23470704253565963,0.5950520189292846,0.00437482641700571,-0.15548247449018765,thumbs_up
0.0,0.0,0.0,0.036757501047410025,-0.6066438671331034,0.053541274036468016,0.17944413965718223,-1.210568445940556,-0.016487787509327476,0.29700885377836383,-1.6794442340712905,-0.10333996081647592,0.3385795055729275,-2.050729766560575,-0.1764775487645239,0.47076794223941376,-1.1816869387697269,-0.1542399555485124,0.8591759077995015,-1.2109572875139214,-0.16540769895597654,0.7787413996340696,-1.0517144305876005,-0.09396731565894409,0.629186788174252,-1.0341350956546536,-0.04851000494506353,0.5335637741876097,-0.8117671667598504,-0.237368375832498,0.9040074672732459,-0.8181721214311695,-0.23554306200264066,0.7694485024607002,-0.673599314894905,-0.1280635439208391,0.6047441652294926,-0.6483631324071795,-0.056622880021516414,0.5750087161562459,-0.4038835478574842,-0.30086418442658946,0.8740882684337368,-0.44548569217572737,-0.25626382497301964,0.7489507735771861,-0.31545045921503256,-0.11366194452163143,0.6019267555697327,-0.2953683795903301,-0.031104037493647943,0.6036445295886165,-0.001830990942855377,-0.3679165172457441,0.8368115311488006,-0.07639227357645006,-0.2916966717431594,0.7193462397056816,-0.005393810419294344,-0.17953354357139537,0.5916240154882926,0.01927967094285122,-0.10661233658924865,thumbs_up
0.0,0.0,0.0,0.03402478314133467,-0.6063444955427818,0.07218318752176434,0.19817967942435058,-1.1727500855800403,0.027283866586125635,0.3549472959313003,-1.5890388896546732,-0.03568211789059602,0.4193337782363956,-1.907437173502649,-0.08595615145595968,0.4983003498499391,-1.165494351587984,-0.10795707863387295,0.8719170481233259,-1.1737374558052975,-0.09741685130799971,0.7877274874084346,-0.9994211656042847,-0.019491929953713034,0.6372836496245399,-0.9702690143875938,0.027472277842003522,0.5647322655170348,-0.8028379030272228,-0.19112495846133873,0.9158807885124514,-0.7580286961325992,-0.17365578192414793,0.7794113597440919,-0.6120827919476342,-0.07040956154436061,0.615768404435462,-0.5912330441304187,-0.0038661063854624374,0.6024436969397721,-0.39478443471809144,-0.25276259027716613,0.8837282022577179,-0.38135070994864523,-0.19335288570381398,0.7514257710411131,-0.25917134828776656,-0.058924285871329155,0.6062745794764773,-0.25470604218644555,0.014769916396003755,0.6212736472859656,0.007515718179351658,-0.31635894011164617,0.8383301467157731,-0.010779762682202038,-0.22838972008918232,0.715681052668685,0.049561686764581,-0.12079742315910798,0.5913055496806605,0.051871765384964026,-0.05416631144014239,thumbs_up
0.0,0.0,0.0,0.03900697686201006,-0.606392897045004,0.07994634942874417,0.21553808298391114,-1.171773850499608,0.04672499391570821,0.37517987174107614,-1.5975044469328175,-0.004302977967046224,0.43332642788377945,-1.9356109636912686,-0.043063814213694505,0.5272644006444829,-1.1518454442488242,-0.0814554653875957,0.8879158896884165,-1.124378937891718,-0.05417339917320937,0.8098933644984381,-0.9519734800170314,0.029692847015167948,0.6685922439742776,-0.9309328000072061,0.0797734232543126,0.5914908992728615,-0.7902236148380387,-0.1602658248962764,0.9183950142278766,-0.7044476944850241,-0.11800779656402349,0.7955545624601348,-0.5575171376418715,-0.010450452752271137,0.6409444763223501,-0.5446884262238442,0.05481272352022648,0.6233175086813324,-0.383518395506727,-0.2176143523480808,0.8854457948808265,-0.33680466234057055,-0.1406237434237861,0.7616425658044315,-0.21968440359020142,-0.008915594101168725,0.6206416986907466,-0.2252684615600032,0.059946389557036746,0.6378796730384277,0.014914854971079566,-0.27626711342982463,0.8402252615049697,0.016083347462728933,-0.17807169037642842,0.7197545679727195,0.07508957122064769,-0.07175008429448657,0.5934512439578808,0.07133703384455292,-0.007344502197224934,thumbs_up
0.0,0.0,0.0,0.030428438666995548,-0.6227409018862099,0.0674085078781173,0.19667234383698098,-1.191392584712698,0.01969487940949836,0.351272488608825,-1.6100005432272746,-0.04531520457780032,0.4137754841357433,-1.9950652716987944,-0.1055950826595145,0.5318262941515474,-1.1400195116979084,-0.09991015307749995,0.923469754902007,-1.1456862710257298,-0.1234229563233109,1.0852733251324846,-1.1007614297542816,-0.08730336123422865,1.163616253704642,-1.0700890839278878,-0.05611417173602516,0.6053265430243943,-0.7765274274830315,-0.1748854215671532,0.969735575284122,-0.7425036544120172,-0.17003690570019522,0.8473321960849121,-0.6515193953650995,-0.05779281938797258,0.687076517837771,-0.6277440602500197,0.027280856887243996,0.6425269772268618,-0.3614275478823959,-0.23742337031670502,0.9117752230344928,-0.34425735131299046,-0.20387432005181297,0.7818012819724917,-0.24288280035550902,-0.06303095525576331,0.646044496062244,-0.2254791570801941,0.029621449131852492,0.6616002109322008,0.05547076431928488,-0.30424034615897605,0.8704151002056327,0.009209536331384213,-0.24352549818355995,0.7516034835482744,0.06813429136608254,-0.1385680186647645,0.6305290922081711,0.09228365147664135,-0.06309307615771353,thumbs_up
0.0,0.0,0.0,0.00040968893624233763,-0.6284240207305901,0.04975013549773917,0.14200191867799788,-1.2031291762060452,0.001538121438269588,0.28960046331595884,-1.6235279903716093,-0.05956602292998676,0.3307417799817065,-1.9923338760851832,-0.10972627586499734,0.4956008044191251,-1.1770404893110487,-0.095380654249506,0.8734791632037134,-1.1333575292926414,-0.08019013363381372,0.8747595639379049,-0.9825202806299254,-0.01619783244153353,0.8097415858926275,-0.9485269060640128,0.02269862472255392,0.5715477506340907,-0.8051296379574819,-0.15842794837895452,0.9011759037351481,-0.7501355299223884,-0.12646263996971618,0.7796856953416438,-0.6425794120816211,-0.031330218614722065,0.6280632095511298,-0.6288710434308067,0.029048198786548938,0.6139434326459953,-0.40356939196988684,-0.2037746249565669,0.868746863003125,-0.38764261176503106,-0.14068467792284148,0.7482280693235527,-0.29151283625215973,-0.023346254261814726,0.6132363016823011,-0.2806465003838755,0.041306510689191306,0.6400129614252683,-0.0195277691102808,-0.2529915786335333,0.8419574311830089,-0.05775950835472935,-0.1670260738731595,0.7217311671935233,0.002102726009095182,-0.07004254180177531,0.5942250648459518,0.02422494609870935,-0.009600766761785872,thumbs_up
0.0,0.0,0.0,0.017073466209936158,-0.6548058654446397,0.08982426952263355,0.15916178479512408,-1.2082832754938302,0.06608700874207074,0.30380921019311713,-1.6224417925975347,0.025277242581268334,0.3401706396054684,-1.99653985288801,-0.0031090606249982787,0.5334162487495472,-1.162530172535456,-0.042234838808219155,0.8749322828590291,-1.0930531555944902,0.01799489884999538,0.7732992192157643,-0.9430412957115191,0.11367825073012894,0.6227715626586782,-0.9427312214103168,0.16705514717798745,0.6023543625179913,-0.7897279395830569,-0.11618512554300217,0.9025594558735792,-0.7115367912590312,-0.03328362512379745,0.7801059464238816,-0.6030599803188036,0.0773092356158475,0.6282319015348935,-0.5962828194903681,0.1349151259503904,0.6317818547525013,-0.3829211400558083,-0.16703703919032004,0.874424436808022,-0.36335366275976166,-0.060238784143013965,0.758525222282771,-0.26247590831173256,0.06427179375020438,0.621516109578571,-0.2558416102422644,0.12190751833210219,0.6439294130332458,0.00741619216072033,-0.21741686129777474,0.8438249730360361,-0.018520728072517735,-0.10544780127171355,0.7298038447630175,0.04129429413676218,-0.0016361750600477347,0.6042426355060806,0.05538056217093568,0.058282078473491684,thumbs_up
0.0,0.0,0.0,0.02050080795854016,-0.6269628493411609,0.08058600898361566,0.16087063577539826,-1.1861934599458017,0.05010702378545243,0.2926829982280403,-1.6124257171180456,0.0029184948403594636,0.3217330527976819,-1.9825714596640933,-0.03134857330489138,0.5271700018637934,-1.160171891372344,-0.050401080917282896,0.8639618027924988,-1.0676210106546002,0.0027594070494311885,0.7579844681229244,-0.9127134538435622,0.09147994288834431,0.6075780484343393,-0.9178118203590123,0.13910570259180352,0.5958837589647012,-0.793517624581271,-0.12350022380949076,0.8889064656548135,-0.6865004931161324,-0.048374325503137645,0.7615200262809689,-0.5719039279074203,0.055115174697940104,0.6148735616157706,-0.5766406692858261,0.10716840627931616,0.6272091628814754,-0.3872858276400732,-0.17466278693661785,0.8622002500415937,-0.3385359199608821,-0.07427347279144748,0.7427075494546761,-0.22690233977656107,0.044369528580231556,0.6096205331098903,-0.22941777633589117,0.09767844710172419,0.6413190186074444,0.0026800606747475293,-0.22641618190460233,0.8334201690591114,0.00891062269502093,-0.11838524078087763,0.715044222683287,0.07757232769286948,-0.018594021877458327,0.591990062413358,0.08255413734596652,0.03757749574762867,thumbs_up
0.0,0.0,0.0,0.004660457669385514,-0.6081029633043433,0.08740313929037422,0.1338685565460658,-1.1536063829105174,0.05196645769181811,0.2696444350816305,-1.5687519786694677,-0.0009755117266983532,0.2982288178073551,-1.9473520006361054,-0.0410499224261198,0.4917696513870204,-1.1574378704572756,-0.07229995122077704,0.8424660615896242,-1.0732306952116155,-0.03370365033306047,0.7528187774877654,-0.9113247477734084,0.05374411298904312,0.6133416764079023,-0.9051612137407606,0.10288264313582789,0.5588358911369633,-0.8149211329951522,-0.15364235670886103,0.876229538459642,-0.7129792561960535,-0.09975314144462095,0.7518013775243706,-0.5875715024422873,0.01092672332748247,0.6064069735606948,-0.5827397008533877,0.07329716629265581,0.59143340535241,-0.42623605512647916,-0.21175425592520952,0.8559033510061128,-0.37344080080876546,-0.1299713426695062,0.7357219503277651,-0.2579288248790425,0.0023015210846042224,0.6003660703954788,-0.26008819450120707,0.06987830071473511,0.6062676203022499,-0.04306718511079012,-0.2695662881353152,0.8215819763953283,-0.025242812764960675,-0.17456749052602413,0.7022318481977918,0.04260356287878109,-0.06840635301790465,0.5748959300541332,0.04256502867340242,-0.003872729753232344,thumbs_up
0.0,0.0,0.0,0.0085381276528061,-0.6124501272819505,0.09384559037431105,0.13623005704431726,-1.1576648441446702,0.05937388751727767,0.2699308062038798,-1.5665329831234638,0.005071257378393444,0.3007367998220111,-1.94094762938418,-0.037161816854746975,0.4768564255350622,-1.1743285266941452,-0.0704917597818694,0.8350205632451634,-1.1008490903538446,-0.03700597849885788,0.7449618588336185,-0.9253594467653646,0.04548364370223673,0.604787409033015,-0.9076886826558052,0.09090737731402597,0.5427781206057649,-0.8246844793551769,-0.15902012860752543,0.8734421376827911,-0.7328653362523317,-0.11232931729363402,0.7515904395999592,-0.595973190722065,-0.005948294343254589,0.6019055324158222,-0.5820657250607931,0.05292404493901655,0.5767283731651611,-0.4332992762594529,-0.22417747883625974,0.8569385059460293,-0.39129405469900214,-0.14803306419088655,0.7377789322771889,-0.27000511980437325,-0.014628599929407507,0.5963178230505668,-0.2614780550176599,0.053064220921986205,0.5933404690890509,-0.04840821605733294,-0.28886767850072764,0.8301497757021439,-0.05298295168382379,-0.20198503877046442,0.7184583581372579,0.018340548502356176,-0.09594871484895127,0.5888167188454227,0.029997201907906924,-0.031353130121276704,thumbs_up
0.0,0.0,0.0,0.002732756023772592,-0.5851585999485384,0.0821261275849345,0.12366703402555802,-1.1416010667978123,0.026882256127576897,0.24921153402164703,-1.56067160445331,-0.047027502837316416,0.269201937841206,-1.9372755719503736,-0.1078180627919871,0.4246248291016496,-1.182752137301895,-0.13636802256677652,0.8154181580343265,-1.1505669370737486,-0.13847162130875765,0.7401186740162464,-0.9620789350156365,-0.06676577756135395,0.6046061395766181,-0.9313612630977885,-0.025362064402642995,0.490511271200813,-0.8401150828133445,-0.23152822820228489,0.8735771539547817,-0.773978797051436,-0.2311162590462513,0.7526574299527683,-0.6124820365529962,-0.12640273973881885,0.5980451964796003,-0.5868415274554559,-0.060604970915347146,0.5333686768947791,-0.4598066978827596,-0.3024785222761314,0.8599902674680449,-0.41985645364316193,-0.2607963520637183,0.7392590177630731,-0.2878742344147876,-0.11754821514134338,0.5915240343152915,-0.2795199959792512,-0.03671973483192227,0.5630518019955321,-0.08021412717427237,-0.37396743562485674,0.8284454432298469,-0.07763540098141536,-0.306222205188203,0.7185685665545023,0.0023943755290838876,-0.19668057080134557,0.5867692425899239,0.012919585597210915,-0.12635757685827775,thumbs_up
0.0,0.0,0.0,0.026246156277409054,-0.527953340983034,0.07564507165042789,0.16120371895782656,-1.1002415238309389,0.008279918393043246,0.27278854834470484,-1.541926687212236,-0.07743221832531615,0.2740909678129128,-1.9265309903814445,-0.14769813647145127,0.3993875575694887,-1.1740031350007814,-0.1716117829968032,0.8276168733352971,-1.148087735004033,-0.1983861368040426,0.7522807059507531,-0.9583486189304693,-0.13703021021626072,0.6147299098174516,-0.9251704362854455,-0.10244695730513065,0.44472686587637983,-0.8524987931811958,-0.27470675709267983,0.8801515814319977,-0.7716011122955192,-0.31192435854663014,0.7600843278162775,-0.6024235971881333,-0.2172257593482547,0.6051755178648216,-0.5782439275192195,-0.15321339087049496,0.4803038309134768,-0.48914436720559035,-0.3521990871306639,0.8608810312970987,-0.4305523072450203,-0.3391991692253595,0.7423236747735454,-0.29775928566661286,-0.19284511053404296,0.5913699662404576,-0.29861217028290976,-0.10546635921227879,0.5089122952061443,-0.11832098361406569,-0.43084006398005753,0.817679737272716,-0.10455901176459725,-0.38125231973736334,0.7105805456942378,-0.026311762786354945,-0.270415244681012,0.5742812470095653,-0.022926987987271285,-0.19743315489228247,thumbs_up
0.0,0.0,0.0,0.05301958176674768,-0.517552999437896,0.08989575322798116,0.18439766683170836,-1.101918468349315,0.01387855317272541,0.27558548611256123,-1.5512165620582035,-0.0812022560721083,0.26799540149341206,-1.932493923908464,-0.1589469512697651,0.3463221207134095,-1.1948248480651498,-0.2140160802418823,0.8067413699073122,-1.201961542156814,-0.2577121912011032,0.729469134223405,-1.0199005893400872,-0.19563378197660222,0.5824357546921158,-0.9758685399549112,-0.15831319778372932,0.3766852636674959,-0.8661083022056295,-0.3285796722048256,0.8607502311085169,-0.8239349202766874,-0.38768491169739444,0.7485143408552893,-0.6605748076267675,-0.2847706956333018,0.5912698587843609,-0.6345966989341306,-0.21208182335331202,0.41351015646408185,-0.5033078897359222,-0.41250780937077275,0.8401249351176996,-0.4906508154124354,-0.4103629975706786,0.7314051585170599,-0.3665744211981098,-0.24352080477103935,0.5771177642524589,-0.36272901514695116,-0.14095783490586578,0.4511668105427922,-0.13861737629145218,-0.495938151782316,0.788849738349484,-0.17586060364690376,-0.4497886050392624,0.6903270419010357,-0.11025008648413225,-0.32513647496696735,0.5531502322134089,-0.10264784912919467,-0.242001362237819,thumbs_up
0.0,0.0,0.0,0.06789137759051579,-0.4941511152143273,0.11617173022453307,0.19712413025162548,-1.0740440083118656,0.04492647811028528,0.2695211779718249,-1.5103947163980702,-0.04884677877830491,0.24141389945850003,-1.8656660570791626,-0.12590916817204523,0.295410390499022,-1.193078241141698,-0.22271574419055357,0.7624011535559974,-1.198998822718984,-0.27311255953149915,0.6943595198825503,-1.011951576421977,-0.21379667894193716,0.5524046383425394,-0.9582540323797876,-0.17928977976401214,0.31173262829351234,-0.8827664495728681,-0.3514913142109362,0.8220818858766948,-0.8205519346155984,-0.4210212824588201,0.7273237368384828,-0.6476729201980249,-0.31565012368794126,0.583581210383241,-0.624081932594055,-0.24206198347700564,0.3455630536799146,-0.5329498295333666,-0.4454326693935712,0.8080479230118449,-0.5043850749104029,-0.45067701474940614,0.715081890796094,-0.36732134190331,-0.2735942957378614,0.5700286483317109,-0.36075211018229847,-0.16427040419159034,0.38740266491541936,-0.17484665359881577,-0.5357132654188086,0.7586349132868102,-0.19813299252273517,-0.4978224041663194,0.6887396740664882,-0.1152233852860251,-0.3683181508375026,0.5702520200978541,-0.09794639529790918,-0.28080784544246945,thumbs_up
0.0,0.0,0.0,0.08575276089530917,-0.4741911316443425,0.1122652904151137,0.2126385791568012,-1.0201973509554856,0.03998679578589441,0.273016787654071,-1.4331356075470008,-0.05480547065464435,0.23080482634564586,-1.7602872709211606,-0.1334191258738869,0.21560048755913042,-1.1746405022088835,-0.2184992815551071,0.65731901455384,-1.170432859731099,-0.2750476245672385,0.5972653476573293,-0.9508466863061982,-0.23466219416449002,0.4644826541033747,-0.8916478943159011,-0.21851702668573614,0.20505723762489494,-0.9126445546033193,-0.3535978312299946,0.6927189181247505,-0.8367650289581753,-0.43245094856785277,0.612187836777796,-0.6593207689099901,-0.3484575720401317,0.47936265853153265,-0.6405960034490861,-0.29866908758563554,0.22493447808057612,-0.5936841989592992,-0.45413593858657403,0.673225490596659,-0.5426217436521426,-0.4705563757851288,0.5833386582761007,-0.3913039114346619,-0.3096815343168815,0.43905608386255707,-0.38346973417291785,-0.2178650420905969,0.26095983921923294,-0.25900139852499765,-0.5506299177201576,0.6135344979027845,-0.26518157418031935,-0.5239851248326851,0.5440216660743181,-0.17313465430885996,-0.4054512271625003,0.42588582924682683,-0.1606547241325474,-0.3313681563695143,thumbs_up
0.0,0.0,0.0,0.07227138616707257,-0.46938846581856375,0.09921984070448576,0.17836621226615182,-1.0042601521871193,0.02692439607993327,0.2341934746115842,-1.4025594283667757,-0.06602166067786608,0.20772459813679667,-1.7068411629626394,-0.1442287543655726,0.1408176549330264,-1.1802101249625252,-0.21267137917442341,0.5539247618994354,-1.1979741807456485,-0.275599206360163,0.5050204659005675,-0.9800765295885805,-0.2485723693187624,0.3809047974328092,-0.910455180984436,-0.24263245538929848,0.12275044424375577,-0.9311028767557472,-0.34348179185385075,0.5933004658401789,-0.8893643449340526,-0.43056690267121156,0.5271221117751569,-0.7183775432842553,-0.3642665627501179,0.4094309012958721,-0.7020353515091479,-0.3288683851961612,0.14310515874888144,-0.6299177438230249,-0.44213447804210393,0.578915917169882,-0.603680806774657,-0.4735507271535219,0.49982838787583594,-0.454433802016604,-0.33005031270980784,0.3656073602229314,-0.4376336007963274,-0.2494350499669009,0.18200231031761152,-0.317020403532079,-0.536803034759942,0.525793669172552,-0.3335903283247759,-0.5295011981482901,0.4639995669899705,-0.23967902301980726,-0.424902532975981,0.349522639797607,-0.22317190088917752,-0.3592338391436224,thumbs_up
0.0,0.0,0.0,0.047940041853942586,-0.46293537587931005,0.06320112179506196,0.15898623320443706,-0.9771231788274297,-0.0046101338569991025,0.2294281819755932,-1.3639117692126268,-0.0868014741162643,0.21314846554343023,-1.6368672562852373,-0.1552284187479888,0.09055498226091827,-1.1685719614819756,-0.17842430128600353,0.4843033064710263,-1.2170664223436027,-0.2354296168658343,0.45988391531409656,-0.99755631291587,-0.22146663883798945,0.3529451770455206,-0.9028767211350988,-0.22622374291997638,0.06530896273079037,-0.9560447057848191,-0.28585527794295923,0.5184613156699369,-0.9251994487834051,-0.3611190344209854,0.46371007621041843,-0.7442910494708818,-0.32124435330931334,0.3528517799662847,-0.7178495840247969,-0.30832140405378566,0.08105215055846243,-0.6854018056255298,-0.3681798260875252,0.4954126046346033,-0.6451991337886432,-0.394797466132238,0.4242253141427077,-0.4913053350439997,-0.29315646616830837,0.30080887231329373,-0.4766640125617339,-0.2438725339247311,0.11650707637041731,-0.3920838744935084,-0.4495304023331044,0.43881672698734636,-0.3913135779539554,-0.44564212962672084,0.3823729636400632,-0.28948342138087596,-0.37153400144933896,0.2749843046675844,-0.28137035289675605,-0.3294686404666197,thumbs_up
0.0,0.0,0.0,0.08851141311508778,-0.47075663379909355,0.06089513714690771,0.1489069139598161,-0.9852503926085181,0.00375345307873226,0.16322232555942287,-1.3668931197023628,-0.06697687682649625,0.12021736086686066,-1.6244887932143854,-0.12476094078172918,-0.006925859300670781,-1.1644659438104235,-0.15186104143247683,0.3409642515350671,-1.2468001330436151,-0.2084801802324702,0.34058233649930886,-1.0215321502791062,-0.20203871451034422,0.24884026704910653,-0.9230629470989183,-0.21094841498915962,-0.04286650555353667,-0.9663821337956433,-0.25351136894073917,0.3566282312470804,-0.9766217932054181,-0.33204911443224416,0.3307541277985986,-0.782795729760496,-0.3019724944157227,0.23693414690440323,-0.743599074296874,-0.29384898917144747,-0.02754483234429273,-0.7173611528147757,-0.33238057980637203,0.3361205718392717,-0.7004263708816332,-0.3680757641268908,0.29566096757054416,-0.5343862055076425,-0.2790098528907645,0.19312267053150065,-0.5040040705351582,-0.2343947458461171,0.015475497727446007,-0.4523241542123131,-0.4101422029230195,0.29847624648858256,-0.45140718252833584,-0.4116735763660196,0.2594027701480269,-0.3342782628759878,-0.345084824695282,0.1648100814076798,-0.3143425370264222,-0.306376830971087,thumbs_up
0.0,0.0,0.0,0.12763978033666312,-0.4946438075412837,0.023736633557540344,0.14292495409119282,-0.982713349429327,-0.02073220301952589,0.10758708460969943,-1.3282346850403846,-0.07153006576583078,0.056294303693575735,-1.5962723818749125,-0.11335581533179011,-0.07039945180079456,-1.1648066325585305,-0.11899376204312022,0.24022431389364376,-1.2183651148625172,-0.17389876743350438,0.2995770863263456,-1.0026619995337251,-0.18551500899779436,0.25449005238620037,-0.90898500804266,-0.20786840031378953,-0.12328461145413051,-0.9726751059817459,-0.19673337993844067,0.2554006349060063,-0.9481263683249391,-0.2765319727096007,0.28961983062256275,-0.744265062537001,-0.2692522011473588,0.23306692018973643,-0.6899153609372163,-0.2799403834604097,-0.12340772260189603,-0.7297000604800881,-0.26149049547589603,0.24040405128078512,-0.6910564407680932,-0.31867737535992197,0.26002980960583555,-0.5211831815728131,-0.2703664140682584,0.1896897542489332,-0.47916374175137677,-0.25031632559260414,-0.09381379070820463,-0.47269107742259914,-0.3264612426675147,0.196118258258658,-0.4557322112806452,-0.36021268120384514,0.2006410245144226,-0.357997929369146,-0.3318154572920149,0.12297377821208877,-0.35033863978818036,-0.31719354382761394,thumbs_up
0.0,0.0,0.0,0.13036945554276194,-0.47686703672105835,0.02831195311312506,0.17350383980142517,-0.948106014960156,-0.028778042124619367,0.15704883924973959,-1.2959494648734793,-0.09067890055372467,0.10492716352389471,-1.5591164114971385,-0.13938487399783406,-0.037648147971962344,-1.1511759505545243,-0.15394722603917485,0.2742378129804082,-1.2430485499388166,-0.21425283971781253,0.36372852466465083,-1.0073365179225349,-0.21817728071101553,0.35546888571585555,-0.8671757272408028,-0.23357430087116066,-0.08783037839540357,-0.9685280814501336,-0.2328930228097076,0.2989981058778524,-0.9608166952991668,-0.3153087352708698,0.34361301167052793,-0.7417281034435838,-0.29653150958123126,0.3038154457328726,-0.6719236474524135,-0.29802105466572637,-0.08935235057683943,-0.7341673570212247,-0.29524612747683815,0.2739914164877723,-0.6879946320657435,-0.3416344081599492,0.27358597476744834,-0.5092117268078803,-0.2773437123446239,0.1974153421055082,-0.46890686427869743,-0.24909023412122985,-0.06369011466538192,-0.486470237012976,-0.35749115555530914,0.21721062206605798,-0.4509993605232659,-0.37471744305442783,0.20783964428793564,-0.33788293350365645,-0.33329444313048606,0.12872543881096035,-0.3273132656312591,-0.31172125590254596,thumbs_up
0.0,0.0,0.0,0.12592441064019338,-0.5033838489263415,0.026853758021556633,0.13418963564605038,-1.0043700091530168,-0.03875823658093791,0.1063054109142029,-1.3738685433994082,-0.11609085912620554,0.07346596900088875,-1.6607557531931247,-0.18201471029442606,-0.11265918020551649,-1.1635915847189995,-0.14291870889976124,0.198602952590085,-1.2584514371946744,-0.2160367642666951,0.26258613681775494,-1.0202803212758182,-0.23051649654424766,0.2115771973684484,-0.892144640370013,-0.25413907815502285,-0.1761103315565199,-0.9552653519412648,-0.23759890256392927,0.21691279276562667,-0.9800132037789113,-0.34056416325524064,0.25339985576007173,-0.7517366118188983,-0.330098083320553,0.18175705352617255,-0.6815608775968541,-0.3344851243374486,-0.18270597577707023,-0.6955890716866433,-0.3180616097150761,0.19825034860579138,-0.7015221809299236,-0.3844549442594889,0.21241097611691118,-0.507340849194526,-0.3168134477109452,0.11962950064724896,-0.4494067454214548,-0.2829004443840537,-0.15522208624178746,-0.4158293550548354,-0.3999441135040754,0.14903716956267088,-0.44105056440608637,-0.42747642400903185,0.16139725434961216,-0.31913456395249706,-0.38166853127953754,0.06986111287872934,-0.28828327877691384,-0.3555764112396417,thumbs_up
0.0,0.0,0.0,0.12324203840093104,-0.4971224219385697,0.006281655712731476,0.1091120789816443,-0.9990051482421415,-0.07287907726151437,0.06061374385759431,-1.357602993239555,-0.16112095946867475,0.014796647342182605,-1.650516238802425,-0.23687307289692963,-0.18188701023067808,-1.1620908443592521,-0.1746540699777043,0.12686975559053115,-1.2494707127480997,-0.26752241554491957,0.22181150494402754,-0.9904329496820401,-0.29006999811932493,0.19010312036955448,-0.8412486094330799,-0.3171869474919403,-0.2570330634839146,-0.9293337975236383,-0.2650899414469864,0.14857308892866347,-0.9484948700774184,-0.3944337968771237,0.21418037651585387,-0.6880792080404833,-0.3899370819679473,0.15153450451315598,-0.6016886029276343,-0.3936242438071985,-0.26869097537684483,-0.6455546980334537,-0.34328512856748694,0.12671223451241412,-0.6441388433398926,-0.4297959268021733,0.16571516814213713,-0.4307306195030989,-0.3610963101900321,0.07863624131025633,-0.36877258632219806,-0.3218003062282753,-0.24174646860691387,-0.34448652541140484,-0.42482054000862035,0.06477950514663681,-0.3769942014895553,-0.4615476272586425,0.08966039887173044,-0.25961752948662226,-0.4161520034500998,-0.0008607160319925923,-0.23756341959685182,-0.38820287727209085,thumbs_up
0.0,0.0,0.0,0.10933088116571611,-0.49688040625385027,-0.011230374696651713,0.07318624600446845,-0.9726755878738671,-0.08233168866034733,0.02022914924685934,-1.3132670840558474,-0.15519542388102472,-0.01887631586167438,-1.6222266923032054,-0.21841825064823586,-0.24576264920848742,-1.149484049048497,-0.17211679837510768,0.06696276340789849,-1.243270182534686,-0.25720737296197604,0.16726209804807307,-0.9896320302223137,-0.280538550907234,0.14881079384374032,-0.8237172015574806,-0.30811467188023894,-0.3227813211842205,-0.9138228941781653,-0.2464546951681188,0.07586067627269152,-0.941269139632086,-0.3694700926964229,0.14602566922103316,-0.672159547806163,-0.36816906797847115,0.09153915522703741,-0.5605550397404011,-0.37522410042712623,-0.3384454508703926,-0.6284358634692225,-0.31065532206660934,0.05460648168505516,-0.6266518687403356,-0.4026464548376076,0.10143126738673672,-0.41927839260051664,-0.35022338024913025,0.02578914901500692,-0.3488299283951885,-0.3208227791120336,-0.3147231821568437,-0.3243377775177782,-0.37828259325065705,-0.02662257793792433,-0.35351364666403556,-0.4317285656703886,0.01563201465740165,-0.2426490532428874,-0.4044177597374971,-0.058864895454353146,-0.2143325783619572,-0.38625817517899924,thumbs_up
0.0,0.0,0.0,0.10120766133465132,-0.4919906488058228,-0.030417316679801115,0.05840294738474863,-0.9697088329815488,-0.10177660987272585,-0.00632995971460508,-1.3012616261300456,-0.17202084591125877,-0.04201798561847836,-1.6077655307252474,-0.2324956526533061,-0.27750535761798,-1.131928839959684,-0.17079049842482233,0.005401368591474878,-1.2131925758087154,-0.2541247946522973,0.11482687069003646,-0.9543102371043862,-0.27686054746380967,0.10471371252080411,-0.8032882382328658,-0.3025380702797472,-0.35612918708102737,-0.905327150697145,-0.2314189541061732,0.00416826822324359,-0.9250127104801278,-0.34844855925251067,0.09293833810600857,-0.6656180259138168,-0.34660105380286094,0.04871413819796525,-0.5611714501822336,-0.35282020704592054,-0.3726510540683259,-0.6241061891939728,-0.2856828066643597,-0.012211831310246161,-0.6100530970663733,-0.3790112674475605,0.055290641715898654,-0.42163394979977203,-0.3344428023910952,-0.0043763908538177266,-0.36466517040940283,-0.3079483291301778,-0.3507030306361632,-0.3274443017870807,-0.3448240507285253,-0.08379467101799921,-0.33911823667877433,-0.39965020620706315,-0.023104090779090924,-0.24319744312051772,-0.37795351730758575,-0.07870172052542877,-0.22449615179289434,-0.3624690458191133,thumbs_up
0.0,0.0,0.0,0.07711367130288488,-0.5244296844098675,-0.034173212598489745,0.022484584555859253,-1.00955131296803,-0.10003756290235023,-0.04833059182070518,-1.3423162789228498,-0.16389462042469258,-0.09266513725900212,-1.6231820004687045,-0.2188918041188148,-0.342623554181132,-1.1190780579072692,-0.1632614708509174,-0.05360663221189118,-1.2438254998626956,-0.23605493650406953,0.04949294316740895,-0.9997323827773562,-0.25875899547658343,0.024609475419825756,-0.862166645815977,-0.28726451626089394,-0.41818870758165205,-0.8808252285163393,-0.2219574320907634,-0.04836939392751688,-0.9565716010701188,-0.31995148712180305,0.03146984006929493,-0.7366714073755951,-0.3166309825658944,-0.01859419783195077,-0.6382518606144657,-0.330356276818575,-0.4218351545899411,-0.5941930193615798,-0.2751015774266097,-0.0590185750801219,-0.6566563275564911,-0.359027015642246,0.0036039358765613603,-0.4940052187476227,-0.3184370399419027,-0.05934734685279053,-0.4291433126705963,-0.299764833707715,-0.3822765969016122,-0.2952593060058086,-0.33386071096902875,-0.10770304591907984,-0.3710689221895639,-0.3891380686991018,-0.050001650200097,-0.2941970032286298,-0.37104016693185177,-0.11011628969445264,-0.25899169955306556,-0.3601184437753342,thumbs_up
0.0,0.0,0.0,0.08013947863085745,-0.5142983472643617,-0.04948358010996364,0.017855049341393828,-0.9856425450487882,-0.120618148927989,-0.06275653780283079,-1.3065157457853795,-0.1868361962005032,-0.11247596655009702,-1.597989931485196,-0.24274845212248336,-0.35255183648824784,-1.1049723413891772,-0.17762922317142618,-0.08465034076726885,-1.216026188471825,-0.25776326999539534,0.032506346555977034,-0.9752545161419651,-0.2815253489744051,0.019793407735506315,-0.8371040159022624,-0.3092569924273835,-0.4359246645581165,-0.8706442887934045,-0.22792145406108652,-0.08728937810860783,-0.9072888513918916,-0.33443245170009267,0.0059710283934414155,-0.6916682314157891,-0.3327687737449804,-0.042317493429899045,-0.6019426034230054,-0.34499707468419505,-0.4483696342387644,-0.5825376785161498,-0.27456604556502406,-0.09962551852057822,-0.5850984012728416,-0.3661929990996243,-0.02819769248399481,-0.4317263848021039,-0.3308265768739999,-0.0904993104245893,-0.38617626617411255,-0.31332903699131176,-0.42017715628938257,-0.2785449885410996,-0.3280050308212141,-0.152842741207542,-0.29310338978721107,-0.38712344093571754,-0.07855503263222291,-0.22898392714133223,-0.37401185577237345,-0.1271486047304101,-0.2216194592208122,-0.3655772977534947,thumbs_up
0.0,0.0,0.0,0.0880191259105746,-0.4853557994407071,-0.06534403295841988,0.0288707629664564,-0.9632257738371097,-0.14353358330757968,-0.05267338769754291,-1.290447135210423,-0.21360632971258692,-0.10599209853422206,-1.5860621267402453,-0.27295527253697127,-0.3513418582785463,-1.0906444780336533,-0.18633442259328523,-0.09477734600239675,-1.2125700330450946,-0.274982072838554,0.005497363853073416,-0.9594520176084407,-0.3050396000965833,-0.015343307173342813,-0.8085269606816043,-0.3357135225454008,-0.4409804224631014,-0.8677722609890604,-0.2291452597419338,-0.10471275522914551,-0.910121340551603,-0.34487424706267006,-0.01874885468198194,-0.6855423745544902,-0.35200635130809654,-0.07437576674825289,-0.6029814352424384,-0.36703880277158574,-0.46138727005220875,-0.588555009928649,-0.2697905118831638,-0.12914825067127136,-0.590222294262893,-0.3692911596505594,-0.05907489361834761,-0.42271414726382167,-0.3394901284643458,-0.12425176436781943,-0.37535698848449894,-0.32317550795248084,-0.44279579490378795,-0.2942472359852586,-0.3185241189597405,-0.19297412876015585,-0.29835232258920896,-0.37974822982665274,-0.12191224049216882,-0.20666662711950554,-0.3686245476487732,-0.1760713944374686,-0.1827660113580886,-0.36048817902432273,thumbs_up
0.0,0.0,0.0,0.08807217664902973,-0.4855330064634557,-0.06974850785921569,0.028226024965435043,-0.964583508492158,-0.1513555832065207,-0.051106904991266015,-1.292561900967719,-0.22335764886545703,-0.10618808713033691,-1.582198571745134,-0.28420628724157815,-0.3444346247616959,-1.098581979604468,-0.2009701828457158,-0.09212328067563508,-1.2044739237167683,-0.2933183619091696,0.010731825593239624,-0.9519801157935565,-0.32500902364967643,-0.0064148551510809955,-0.8050285572239662,-0.3563233093755667,-0.4359694039765681,-0.8669782704794484,-0.2414111375077383,-0.09909730682882345,-0.8955663846877034,-0.3603419133616942,-0.011312852517764701,-0.6733813481376072,-0.3663413404116744,-0.06472929459218527,-0.5917119159986648,-0.3804737015356663,-0.45867004360324265,-0.5805288744140461,-0.2794165050751753,-0.13039054085454965,-0.5686829644638156,-0.38160008576241583,-0.05796692081322966,-0.40715899327602006,-0.35056997433514314,-0.11645204460083165,-0.36437531553608987,-0.33310829865702124,-0.44230530342523633,-0.28009093108644606,-0.3256142245489963,-0.19884026220559653,-0.2761712464374935,-0.39010960873340483,-0.12911343591606467,-0.1906792040063098,-0.379730434598305,-0.18055395122094,-0.17271988032846955,-0.3717252535946142,thumbs_up
0.0,0.0,0.0,0.08392439623465313,-0.4803406059461607,-0.07901832367764576,0.02019183118167714,-0.9635288315420705,-0.1699861842510935,-0.0649173681372483,-1.2922001249661985,-0.25019010636806466,-0.1244524564739039,-1.597926332837447,-0.31911695142302315,-0.36527907799761417,-1.1019276674790017,-0.22669132511393847,-0.11721434243431948,-1.1985093852157518,-0.33081615112173196,0.0026670735876470485,-0.9419063701230266,-0.36569922388637927,-0.0021772705362790635,-0.7893399784894075,-0.39824852200667865,-0.46103445404376264,-0.8464122158753105,-0.2665212430588154,-0.12952898692594028,-0.864218266767391,-0.3997808251074033,-0.0200348642599043,-0.6414110776122878,-0.4064118493593783,-0.06596907574346841,-0.5614325823074752,-0.41896676723963533,-0.4857473417972597,-0.5413628365093993,-0.3042342511179651,-0.1608660541603046,-0.5141560162110802,-0.41976324526696956,-0.07041082066145611,-0.3602530185980163,-0.38872486338250967,-0.12441806210805308,-0.32776466573505325,-0.3690609808449219,-0.47360286659730655,-0.22808920889206816,-0.3503881042423784,-0.2322792318718798,-0.20199119279597114,-0.4219759332309733,-0.14609898420559672,-0.12257489434940311,-0.41245522199934515,-0.19090807121419123,-0.11827452683892216,-0.4040693543304879,thumbs_up
0.0,0.0,0.0,0.08633503446524755,-0.4945574074109675,-0.07347667166952748,0.02033407605864052,-0.9740781337498119,-0.15758822993647686,-0.07149087550977946,-1.2975417048829179,-0.23319608534671812,-0.13792257443577274,-1.6090925241717868,-0.29850015128924395,-0.36560629612735074,-1.1033761608255082,-0.20035608542655778,-0.13465827855698564,-1.2037210596054966,-0.29458220088794806,-0.010368333061656576,-0.9512019366625907,-0.3260184499441382,-0.010981473102681159,-0.7966121721116373,-0.3570981185401488,-0.46382925797762736,-0.8526088252545292,-0.24066697019328384,-0.1486553209180384,-0.8747860812572494,-0.36419456377675563,-0.03265288857155624,-0.6553653374723102,-0.3727658229044931,-0.073270331308086,-0.5711335854402434,-0.3868819985683283,-0.49022484033806196,-0.5535977802669447,-0.2796959608589096,-0.17716146433949942,-0.5295453376387583,-0.3889625533655542,-0.08060034337399945,-0.37935668458982474,-0.3647452329456757,-0.13016056857680405,-0.34333181500963483,-0.35013979852268956,-0.47919728532663736,-0.2447282917895558,-0.326701291282279,-0.2420638801726043,-0.22023527526396652,-0.3956303067031947,-0.15119493539928133,-0.14773493601683377,-0.3903162094348992,-0.19175723409438594,-0.14686439284537925,-0.38518108928706973,thumbs_up
0.0,0.0,0.0,0.08515787009507242,-0.4930965689927445,-0.08114849671891858,0.01951110870117764,-0.9919818262447243,-0.16961612022456185,-0.07274171001250473,-1.3360954875830227,-0.24591650225778564,-0.14158656728625146,-1.6557186846835696,-0.3112932648273995,-0.36550200305593483,-1.1093253851946379,-0.22414564376824542,-0.10935810341964253,-1.2106863314141234,-0.31948733458172995,0.0024308006687555465,-0.954129677497609,-0.3499117992020277,-0.008605644034228203,-0.799995970092755,-0.38072728642990195,-0.46518823381467794,-0.8457795893552889,-0.2612599727290405,-0.12203592857419855,-0.866016988256281,-0.3841033902753935,-0.023184843045218693,-0.6488178685010393,-0.3888254565745157,-0.07303031842523924,-0.5689300765225234,-0.4030244988142515,-0.4906137008096644,-0.5384276581307794,-0.2953212475165541,-0.151379242480386,-0.507449896274927,-0.402256859436394,-0.06795415369536502,-0.35971267562985737,-0.37333463356272184,-0.12789163101853718,-0.3317456846023201,-0.3575725088096216,-0.4770087887333839,-0.22514248860726688,-0.3376321749903566,-0.22720788250882573,-0.20405391613876842,-0.40660363646560116,-0.14401328712055098,-0.13467324038427553,-0.39941662323832916,-0.19245775794846437,-0.13465062371138667,-0.3934204761720185,thumbs_up
0.0,0.0,0.0,0.09221285352178701,-0.5108945418721232,-0.06780846569911403,0.030478247351341553,-1.0153548377696149,-0.15142320485740304,-0.05952572562985488,-1.3595678074341988,-0.2269394509000478,-0.12853412692486085,-1.6853478360940835,-0.29335085806421507,-0.34878464726347663,-1.1220212655232609,-0.20843708878555622,-0.07645684009720222,-1.2163435290526068,-0.29689805363534155,0.02867875301250023,-0.9687521492467176,-0.3280785203054901,0.013946403438316204,-0.816382730553088,-0.36144776018764263,-0.4503941934472856,-0.8563117694455831,-0.25273544274189796,-0.08409702992194727,-0.8706263031118284,-0.36631829566419316,0.002463457667501958,-0.6649614058731989,-0.3728439543644695,-0.04574424691380332,-0.5836008569262666,-0.3933965945769289,-0.476846264363184,-0.5480945377656522,-0.2922383847797867,-0.11368995977740375,-0.5054324889536318,-0.389142022690268,-0.040636142482240574,-0.36168656051845427,-0.36126810827280054,-0.09717363644106787,-0.32909810977544196,-0.35133107144405595,-0.4630201577908369,-0.22838513722460607,-0.33984215049914845,-0.2002447945050554,-0.19428687651661608,-0.4053104470935281,-0.12455143785605202,-0.13176543165317714,-0.3997204857802437,-0.16898154316147945,-0.13225237115186608,-0.3973774489449787,thumbs_up
0.0,0.0,0.0,0.07677238712656946,-0.5175357128386394,-0.07508854632787818,0.0013305235996051855,-1.0368359219496663,-0.16604055755311706,-0.09760822442472884,-1.3934635758783556,-0.24835480795740356,-0.16862111181034375,-1.7317394491753217,-0.3223048384115318,-0.3897651394120208,-1.1137632993165147,-0.23072529224741053,-0.10336533169888719,-1.2018390518524438,-0.32733617007898674,0.008755492291641286,-0.9591779060272994,-0.36579439769689776,-0.004378422277741481,-0.8190156548497629,-0.40432996440450547,-0.4862407388493128,-0.8294763518453626,-0.27484342017334523,-0.10575935879957654,-0.8438511245196388,-0.3921632045375096,-0.009304303370643757,-0.6458478679337238,-0.4015815921672312,-0.05288360616594296,-0.5643891584547641,-0.42724547947038505,-0.5063312187201426,-0.5048932941654443,-0.3137555923607721,-0.13273525408973855,-0.47076652366186095,-0.41237637634686924,-0.04999922739231637,-0.3427535309366041,-0.3849990407313392,-0.10081964300737413,-0.3129049071459103,-0.3778748207186374,-0.48895852911971305,-0.17227799730842253,-0.3613633151445647,-0.22162730589452087,-0.15780835812465996,-0.4281506380766601,-0.1271187302449343,-0.12321973750910356,-0.42127546865643367,-0.15311766691985929,-0.13499670732382657,-0.419739817034123,thumbs_up
0.0,0.0,0.0,0.06408539073160938,-0.5073346273252131,-0.10695268699544186,-0.03195446667458922,-1.0385865475152902,-0.20823473598063802,-0.1414804558639782,-1.4015046061208756,-0.2911871502288942,-0.22041910494716155,-1.7399596920415201,-0.36427398432584956,-0.41880596901327666,-1.1189391554579284,-0.2753697529921545,-0.10631457981914742,-1.1701594649448674,-0.38127713753943376,-0.0024986281723120554,-0.9213396070172741,-0.4213126310284456,-0.03598570247949563,-0.7998829871410049,-0.46083030363838695,-0.5147060874348991,-0.8008411674534228,-0.30615526791041237,-0.11404175104143216,-0.7932813066817187,-0.4318214103603888,-0.017114693513971123,-0.6054857011387422,-0.4356644284419145,-0.07848642477252209,-0.5510460897860797,-0.45741802764472034,-0.5276031045387715,-0.44857139195753787,-0.33338814063224365,-0.14088888458010582,-0.4068015879215949,-0.4425972801023507,-0.05698015860693844,-0.2970461414132273,-0.410846032119376,-0.12845783831876106,-0.28940557856851573,-0.3987213558068221,-0.5046088677680214,-0.09770365817561204,-0.3705861513250395,-0.23222079002904847,-0.08431004107456098,-0.44558707238091344,-0.14566431476032357,-0.06276906883612972,-0.43934457886832917,-0.19782534698689272,-0.08410075927383431,-0.43662966495890243,thumbs_up
0.0,0.0,0.0,0.058137110471792784,-0.5293369829605074,-0.13587014072821743,-0.037157087994534384,-1.101364986413976,-0.2588090289163424,-0.16219549851205786,-1.4924690828957705,-0.3592840332155868,-0.25826705449607407,-1.852393019111794,-0.45127979365372073,-0.4459980876485387,-1.1196342522555236,-0.3343676395334166,-0.12862029088106494,-1.1668242690545703,-0.45723280654444654,0.0011994168246208191,-0.9211694936709677,-0.5093763407739175,-0.0016193602669539637,-0.7841806242154051,-0.5543562813182474,-0.5465441682941288,-0.7600190095484224,-0.35165403058789707,-0.13443451975826468,-0.7167199563863712,-0.4847783011929857,-0.021355031637177953,-0.5690016489085634,-0.4999471572286489,-0.04986140721707972,-0.5085431565679956,-0.5345573567326307,-0.5551371398774573,-0.3701789751228253,-0.36316828733457657,-0.1527806248931589,-0.29195078370875693,-0.47689787485382784,-0.057107742344186634,-0.22359855735431408,-0.45638350963037844,-0.09793502020896391,-0.22936506791673267,-0.4561857598113057,-0.5229226280661423,0.0037152355139508453,-0.38680689368097665,-0.24472362791792618,0.051922426378833805,-0.4676441967090144,-0.14132550099396785,0.03089763666110377,-0.4666329526321211,-0.15427676388752162,-0.018890884588591204,-0.46974391392067877,thumbs_up
0.0,0.0,0.0,0.04276353350436237,-0.5583751615102333,-0.14162551912046076,-0.06010159771948093,-1.1506593618784735,-0.2756386856835709,-0.18558106970334262,-1.5664797012152716,-0.38454718302454394,-0.2908448890760169,-1.9424539595697616,-0.4849238728454867,-0.49273923189775276,-1.1015675163150218,-0.3757343805927926,-0.1300511677931386,-1.1296896521977833,-0.5097755287058738,0.0011304074423480338,-0.9099335862278576,-0.5669290681616027,-0.01607084497944509,-0.8049069466106802,-0.6172367695676303,-0.5901151732233338,-0.7022315827794748,-0.39828992766404187,-0.12334585668459778,-0.652260839385111,-0.540473500421582,-0.013038281845074853,-0.524612841506447,-0.5495075015760759,-0.05363022298340577,-0.48164426722389864,-0.5861517738003734,-0.5868850585770503,-0.2799353279703585,-0.41303888766108454,-0.13507617060900526,-0.2091012578587343,-0.5331454008004096,-0.04358570161752498,-0.16098407838152204,-0.5029028000623118,-0.09362903782119227,-0.18065832190886602,-0.5005775892817923,-0.5394266691641183,0.11588760894796515,-0.4405825809228437,-0.2304506202659017,0.15957609632228587,-0.5308887728283546,-0.13311003181536368,0.12188798549727849,-0.5279413042706085,-0.1543418068449921,0.06417227930630501,-0.531191763774089,thumbs_up
0.0,0.0,0.0,0.05973391531949141,-0.5849021359150255,-0.1434349991226278,-0.010293112268980012,-1.2690849960168582,-0.28322652678563626,-0.10789708558383321,-1.7292815286800385,-0.39075600360624785,-0.2319268774205621,-2.134403110443796,-0.4917050494194827,-0.42976969916368885,-1.1848936917021569,-0.42569449042542423,0.10227437742527898,-1.1585754464088998,-0.5788823805124184,0.1351741241062972,-0.9063119437762338,-0.6515850245676874,0.025908891695049122,-0.8330668844612376,-0.7133248996260693,-0.539308681358213,-0.7040269096408516,-0.46205220128597696,0.09771830331964715,-0.6325763430400788,-0.6323851433236747,0.1029550055521246,-0.5022802768387558,-0.6213250366105932,-0.01718395358779406,-0.4761814595242732,-0.6506809545356257,-0.5284993781489203,-0.21624065358545333,-0.4890135110444695,0.08553222334109122,-0.18077761347921226,-0.6289431345017424,0.08715338133183724,-0.13039668195744414,-0.5701333588465173,-0.05866333423890328,-0.14477189051814793,-0.5540752112772626,-0.4693168425248739,0.23552997849032664,-0.5303795651723943,-0.017547949817218706,0.2223410189904861,-0.646854679155742,0.0038991281447878987,0.1972055440218438,-0.6443531332989361,-0.11656536042949611,0.16688809001786956,-0.6482610920818946,thumbs_up
0.0,0.0,0.0,0.09649544261584825,-0.6197045999817484,-0.12372207419149316,0.07066864157008464,-1.3592960858179948,-0.2646221805109796,-0.0028351190907585054,-1.8520551031916024,-0.36487922743809137,-0.11838231771020323,-2.3200805742870485,-0.4555694857663671,-0.3038408703732712,-1.234334814326606,-0.5125215988159673,0.30502573250294546,-1.270532746042281,-0.6949931996239115,0.2300349893681171,-1.0372210827401982,-0.7668823897257631,0.05989068591632073,-0.9487229260431249,-0.8230237224358686,-0.4194065376255515,-0.7126781994022463,-0.5623058956597541,0.31868913611144956,-0.7334822681188896,-0.7655440392769866,0.18246457389784154,-0.58496885420912,-0.722719105902669,-0.025593625358690517,-0.539304092610572,-0.7304570951596434,-0.4049530297167035,-0.2111016239232145,-0.595512975769149,0.30509195469239503,-0.26029941290910896,-0.7686053439348203,0.18952812694537746,-0.16675659698018652,-0.6602944646971642,-0.03166046087479997,-0.13509562104391334,-0.604083193996979,-0.33597798385168715,0.2520902159840949,-0.6402437837558261,0.18468765279766433,0.1924834761000919,-0.790649239198381,0.12226830936731578,0.21189776180081968,-0.7691740453817716,-0.06232383631712027,0.24689486448114253,-0.7507486041299472,thumbs_up
0.0,0.0,0.0,0.09065339921910591,-0.6482674672958345,-0.09106496729196924,0.03318770248872047,-1.2952165784004517,-0.2233998163803725,-0.05418081534709216,-1.722859188480194,-0.32593625126736603,-0.13810834146846385,-2.1625495774671233,-0.4189955137765022,-0.2924976297242853,-1.2592998512441234,-0.4506077532649301,0.2720277565741704,-1.2926042091095147,-0.603559397343249,0.26893002980163305,-1.084073355322667,-0.6524025112232039,0.14268415887530408,-0.9567310879663602,-0.6975793230334236,-0.3593893680834625,-0.7795576917608611,-0.51296107778763,0.2875312971614269,-0.8301234896410926,-0.6896618692827762,0.21591665715436678,-0.6914460942191375,-0.6483799521121697,0.05229675579643874,-0.6430473785179546,-0.653552790675935,-0.3271448236313326,-0.30438109276386405,-0.5562876436953573,0.2826503705572214,-0.3741784799629478,-0.705317280674011,0.2102412978619057,-0.26313268153380176,-0.5941301418793441,0.027676727443338826,-0.22278797338585188,-0.535471941373194,-0.25004847499226374,0.14150009996414648,-0.6071513709285521,0.19868475707078218,0.057744548211079647,-0.7336511348288433,0.15714833151097882,0.09267688451010682,-0.6946177397866488,-0.0039515812206558495,0.12955502702164853,-0.6648336254420073,thumbs_up
0.0,0.0,0.0,0.1095460122603148,-0.7157337851624617,-0.02113271630943559,0.09414746385489757,-1.3969542278547775,-0.12627000767524776,0.015449326800818694,-1.8155514269750912,-0.21917449689709761,-0.07930073788300912,-2.2213406919605214,-0.30508529277063645,-0.18262286315854212,-1.3185479357021024,-0.36030476925108085,0.3459594897318002,-1.35994672389093,-0.476790637327727,0.347885142592453,-1.133010746002344,-0.5053218463978975,0.21554041602991314,-1.0316526191283215,-0.5411330480102954,-0.2263062865239647,-0.863391077125835,-0.4509338007060716,0.379467079705404,-0.9395605024377949,-0.5870456494774385,0.3167468620784978,-0.7657436992806936,-0.5360060986947247,0.15825139275648675,-0.7131809929441729,-0.5362951298448371,-0.1883583352679699,-0.4321914131509978,-0.516646933602128,0.37839471328293584,-0.5307459967614,-0.6225938634981908,0.3085740269898115,-0.3932017195563597,-0.5048794985204332,0.13124121256763563,-0.35007253975929803,-0.4485904039327362,-0.11518915406573356,-0.039032357916547404,-0.5843935907310269,0.3216761617248547,-0.13157388958080515,-0.672550578086189,0.2687483220811965,-0.05824203429227056,-0.6151038538682823,0.10215566177498933,-0.010274772739559441,-0.578325899660965,thumbs_up
0.0,0.0,0.0,0.07971803059630783,-0.6139974128182804,0.048861665843706346,0.1383387134706933,-1.2696508973288239,-0.049241912349436666,0.11923193644853397,-1.7272585179189452,-0.1582117308940189,0.04729682608432178,-2.0571950485514807,-0.25421637573673994,-0.004354554322846519,-1.243989935507864,-0.2713100143243215,0.41212564778342026,-1.4110782277699208,-0.35827411036848045,0.39181854601550004,-1.17135892411429,-0.35238811277742893,0.2714074052191069,-1.0380281035695753,-0.3614469945102105,-0.03306896818775321,-0.9216864453294173,-0.38652363425671643,0.4468283913195708,-1.032512141782382,-0.4867868803455192,0.38265947640535924,-0.8335938017293222,-0.4341572341984538,0.24145021139235068,-0.7424475988751388,-0.4173276005846524,0.0028106210731402774,-0.5795649460491954,-0.4709432584043477,0.44071280321020456,-0.6735438552656963,-0.5097653372125942,0.3766138965184816,-0.5192386570315162,-0.3826423054990533,0.23577632906652654,-0.47194268862832717,-0.3223567295326602,0.06614072383918863,-0.24962809378623557,-0.5558036234442466,0.41355261476860106,-0.34291013708209983,-0.5535757967010415,0.35172238188404636,-0.23172936064003558,-0.4588020314944484,0.21992541683572378,-0.18992062170608173,-0.40625300737389347,thumbs_up
0.0,0.0,0.0,0.07527326095083402,-0.5631337632667814,0.06258796273561415,0.16935010995626784,-1.157225354676028,-0.025626692603954056,0.19168227157989914,-1.5834135711268997,-0.12541286017248013,0.1377707649347382,-1.893021406090716,-0.21008591929499076,0.088843492422022,-1.222003935688074,-0.2529790880309349,0.4862598508993045,-1.3585472370178684,-0.32232339332547344,0.4441020247960466,-1.140916561357307,-0.3014150329549953,0.32204313119262123,-1.0456851408653447,-0.29893556043992653,0.08237156486324065,-0.926740079553107,-0.3665620414771301,0.5254602404538807,-1.039302964826518,-0.44429156847268,0.45183057280713784,-0.8692729251235026,-0.3742519120376334,0.32180214092357273,-0.8043414194222083,-0.3439050884415093,0.12217324001503554,-0.6043879254475826,-0.4497286758823307,0.5260111461923845,-0.7356516555991596,-0.468593602406645,0.4510054538612598,-0.5946098692471261,-0.32522422691281366,0.32115979772496067,-0.5545007579496315,-0.25344926698795495,0.17979183153963466,-0.2957182665929015,-0.5325594610915915,0.4975602118857257,-0.4396515394817164,-0.5162580561576622,0.43995996735691867,-0.34356862003911653,-0.4098175881731992,0.33498619292658166,-0.29544573932568124,-0.34814465768394676,thumbs_up
0.0,0.0,0.0,0.0729190682679139,-0.587290970406368,0.06405669994840602,0.19262604021741841,-1.2207252645068576,-0.034544936652759636,0.22761083299639825,-1.6824884489259395,-0.14240621702044964,0.17484660078319456,-2.0178454888842468,-0.23480139235469705,0.17087383045162421,-1.2345970222245977,-0.30842984770001464,0.6218006613392375,-1.3335783377216843,-0.3856417803970496,0.5582406152164188,-1.1332655347606224,-0.3517748958431921,0.42222714342669626,-1.05563959117541,-0.33645556394761916,0.17570254985460437,-0.8892140833417082,-0.4224060936603014,0.6642384383758394,-0.9527880931120544,-0.49904726226465906,0.5589803507051824,-0.80887851647584,-0.40054651020162624,0.4104013979018837,-0.759598777370995,-0.3486359467061033,0.21506269393217076,-0.5188895925537702,-0.502888278825206,0.6500664622362629,-0.6131401594006889,-0.5161732255166188,0.543646689179385,-0.5086965802991026,-0.3406483743378049,0.39756103573012996,-0.493221480537061,-0.24555117690199924,0.2688074219439224,-0.17406767699330675,-0.5833666352480467,0.6103043002419838,-0.31763559470534564,-0.5601869240477403,0.5145731363169314,-0.2507339576412013,-0.4321606867961342,0.3834984039594966,-0.21095783199939525,-0.35282095884958514,thumbs_up
0.0,0.0,0.0,0.05484896835399532,-0.5960483804686707,0.04780155706107595,0.20529100186877156,-1.2813706205677813,-0.07794202700793179,0.2708678067547633,-1.7985190469310568,-0.21429060637899439,0.24051992319213822,-2.2150969302944357,-0.3313015643050817,0.28027989592694297,-1.2230114509972636,-0.37436212731032403,0.7626618780704777,-1.328830292987251,-0.46616502257854214,0.7077772717749676,-1.122601686802216,-0.41043530738749384,0.56854065041302,-1.0460337054805169,-0.3728517655046218,0.29495198203948214,-0.8212959494722983,-0.48834032361804436,0.8265105148383605,-0.9050940801958045,-0.5752093023096283,0.7359859266879669,-0.7288601066798308,-0.44080298224970094,0.5752141950183456,-0.6669831186228485,-0.3511980434221356,0.33038575351521965,-0.3995494764078644,-0.5718921852838701,0.8141060627830422,-0.5309680583556896,-0.5909713381372728,0.7292095489384237,-0.40054897104240705,-0.38245472849905543,0.5752045374082402,-0.37115311019986413,-0.25486355265176935,0.3805238484780725,0.00026606035726252613,-0.6575611039028828,0.7718133477924966,-0.19280126359463767,-0.6362062916542846,0.7182069465978026,-0.1503989143259971,-0.49382989283241724,0.6043231840339625,-0.13001945268667847,-0.3973958674677632,thumbs_up
0.0,0.0,0.0,0.04601695167411761,-0.6067202610694363,0.033850757689595126,0.2089224958035957,-1.3104524611614723,-0.08347592510288501,0.2919533478203356,-1.8467165723668053,-0.20915672864104237,0.26514015628744664,-2.255558793190049,-0.316838101287563,0.3492438221240002,-1.225899358154589,-0.34036004927255953,0.8329477712160129,-1.3215296005081034,-0.4231300622074556,0.7465489458972694,-1.181286687227092,-0.3700487128886544,0.5798419825056378,-1.1445262615932041,-0.3322479468135211,0.37912115396546775,-0.8144054019168898,-0.4393301400364884,0.8730040694323197,-0.8904048907626082,-0.5160213188593904,0.7395773393537636,-0.7885554703867018,-0.4027922938127196,0.556450769677554,-0.7601357233257889,-0.3249213073492585,0.414587554038715,-0.3922228646851856,-0.5094871911470227,0.8512077694090578,-0.5133105525506038,-0.5168620497209299,0.7240293942977838,-0.43262648076470595,-0.3334005764104625,0.5521630212426377,-0.42132350064272167,-0.22184584159019893,0.45344801833583875,0.0034179107653734427,-0.5838939764998516,0.8137616855702473,-0.16688202506097333,-0.5444941595435773,0.7080804065233358,-0.13237944608552146,-0.4076515176009202,0.5597800274180682,-0.09878247459185781,-0.31690774721611137,thumbs_up
0.0,0.0,0.0,0.0592304845812868,-0.6149165863855564,0.06543455499528059,0.22279969287400772,-1.2713870687771505,-0.0201865977078112,0.3185744681376964,-1.786028574439029,-0.11798414316543232,0.29941216553344274,-2.177785912863077,-0.1992345219971253,0.40213107541633736,-1.2181446989942246,-0.26444938474173435,0.8498566414234241,-1.2806184431021592,-0.30556738655564064,0.7499939175833136,-1.1280578505401477,-0.2296138537705308,0.580029266351147,-1.1046384380498515,-0.17817971851103565,0.44223669358740714,-0.8207963767406439,-0.36155220200450716,0.88788538894921,-0.8800159657132189,-0.3876688014784002,0.7516888831745078,-0.7689989322976974,-0.2566399048145714,0.5748854215406862,-0.7453836782251653,-0.17019185791303404,0.4770316803223454,-0.4062743401600669,-0.4294873699794036,0.8597615878665092,-0.5140556571626642,-0.39781942294485073,0.7332859206851156,-0.41628349332237347,-0.21401268658491907,0.5738710124321272,-0.39208350824895627,-0.10525437920688858,0.5102859162355537,-0.016509361570138215,-0.4990804514915091,0.8224013837163173,-0.15892614242114456,-0.4292511587700159,0.7090750400029863,-0.10689877269691367,-0.2891642047877115,0.5700459553377091,-0.06487105739918891,-0.19742169525399697,thumbs_up
0.0,0.0,0.0,0.042859233957388644,-0.6314964084438219,0.08101548151410971,0.1900503837224912,-1.2426326919885207,0.02357361859658029,0.3073849094609601,-1.7200393935007594,-0.0509018702697512,0.3137660282561676,-2.0863206863950756,-0.11037731257016943,0.462220673656387,-1.1905348180808837,-0.15410752000762484,0.8479653893859249,-1.2392092853238443,-0.15174903662803624,0.7319084060860036,-1.0966032702010267,-0.07067957241489287,0.5609089278490043,-1.0818188662555095,-0.021398727601386985,0.5277037178861711,-0.8133056185943721,-0.2450770019645611,0.8871502375683603,-0.853341015058008,-0.224689607633268,0.7487327498930045,-0.7560279142543083,-0.11062159078187114,0.585968711838791,-0.7370048157062198,-0.04384505364574119,0.5692366755971917,-0.40725524516268746,-0.30985156054631036,0.8576986774855535,-0.48771160851065826,-0.24569206920304548,0.7291666993919016,-0.39392654872372096,-0.09411768071971177,0.586334788736362,-0.37310918603945664,-0.013370001853111357,0.5975693647863265,-0.02670354666063378,-0.37533202475097455,0.8253440158039207,-0.12894650212958575,-0.2823732359255327,0.70026439799018,-0.07360295662108894,-0.1589953238467907,0.5721879376649229,-0.040239791787025,-0.083947418782238,thumbs_up
0.0,0.0,0.0,0.03194277528272879,-0.6526461638006359,0.05197911978940996,0.1731408793655858,-1.2692467526605389,-0.009011626858195624,0.30204906014104665,-1.7491613557258905,-0.08496320179736708,0.3369227070254073,-2.120319923615747,-0.14714438150559192,0.4862974201506396,-1.1871396885520944,-0.13708667171572103,0.8617193607685153,-1.2165607606548217,-0.12803051579637975,0.7812844195931051,-1.0558455932358217,-0.05423023532039727,0.6427015986927006,-1.0297618574002663,-0.012300198114810677,0.5563478350187921,-0.8031062847873579,-0.21330110596278962,0.9024187007749387,-0.7982948006164134,-0.18641442967282024,0.7712886333281302,-0.6823394140164298,-0.08782026461295697,0.6118406262633413,-0.6610632569263554,-0.03200004897530294,0.5964694724739715,-0.3918773005993619,-0.26833908412560487,0.8636396284271489,-0.4154234111357186,-0.20177606398762293,0.7403744870289997,-0.3125166518437381,-0.07592362516016163,0.6024991489721625,-0.29659122805590465,-0.013024584127961777,0.6223576366190123,0.000697869488580389,-0.3270956844925435,0.8209211834561325,-0.047602630139049286,-0.23521743363543923,0.698103663899561,0.012579375417704704,-0.13119078420377825,0.574833415406575,0.032017278783877556,-0.07030895175169097,thumbs_up
0.0,0.0,0.0,0.049426267470719806,-0.6591056379317614,0.06161442896414012,0.19812245912558643,-1.2690106116793716,0.00823583217599278,0.32747791728099274,-1.7429974033296427,-0.05978356234357401,0.3710979498589924,-2.1281088534346186,-0.11342900021102988,0.5347309012056973,-1.1713619119344332,-0.12618693555414687,0.9176731008180554,-1.128250529066192,-0.10649683351542515,0.8318008617485887,-0.9469383715050903,-0.022075412449928618,0.6721978861533323,-0.8911910427505351,0.02982060588696425,0.6104273665733883,-0.766897066133215,-0.19810931349773717,0.9749834387900284,-0.7089990169301129,-0.1612550053548972,0.8568062297206571,-0.5856228951624597,-0.05799213172871857,0.6803995924933748,-0.5482471786024334,0.0032212940194121034,0.6465235835902886,-0.352200547663939,-0.24699739900095968,0.918587558492976,-0.34786019367429566,-0.16990355598686818,0.8072235377945683,-0.25612999000574305,-0.04419536061538474,0.657113194942991,-0.2412015688337366,0.02000169115697894,0.6627531226901708,0.03521696642571526,-0.29857087393270454,0.8389349287160542,-0.012716551578024189,-0.1959540570488186,0.727441506543215,0.03579294196226605,-0.09254759005768408,0.6009112624405522,0.04721146395309295,-0.030923416808878914,thumbs_up
0.0,0.0,0.0,0.04512282604497664,-0.6793368514046229,0.047909710381955586,0.1988096930734386,-1.2721578543727323,0.0058741241023029,0.3403843666806639,-1.7227942787336832,-0.049380152276923835,0.3939856330209738,-2.0922846497445935,-0.09059324833475191,0.5766914883077063,-1.168832846618925,-0.07189518941815577,0.909683768349363,-1.0894637280283062,-0.02952845430840962,0.7949312838062612,-0.9599479921042775,0.0497425953661632,0.635710574998257,-0.9493450282592797,0.09348052456706912,0.6489262399916186,-0.7495428130679662,-0.1306915698448033,0.9258985555903188,-0.666570056203312,-0.06570901437863082,0.7883897039836895,-0.5893279971498834,0.020344671381998733,0.6315414115059881,-0.5771219721901955,0.06215525377819006,0.6752085807112063,-0.31533388190169015,-0.1702605138650634,0.8766633087739611,-0.31580684357523525,-0.07561831133883715,0.7548376380232105,-0.25405681531793445,0.025307783472813736,0.6215198228012595,-0.25018563035993663,0.06730504699370651,0.6799825772283573,0.0792987449367803,-0.21359998593219395,0.8264285658740329,0.01982191249783877,-0.10227854391835989,0.7052343560171842,0.0564022645624575,-0.009986166630434832,0.5860454782962915,0.07216215904098877,0.0393538432174777,thumbs_up
0.0,0.0,0.0,0.027533380936411538,-0.6545809936891205,0.034582968653315865,0.18225382256022807,-1.2060909148211751,0.012114575087744333,0.33633342774667047,-1.6328551573136598,-0.018538707447485574,0.40487311319641245,-1.9927482079096317,-0.035953415988335916,0.5807056221503768,-1.113042548236237,-0.01781322340166045,0.834652117707014,-1.1020853895079195,0.05297649001198516,0.7365457206699437,-0.9751145508891399,0.13546732661791697,0.5941399991746715,-0.9446585582869781,0.17925528814240732,0.6683752389195535,-0.7418588208882675,-0.05403711566597787,0.8420467317670343,-0.679524226976164,0.05309043102416657,0.717514564891608,-0.5961212317505573,0.13482010967207625,0.5777179631770735,-0.5781486004446699,0.16628433554131,0.6947477061031092,-0.3403847306564424,-0.07635408273212733,0.78173312156321,-0.33960717441523003,0.04288304791612778,0.6776815210737708,-0.2744330848414719,0.11574281284210121,0.5690877514184883,-0.2755138940396561,0.13428965226686201,0.690737961195385,0.025134761470394017,-0.10257757727700159,0.7456092800006067,-0.01763745698502384,0.01880164440026426,0.6416043569772357,0.030821883707147453,0.08881459207817181,0.5480991535147145,0.04226509037245823,0.12016708376300449,thumbs_up
0.0,0.0,0.0,0.017809772342718876,-0.6733112746964088,0.041517798785887204,0.16930598481089654,-1.2109316458859662,0.03007069752714355,0.31958613722420004,-1.6199911454139002,0.009093593156473831,0.36913308863205907,-1.9624201485949064,0.0008137853986036678,0.5884442961198719,-1.1072701798431166,0.01461800810807224,0.817298718733361,-1.05271285901633,0.09654530037203249,0.7329490312105326,-0.9117919188706722,0.1752675342769874,0.6132685856490895,-0.8667295242548474,0.21373985311886126,0.6820692426337834,-0.7309451990567832,-0.02237508053205059,0.8134030973325533,-0.6135621065032376,0.09626545940446729,0.6874996940493467,-0.5231516867629813,0.17210768759793565,0.5606690173580892,-0.5056894052379152,0.19597957296855195,0.7091107192601956,-0.31839564188888075,-0.04585957212817083,0.7678562355004731,-0.27256599007258897,0.08242783988284388,0.6595811266125282,-0.20937347508505547,0.1466049072555943,0.5566597749814821,-0.21724519941119544,0.1558054742631942,0.7049386201516096,0.05921735890366624,-0.0735464001164316,0.7405758392110607,0.05990003159992695,0.054585907427098186,0.6299740252298035,0.1087116028033071,0.12028188604247418,0.5382910505605949,0.11516369615959922,0.1457889370343399,thumbs_up
0.0,0.0,0.0,-0.0189477235086206,-0.6517984806686055,0.027655379826470018,0.10824626597279889,-1.1921324881009494,0.018259811353303994,0.2423544810662676,-1.6033279475750344,0.002569807146281635,0.2682259925779245,-1.961795766218371,-0.0010764480002794414,0.5082469417791396,-1.1398940715316646,0.01716113407877854,0.7276202211256266,-1.1196856547338876,0.10291636606001248,0.6621983520275274,-0.9641148073022179,0.18100855744799418,0.5627790983284022,-0.8909890441750788,0.21888293250283877,0.6168439315762037,-0.7870350578985398,-0.008908519307561289,0.7447859468041866,-0.7074883034557453,0.11417301608396072,0.6323498112579563,-0.5985069672338492,0.1856652683475347,0.5172346639142401,-0.5494784293939411,0.20662205791412905,0.6612522922482655,-0.39693639219134647,-0.023419519324161808,0.7167558026432718,-0.37590838594671605,0.10410941892824556,0.6175728325407931,-0.30294672578748283,0.15764645060739574,0.5204584235337595,-0.2873597200144534,0.161072283213065,0.6756153119749595,-0.037227313505052984,-0.04277467587698353,0.7075752903673045,-0.06123662648804859,0.08144508708399371,0.6044307142181808,-0.002751500890451859,0.1387614995686416,0.5172867943683305,0.024139176421883422,0.15885658468211,thumbs_up
0.0,0.0,0.0,-0.026922209343239856,-0.6653982030724968,0.03729658669091801,0.08998402636792781,-1.1995609958260758,0.036881767016206,0.21947610329682943,-1.6042545432505861,0.029132867662400266,0.2499412765155816,-1.9567850785736054,0.034288819070361215,0.520642106989243,-1.1253952022413316,0.04712375783143994,0.6990085073587058,-1.1090899995822496,0.14512986618636778,0.6264130899761996,-0.9586823006361334,0.2265034081815211,0.5260732128948107,-0.8749140991324297,0.2660632989845824,0.6339221842282453,-0.7730939212015705,0.021643321012951446,0.7156458628811172,-0.6941097217670612,0.15562368387895897,0.5981181697881837,-0.5917716105577904,0.22721161782361268,0.482487376051269,-0.5369817134288959,0.24803880648667817,0.6764465080603561,-0.38408255524616836,0.007960544695292877,0.6891502604169556,-0.3623077769996077,0.14538882305177256,0.5887622180427675,-0.2979098422422053,0.19525625266847624,0.4952020750653227,-0.2861587618457764,0.19539459105205564,0.6852579417878285,-0.02787769615818425,-0.00966369903304653,0.6840572498459065,-0.045474917158521734,0.12226827055681432,0.5820181387659602,0.0071028168796683664,0.17727517539594015,0.49993196937052853,0.029342984448859993,0.19529503511202861,thumbs_up
0.0,0.0,0.0,-0.024462514928106246,-0.6491403761886613,0.03707467600354571,0.09433048749624233,-1.1752489131343564,0.03864735267748068,0.2284003442770098,-1.5722604183424247,0.03283312255917679,0.27263229790975696,-1.903632763207212,0.039106183424588575,0.5324337423410618,-1.1109947130730289,0.05041727814080631,0.689217448975549,-1.0471220741117735,0.14904449840049938,0.5928641864192362,-0.9087488471900446,0.22621729650462505,0.47867623175437896,-0.8457881329925904,0.26159279565849175,0.6398171907212992,-0.7681410756650197,0.024356320200110738,0.6916064349764933,-0.6716004785127765,0.15393445412118265,0.5728826649028146,-0.5766061749483462,0.21732922148096734,0.4639034265030637,-0.5341792747298976,0.23135327572710201,0.6775939325083268,-0.3877888789468828,0.011176197980569425,0.6740157790723464,-0.35932843071900583,0.14513218531268587,0.5772151690193973,-0.29457018155257475,0.19095841157038307,0.48761315709334285,-0.2824871001150685,0.1873754416303683,0.6819236172079138,-0.041535337910726604,-0.005805376357597497,0.6716142623291994,-0.051837800881229544,0.12143742308555325,0.5782993914884857,-0.003231991682630761,0.1731381493946564,0.5042771646116003,0.0169371776982762,0.18805327646639572,thumbs_up
0.0,0.0,0.0,-0.02811757919293826,-0.6593972904862816,0.04031705284939096,0.0856998568672145,-1.176243524234343,0.04546563527670108,0.22461061131933047,-1.5610535236133203,0.043223684300463965,0.28157244721215535,-1.8896883972205327,0.05270746223756921,0.5337109980172292,-1.1124939169574126,0.06454296773985595,0.6549724782272782,-1.0387653805420323,0.16966749563908046,0.5494879461741361,-0.8988302999674492,0.24689544628153018,0.43594490002036973,-0.8424313876970051,0.2814848398672856,0.6355674857525936,-0.7710170928403008,0.03983206751120239,0.6689720209768357,-0.6918353320540077,0.16876005238767605,0.5502809424327998,-0.5954301828482751,0.22802237891316945,0.4435416973140274,-0.5534227540069578,0.2407574650838118,0.6694965991598361,-0.39794111221863093,0.029148978007141033,0.6605724839112294,-0.39111499539514494,0.16338938268325762,0.5629418521797223,-0.32545157352487236,0.20797358772700106,0.47295170639821604,-0.31022466240825924,0.20460836289358367,0.6697317007062016,-0.059925435465927726,0.015638318737743427,0.6613437929951613,-0.0889177307063733,0.1436309030113736,0.5685358860329501,-0.04301226793721393,0.1960262331747795,0.4935601799170636,-0.022788506039691916,0.2118159696928731,thumbs_up
0.0,0.0,0.0,-0.034306857892422736,-0.6520050564157661,0.017017522549678414,0.07572696256238654,-1.1666427505956989,0.017373669478884447,0.2009448290231009,-1.5517972029646758,0.015549157476890327,0.24694813362806475,-1.8706333044669656,0.026228264763356015,0.5132568985259118,-1.1198058231657557,0.051626134129078176,0.6120401051753293,-1.0250658597777256,0.14888400141331973,0.5023285017477136,-0.879751627939372,0.2189808136208611,0.3968838423997803,-0.8300266696084382,0.25038212966990725,0.6184329913935357,-0.7847553341606727,0.041227183537237665,0.6425255381493306,-0.7054406873665826,0.16212613685325486,0.5258431285774221,-0.6041321400629474,0.21498306351326466,0.4264217627913816,-0.5616314945539816,0.22492782771368225,0.6577315463674105,-0.42053902738740767,0.04210813296854153,0.640924492881785,-0.4146851566051494,0.1666270765381895,0.544215774045225,-0.34777508099329474,0.20379498318521663,0.4595856444130482,-0.3354119242683032,0.19865347244214362,0.661966174620607,-0.09475219947767032,0.03887665571896828,0.6381983548591115,-0.12395880421131977,0.16208027112622184,0.543016637260479,-0.0755412249965651,0.2096741497297124,0.47096614901615996,-0.057007941633997535,0.2231647326948753,thumbs_up
0.0,0.0,0.0,-0.029106583979468886,-0.6309910887370452,0.02349250002120605,0.0828694021278444,-1.1428081671898185,0.0302298772117431,0.217574577728811,-1.5109937546760983,0.0313202775333609,0.2807951607831978,-1.8070145435837262,0.04350474005724615,0.5148872642998935,-1.1063372110064913,0.07987063407504522,0.6152886374186264,-1.0012003200310822,0.1787123979967735,0.5133274815022109,-0.8540671876671798,0.24754273263037468,0.4077122242156805,-0.8063842510214448,0.27758236238410056,0.6158395302349825,-0.7853651439341941,0.0627952521547438,0.6543119093393566,-0.6958785469181205,0.18146871381911261,0.5423238869184087,-0.5979418404836558,0.22910896398716554,0.4401550274359385,-0.5585235305769672,0.23735682861635835,0.6514824497649297,-0.42686848030039626,0.05472950428064973,0.6591174847138549,-0.4102821314883956,0.17183347115388245,0.5573698962085982,-0.3395249643581468,0.20614510495556435,0.4671129751199056,-0.3260143566149439,0.2014052856598813,0.6534795519580052,-0.09394527965915223,0.042823887844875126,0.6529968649189124,-0.10547915435543065,0.15565590371480256,0.5546925879834507,-0.056034286567636066,0.20046670395291097,0.477766964427147,-0.03947694835772919,0.2141535163836982,thumbs_up
0.0,0.0,0.0,-0.021754658387957735,-0.6468617041253685,0.038681276882567256,0.0874260150219799,-1.1523806386102844,0.05414032547456004,0.2156548214238853,-1.5290206639280575,0.06283136680654769,0.28259924515212326,-1.8237446915633657,0.08289201217648309,0.5143596612543999,-1.1107054532287899,0.10320286382805334,0.6016899294338448,-1.0064322628881472,0.2196892557354681,0.4982571158385097,-0.8599612435733192,0.29742976486992095,0.39377474609029056,-0.8169035225738188,0.3321187849351101,0.6117933558050406,-0.7862544703963575,0.08667628034560182,0.6473822132343089,-0.7118055067266246,0.22428998299715114,0.5426921887097639,-0.6132637101830786,0.2800521512812988,0.44150088797899856,-0.5722404571243224,0.29239872949565865,0.6473898363905616,-0.42845675285172713,0.0812490123672102,0.6574722228504998,-0.4290903895994589,0.21613431116432402,0.5640769715563363,-0.35513662615990693,0.2566137091981157,0.4732613963381164,-0.3319518636589262,0.2542343696684952,0.6511739711544459,-0.09910773966375298,0.07382195704455236,0.660204057125249,-0.12739147891909908,0.1986418166109725,0.5681895118915906,-0.07681976526435025,0.2487551117644596,0.4893645516065068,-0.05306997442191269,0.26561198754945414,thumbs_up
0.0,0.0,0.0,-0.029961100909814624,-0.6636992652634969,0.04436579020827689,0.07702959079191617,-1.1754181364916245,0.06413971638401338,0.21358266921478272,-1.5439180625215698,0.07720969655785351,0.27830405874541375,-1.8425304200909736,0.10147004664903868,0.5108866097859243,-1.121180877460499,0.102212922014963,0.6134177361588978,-1.0132238792188106,0.22042142536355633,0.5071115763832843,-0.8656567100955739,0.3018322654026101,0.3994929564858102,-0.8284279390133343,0.3389630101756884,0.6130678504629042,-0.7855434600363009,0.08407891009634824,0.6490236596307423,-0.6873322557231947,0.2243588640434199,0.5341678484925833,-0.5889456420478305,0.2841933028676376,0.4283142075504547,-0.5545784694445572,0.2989846429133894,0.6481693165135027,-0.41522848252029476,0.07820808081280069,0.6462724695269563,-0.3905697827046975,0.2148080536379777,0.5470237374966638,-0.32210974788380986,0.2548050425945413,0.45633087701906766,-0.3130142748355146,0.2519179996502385,0.648770186882089,-0.07525963568444999,0.07120020076965097,0.6361152100198858,-0.07848138317315884,0.19865767979660995,0.5394214210941153,-0.030595871314723837,0.24782266533101083,0.46340696533484177,-0.01827865077771966,0.26410733696535715,thumbs_up
0.0,0.0,0.0,-0.029645994202208092,-0.6826866648165361,0.056662077641519364,0.0879620146731246,-1.2062021255156918,0.07517928099438058,0.2391550682230078,-1.5772022639402459,0.08401916945223459,0.3047321093843593,-1.8727617593570147,0.10508363418477151,0.5395643884204312,-1.1084894682476956,0.09696355838620431,0.655629051178702,-1.0224167777421327,0.20909264013485934,0.559521383505049,-0.8819187061301833,0.2873923019709852,0.45218524348536876,-0.8323831696535761,0.3227894349248419,0.6507508252147975,-0.7561811812902597,0.06865394777233572,0.6559911662651394,-0.6348177614115533,0.2091580758155857,0.5334820168348708,-0.5351196032418079,0.2704574509767412,0.42535742123928466,-0.4983636310055397,0.28380877057164106,0.6863142704952847,-0.3661067436468685,0.054032542592680824,0.6418935289294257,-0.32033791409879114,0.19503770543049515,0.5430428878871175,-0.25748964571447003,0.23527707875811543,0.4561746415098361,-0.2542928988952524,0.22887013086596722,0.6865553578121909,-0.012839916754745386,0.038251973779045954,0.6336652543048974,0.007522763413341022,0.17488087332708652,0.5386910520354941,0.05203096771398069,0.22450734200120132,0.4704158984653935,0.06007302094379025,0.23791665406900114,thumbs_up
0.0,0.0,0.0,0.008946433002103269,-0.6818104368345792,0.05627500580826391,0.15349100818045522,-1.2306589680483042,0.05465633203688367,0.30421180605412995,-1.6263434001375237,0.04114648466466207,0.34578625232781757,-1.9655511809516752,0.03849960995056297,0.5449033481777944,-1.1399590659240217,0.025037707226726283,0.7712436482581024,-1.0866627353145013,0.11172482525653933,0.6892189559913078,-0.9288724472148673,0.19150242721891023,0.5748450075737838,-0.8658366507130086,0.22943994882687246,0.6425217334390652,-0.766063875811476,-0.017661829892667444,0.7902607145428898,-0.6640666125342374,0.10111325043259589,0.6730490775966158,-0.5588867356421614,0.1719966965894043,0.550583311133875,-0.5199442675894719,0.19191706205797252,0.6787221617048257,-0.3644908223807652,-0.044758461274901726,0.7500541763029156,-0.3168737995989567,0.08572214564974019,0.6446617102552171,-0.24656935384707326,0.14547201274575117,0.5435793337447795,-0.2411563557012122,0.1506950339010887,0.6845498561080338,0.00968869344376874,-0.07453429130257996,0.7226413124098642,0.007276183226263972,0.05421884959596455,0.6183963036998328,0.06314290999013013,0.11645598831636089,0.5317179070664271,0.08019884950340457,0.13862350550763788,thumbs_up
0.0,0.0,0.0,0.020156055559698263,-0.6667566151237547,0.0495216226845956,0.16058559636897102,-1.2302423733171541,0.015223153890949262,0.29727116024670425,-1.6624825167892592,-0.029287912440834663,0.34574623568841256,-2.020251911748528,-0.06197034452815924,0.5267145803188563,-1.165632588409965,-0.07773376445675498,0.8330078398217203,-1.1475002128556735,-0.024245237704489282,0.7264396345019206,-1.0052331435740454,0.06140860480316776,0.571341623162637,-0.9602142027659457,0.10754916877620112,0.6237593272626258,-0.7709629595223857,-0.12860947359102143,0.8677620945523103,-0.7248608938232449,-0.049307041258931594,0.7296420489879396,-0.6206352923694707,0.03963998730593894,0.5804032500583012,-0.5778684134839157,0.07947714913191313,0.6691978691670054,-0.34680165744749303,-0.158721943981997,0.8211073175862503,-0.35332675855340834,-0.05145892215282821,0.7020622297489731,-0.27874925162960257,0.03915086180045844,0.5843506085195995,-0.2680750997479936,0.06939053802649796,0.6861204286779974,0.051450121539807,-0.19101329103989578,0.7788215272362045,-0.004199051550451495,-0.0714397216185688,0.666352216965746,0.053028524375410585,0.010053931849591868,0.5705460027264543,0.0776680953527647,0.04865804828162028,thumbs_up
0.0,0.0,0.0,0.045611346657870123,-0.6262517897097415,0.038180053056363655,0.19765568944712625,-1.2180502097905275,-0.041728780223840106,0.30763038121617,-1.7064392792395566,-0.13216350549363617,0.32502688259607576,-2.113101892147809,-0.2076344054360451,0.4966778716574929,-1.2002948507629245,-0.18910060103298382,0.8922536719763644,-1.1343807279599167,-0.19283506882690277,0.7706727683910097,-0.9663628353092082,-0.11932920118702715,0.5965381066626358,-0.9577414826866191,-0.07695679037596277,0.5627973932456956,-0.7840634875512734,-0.2617317742361116,0.9281485430961633,-0.7096861927993325,-0.24576541248896036,0.7762657537028163,-0.5756339741398255,-0.14305294005292934,0.6106897119631297,-0.5537291549246113,-0.08489661068907581,0.6016444081533644,-0.34131679380484026,-0.3114497475089821,0.8814704043897349,-0.32635135062474757,-0.25030648788914867,0.742420148623814,-0.22405601015308801,-0.11894283477345571,0.6001142040672722,-0.22244384891625296,-0.05335347350412063,0.6280730597262496,0.08261820430441512,-0.3653814313283801,0.8401903076489013,0.04355297426699068,-0.27688438242171987,0.7073859962229277,0.10939357172488748,-0.1701481364007797,0.5811760313456147,0.12641637547918314,-0.1076750967147262,thumbs_up
0.0,0.0,0.0,0.0581047322487499,-0.6213507108197421,0.007851124005507666,0.22238280589878015,-1.2805031466616086,-0.10889376945257107,0.31580086991153966,-1.823308592012487,-0.23480509606916636,0.32536426894743603,-2.2343396635577486,-0.3437301637085743,0.4769265306882797,-1.1997164487725605,-0.28338212486021713,0.9367982871389878,-1.1856067643880204,-0.34545251305559266,0.815975325341139,-1.0365551275508553,-0.28552999910532045,0.6312348315021066,-1.0234360439314403,-0.2431304164869939,0.5257606667368933,-0.7694482826193754,-0.3626638135883844,0.9860487926114954,-0.7584579221472859,-0.4172491384737026,0.8223907923005257,-0.6322804081969596,-0.3116443627908015,0.6345530338562684,-0.606744692022613,-0.23492441882573462,0.5614898509097836,-0.32419874476954064,-0.4218875817484339,0.9421676603885081,-0.36606489714808715,-0.4192079791046363,0.7918782896099495,-0.2701703312225145,-0.2652489003898753,0.6252695122808041,-0.26271704279347163,-0.16876928889238035,0.590178669310771,0.10245341838192995,-0.4887730384723954,0.8866502436037154,0.022967185589199073,-0.43922111324724317,0.7502185985599731,0.07226318838286117,-0.32083171957382706,0.6023147350519198,0.09239299558009322,-0.23995848629695893,thumbs_up
0.0,0.0,0.0,0.06334252851045435,-0.5744470265010304,0.017477150997691333,0.24014362398150463,-1.2547793666121296,-0.12308654081415225,0.3279391698864618,-1.7970359707747834,-0.27030630481914375,0.31653898917008916,-2.1986556154257375,-0.3974472224462761,0.42171428980055276,-1.1816880027554961,-0.4030588478739163,0.9454469928026374,-1.2016257045653482,-0.49237152638175247,0.8326601040184101,-1.0055612066439417,-0.42406394460038505,0.6417216573503131,-0.961864445672537,-0.37511560227746577,0.44903357094474877,-0.7432630152226779,-0.4959122123589009,0.9823034487554837,-0.7733227433264571,-0.5819874020566408,0.8373572641825165,-0.6306733704687792,-0.45140222932225416,0.6445469651136424,-0.5911220106131864,-0.357021657061745,0.4766447863597469,-0.3071109211091124,-0.5588190510864158,0.9321153277693419,-0.37529313661621977,-0.5724159061314175,0.7945572754885368,-0.277280874176862,-0.3782596704826659,0.6166615084139514,-0.26250657547988326,-0.25503957182011794,0.5067064803508717,0.1052359154902822,-0.6270207616430321,0.8681201246601918,-0.023488749651550275,-0.5893896232081126,0.7507294553607677,0.034397458531555805,-0.44932555603367125,0.5983102776918925,0.07734521642433671,-0.35258854014172697,thumbs_up
0.0,0.0,0.0,0.08672370729278055,-0.5709375941255487,0.045458619307266496,0.2749296131366351,-1.2515344662495829,-0.09032680265581189,0.3432946957071209,-1.8005018271518958,-0.23362439440639507,0.28903785230173495,-2.2077977445070247,-0.3583613529719084,0.3951567626536064,-1.164022328293806,-0.43657863131958585,0.922414947423038,-1.1967800524924943,-0.5306391106672885,0.8502701151853567,-0.9882253998950462,-0.4584421626368436,0.6887149826316221,-0.9274966356562362,-0.40582357997384794,0.3986531426586216,-0.7397219999506612,-0.5421134702600533,0.9484196123833042,-0.7617658646609209,-0.6255122457559692,0.8294591794439544,-0.6142890086758351,-0.4731333974286345,0.636198838579631,-0.5678233966007972,-0.3669633275370779,0.41322898957897325,-0.3065581618254526,-0.6124385528898738,0.8957960492355258,-0.36251681695905225,-0.6179412713846388,0.7711529230033133,-0.2579820992067729,-0.3985760183623486,0.5889844803443431,-0.25341025323978095,-0.2621180267537671,0.44067982794454097,0.1056353650453164,-0.6855057310653814,0.8283712821919609,-0.0027973590048324037,-0.6415463387767352,0.7246793421526235,0.04720288319834911,-0.48732985094020026,0.5727546343496891,0.06952916131771168,-0.3823542606749815,thumbs_up
0.0,0.0,0.0,0.09732727048327167,-0.5552490905509259,0.0453119259707998,0.2776960859267759,-1.2358815936201237,-0.09678950247161651,0.3350424848607915,-1.7617285580894193,-0.24428501200527952,0.2552188785706455,-2.185279344375807,-0.3742871422801643,0.2994517061519502,-1.1897148507216773,-0.46179576740158246,0.8379788261490456,-1.1522015908386682,-0.5854119095107929,0.7639449136055688,-1.023760935713735,-0.5385233090793602,0.6154339382206315,-1.0195265944424852,-0.5037404143778436,0.30255190405248855,-0.7571908889629039,-0.5788991993652957,0.8716177657490551,-0.7426219366280775,-0.7102797039870947,0.7399718422205749,-0.6432190601640474,-0.5779032700606744,0.5585481498299526,-0.621878313910312,-0.4812950372035067,0.33185359509447826,-0.31538085795440207,-0.6572394187488105,0.8393530865222208,-0.3459078564800076,-0.7003301454139559,0.7037682552544802,-0.25599902705548494,-0.47640419843276005,0.5211798254349176,-0.26474923673986905,-0.33300922945167144,0.37810315827176705,0.10650378828206866,-0.738329124600211,0.7832686152324287,0.018302354531438064,-0.7200025884015374,0.6687535101268393,0.06351419197607068,-0.561026397772629,0.5124527930673736,0.07498850896639978,-0.45067923092554213,thumbs_up
0.0,0.0,0.0,0.11115641997865996,-0.5249237954603603,0.05256010057477801,0.29310149901214755,-1.189301937688132,-0.08569918710102455,0.36054830435251267,-1.7060153067054233,-0.2303489022223592,0.3070015408281302,-2.1294070701549694,-0.3562459544330034,0.29049111965352215,-1.1734582060393515,-0.4451763224793839,0.8002897588279395,-1.1361801162702119,-0.5680176358582127,0.7178837449205601,-0.9781080296965556,-0.5224230290518936,0.5638291874025415,-0.9619387796401645,-0.49027732540470587,0.27727399980399564,-0.7746442418244411,-0.5683708363743954,0.8268921202335054,-0.7239277202697012,-0.699331087552124,0.6983653945244261,-0.6044204342500317,-0.5667722308374661,0.5252742422589367,-0.59411544323582,-0.4720376782724833,0.2875413083667475,-0.3524077353771497,-0.6541947573285586,0.7914224982694251,-0.34775424248687503,-0.7039662464804382,0.6609290384591551,-0.24831373146458519,-0.4802137557117217,0.4845148737049333,-0.26819122460963213,-0.33750523939574495,0.31908296956366045,0.057253557287982336,-0.7410987515476882,0.7292110898293773,0.009974255036399012,-0.7314214632152937,0.6198487893377209,0.06370247405781154,-0.5727250074074495,0.4654516113764294,0.061048180149984664,-0.46241796437794386,thumbs_up
0.0,0.0,0.0,0.12256871355597095,-0.5533317914937604,0.06666167442223123,0.308742313419782,-1.2087122640236008,-0.06080016426155706,0.3699613864108243,-1.7178176525558508,-0.19498888664037164,0.31205133866639984,-2.1221105665161275,-0.3130521527492089,0.27077079016586997,-1.178755633330692,-0.42824325491515847,0.7829133353543671,-1.1710210330745034,-0.5354851219395428,0.6836376867667978,-1.006024923056323,-0.4921795872131083,0.5150636719715924,-0.9857922478920713,-0.4675732040229816,0.2430119337447447,-0.795970636208441,-0.5544149405919441,0.7806125743801842,-0.7381282499122946,-0.6549837652130716,0.656200833623623,-0.6458429256498532,-0.5294084988988951,0.4901270316220233,-0.6477515763032915,-0.4558989208343409,0.25034287503941755,-0.38389285143803487,-0.6395541697452195,0.7439256675790238,-0.3705687090489844,-0.6636881795612474,0.6212560053160834,-0.29538787283200474,-0.4516322075685447,0.45607756264009286,-0.32349971006161743,-0.3314619089344471,0.28107516679301,0.0050058602416911836,-0.723962098205006,0.6879821495582514,-0.04608179400104267,-0.706548038653717,0.5830221241171406,-0.003098296519148946,-0.5556635524587645,0.4318612857418712,-0.0034591575766327967,-0.4587205934404492,thumbs_up
0.0,0.0,0.0,0.141065754455663,-0.5557922637037626,0.06764076599188688,0.3206977061648208,-1.2070271184041947,-0.06943280367926084,0.35672634901349654,-1.708166042475328,-0.21092606534278452,0.27988277859232225,-2.1214012030352647,-0.33627087935354655,0.22994907197140416,-1.1738132797967467,-0.4730304143611439,0.7315521633550266,-1.1856264642850747,-0.5944883260198709,0.6340895332431852,-0.9874239619932191,-0.5543966227387219,0.46338425464973393,-0.9422713516394924,-0.5310027032710217,0.19152203178551108,-0.774721186827351,-0.6025996797390201,0.7242303197866269,-0.7279066739033713,-0.7069867708562333,0.6032504113247393,-0.6300981466827675,-0.5704491421476423,0.4395836067452016,-0.6342803088024022,-0.49413728875317775,0.19304624069900683,-0.35622745895278174,-0.6896193435439554,0.6857657630681678,-0.35611490935508444,-0.7162282103409139,0.5650112198763738,-0.2790405191324861,-0.4884897202285368,0.4041428559440724,-0.30635814240903325,-0.361605713972789,0.22099073596651078,0.023651646073065854,-0.7754451301742631,0.6273610362536624,-0.04256077671030122,-0.7646551359411237,0.5256941598221653,-0.0032232289042655082,-0.6059706466199328,0.377244433355875,-0.005523444677534411,-0.5039721745947471,thumbs_up
0.0,0.0,0.0,0.153412671443563,-0.5776972012176737,0.05379098260073858,0.33108887902202166,-1.2199953310284295,-0.08593470595446455,0.362288758012793,-1.7023863306376819,-0.22686237919657523,0.27214801135550826,-2.0989363169533486,-0.351341680651263,0.19223041056727824,-1.1931290872443427,-0.47116004265184136,0.6843070249229503,-1.1932979519375446,-0.6014911663607506,0.5969869631638682,-0.9914657144487181,-0.5771043976711215,0.4351560645033217,-0.9333143859011837,-0.5655702946036977,0.14233179605651952,-0.7880324849831218,-0.5989544577366883,0.6835067867432572,-0.7220790919922727,-0.709782031641635,0.5603879256427425,-0.619665620365238,-0.5871819460814194,0.40018947161937907,-0.6291563317405723,-0.5259074908139836,0.14078417047897546,-0.3633852183794921,-0.6862483519135414,0.6453755921661021,-0.34119794454490543,-0.7220258820378913,0.5228710891784123,-0.2616941267071932,-0.503731560561841,0.3662383871728754,-0.2931560682332924,-0.3861246815204785,0.16639101880307486,0.019093053914265606,-0.7734214627182338,0.5802763193715552,-0.03984175524798765,-0.7743999756083836,0.4871763156441658,-0.0029134960272901318,-0.6226009932196666,0.34711529854600176,-0.010217474077831988,-0.5266818514462257,thumbs_up
0.0,0.0,0.0,0.1453257001286726,-0.5893488451536816,0.03571232823381749,0.2820435121683688,-1.2214122779037322,-0.09156975005608577,0.2788633737566179,-1.676871169311948,-0.2162369209784614,0.18129733519585395,-2.035045418815458,-0.3257060084072758,0.0774732487233452,-1.2156876963108343,-0.42599319418858633,0.5474725108871723,-1.1796169193838184,-0.5541885463646372,0.4846920857913278,-0.991886405445973,-0.5479636842610648,0.3447683703295995,-0.9426339168077629,-0.5495634301873912,0.01786370088348279,-0.8433733242068066,-0.5370310086085398,0.5437732728212927,-0.7639304176238234,-0.6493677001250935,0.43568157453077416,-0.6507795161625791,-0.5553491591549174,0.2969271393512641,-0.6700386832480227,-0.5149337128445832,0.01808430636321058,-0.4478336356928827,-0.6123600029394484,0.5012087634414878,-0.4018422612130195,-0.6557370006388328,0.3911008640469539,-0.3311131523465246,-0.4755053810698184,0.2515523441266361,-0.38987043639010743,-0.3823550140866018,0.04798109817700026,-0.08834620179443635,-0.6878980856717568,0.42959248334543015,-0.1097299729994988,-0.6954985262389397,0.3364294119562227,-0.08431237479321083,-0.571167925604948,0.20074338765540464,-0.12921473234085407,-0.4958235850639988,thumbs_up
0.0,0.0,0.0,0.17207669374598403,-0.6127046349039971,0.020681658113291815,0.2914557384754698,-1.26128106089859,-0.09980695074463634,0.27131084009518824,-1.7258926445604033,-0.21712252190441678,0.1849625241914546,-2.0926103089399404,-0.32131577938376754,0.020048859846222178,-1.2426833852605874,-0.40197081094029546,0.4695644447113907,-1.1782890819673166,-0.5290291796048161,0.42896974891551254,-0.9700752090942648,-0.5364986232119301,0.3059628019412871,-0.9490907894022966,-0.551532791374693,-0.05119972760905818,-0.8591847353284641,-0.5090973958598835,0.46533035749621077,-0.7853299371206335,-0.6376422930110868,0.3771562604807789,-0.630018144803813,-0.5631353302191193,0.2439193448033286,-0.6483374951756342,-0.5353799024969195,-0.054092888447596084,-0.46570017578331047,-0.582857495877273,0.4187542326130441,-0.4273840641389618,-0.6468934612179158,0.33223260445185143,-0.33100426693916735,-0.4862805516139332,0.1959323625721173,-0.39201088087446573,-0.4027085826885911,-0.02207825663632143,-0.1079421840114729,-0.6570890471935344,0.3480546032832724,-0.1097594568549852,-0.6771312053216643,0.26661171192018235,-0.0733191269668874,-0.5667870089941354,0.12815573129534893,-0.13250054254858212,-0.5010587724213635,thumbs_up
0.0,0.0,0.0,0.16697723273240403,-0.6809246290450063,-0.016550846674080504,0.21988103707391005,-1.3551131686409443,-0.1443134792805281,0.18250410811353096,-1.7926236173516301,-0.26287080541268515,0.11003411974824477,-2.21854963372867,-0.36968502683753945,-0.059334240867159556,-1.297004204270613,-0.4006145977721459,0.45147081954927165,-1.157575306972598,-0.5483389607132942,0.410984864732326,-0.9742168629632795,-0.5826887065844166,0.2627037577892207,-0.9440758072862009,-0.616506724293326,-0.1634759478494504,-0.8498179884956445,-0.5010838062679134,0.43119846268586715,-0.7242471335945494,-0.6660000469198416,0.3249676832597137,-0.6003079376734625,-0.6108440841805662,0.1526852271395108,-0.6495705549656742,-0.5997153331887163,-0.18535478130292146,-0.41296827773056244,-0.5745281466016836,0.36171598515266873,-0.3038030170553725,-0.680369331804618,0.25758280554051693,-0.22369876733311095,-0.53269296863054,0.07306663779468948,-0.30166531195368623,-0.4543349644245277,-0.16446165854143963,-0.006155961799308579,-0.6516260986295206,0.255498929462832,0.06872873795701774,-0.7148482206992889,0.164024097861189,0.09494720337021943,-0.6280040175633649,-0.022751822971437043,0.03455476916489082,-0.5730418526345112,thumbs_up
0.0,0.0,0.0,0.14350265969974116,-0.5839702291394575,-0.050639608337105096,0.1300724985491801,-1.1807655219362927,-0.16194480958392965,0.07741951433574291,-1.5873885737944184,-0.25641517179339024,0.018783713709966093,-1.9827098638464624,-0.3417042969446545,-0.20405980323814957,-1.246291081339628,-0.36709651289090217,0.2458663151707168,-1.1236381244837126,-0.48549384418211944,0.264184767799263,-0.887199387801688,-0.5131766439017573,0.15507658633408694,-0.8160974995420195,-0.5472552584293826,-0.31554320939205793,-0.8422663824044397,-0.4370581243700858,0.22508524009608685,-0.7127926464774398,-0.5802849825563579,0.20520230895472777,-0.5349012568520065,-0.5351599953740003,0.08284134272706596,-0.5270800374122004,-0.5328189086012274,-0.3325414279786722,-0.4231806449727754,-0.48670063710813244,0.17940249098442737,-0.3142905473074882,-0.5958814936212006,0.1482768061872518,-0.1892648293237864,-0.487922358040351,0.0023634934461342796,-0.21075318101462437,-0.4335778459567686,-0.3015960523802216,-0.018023411877216955,-0.541204576778616,0.07666085487695751,0.034115861222872364,-0.6266029197984634,0.050241040735375046,0.08858237822946916,-0.5790944960575557,-0.09514026015394234,0.06964885655153237,-0.548425801815769,thumbs_up
0.0,0.0,0.0,0.10796654862510312,-0.5183428503917038,-0.154696860551979,0.09891027726865549,-1.1580653442711404,-0.29384460125209994,0.05686909730147092,-1.6098130108457727,-0.38671252844403353,0.006108467315012601,-2.0138946552033508,-0.46829758904885066,-0.27163566669477784,-1.1962511052227092,-0.5018745895666333,0.23753213590119626,-1.08687504325993,-0.6491111354235088,0.23471261535291568,-0.8020839599029193,-0.7021051205263433,0.09723851740599485,-0.7387380895500754,-0.7527291329139804,-0.3865845907817118,-0.7606902473448772,-0.5214428844701262,0.21474990118197307,-0.6112326931948354,-0.6874173396354928,0.170760145575755,-0.4465406408221959,-0.6502961217811074,0.024361640344271417,-0.4298744049801437,-0.6627375216570944,-0.4010030874583475,-0.29536564356361594,-0.5266641708033705,0.16427732258100874,-0.15878088729252554,-0.6618227455254506,0.12789592637337818,-0.07183900310267421,-0.5742491361260497,-0.03150452450783487,-0.10643751803875232,-0.5374575784513764,-0.37685739305202226,0.14537668214260732,-0.5446757165024059,0.03439392807548492,0.2193089656523379,-0.662928588746272,0.03682921548546411,0.22598933781844754,-0.6477616893807503,-0.08859191364366199,0.1794025514181965,-0.6395374087063221,thumbs_up
0.0,0.0,0.0,0.08414478328887731,-0.5143376013740848,-0.1719627499143467,0.03929568822339996,-1.1671083131800901,-0.3149639587436363,-0.0307429928393612,-1.623909404199635,-0.41581115293128246,-0.10157717321779612,-2.053461410435717,-0.5070845242661651,-0.3868010818234207,-1.174308634368882,-0.4725692176293706,0.12851688306816333,-1.0752779718708807,-0.6170016342049933,0.14823890108800283,-0.7952584089635576,-0.6774469662921649,0.02102595728703607,-0.7380618306564072,-0.7341867727974802,-0.5055281501541775,-0.7097223260267863,-0.4906480299979027,0.10799885856062816,-0.5409144296430909,-0.6551589114297042,0.08773530761486525,-0.4050602889403391,-0.6324493966174024,-0.04545402449408419,-0.3963889153032769,-0.6561908163038848,-0.5093398014815259,-0.22116377133193726,-0.49896092811054066,0.072943382022718,-0.06633835399412492,-0.6382286218020392,0.05516789022127546,-0.010794142132919609,-0.5731112844496,-0.09675422087963863,-0.059792031127016906,-0.5519539696090038,-0.4702661278105243,0.23980665408309676,-0.5228581130041163,-0.0494549777784459,0.32302318577968075,-0.6481319796757516,-0.03398597753763787,0.2986147714884639,-0.648419419418919,-0.15044218314226832,0.23347131477691974,-0.6519213154341552,thumbs_up
0.0,0.0,0.0,0.0665616393975062,-0.5448080554379304,-0.15750370101153302,-0.0023123519115301394,-1.2269554583556879,-0.29597238693706557,-0.0906849559024965,-1.7063147257983244,-0.3984395705395555,-0.17350624897680708,-2.118227020436973,-0.4913794861380404,-0.4512366331997489,-1.1581952901340926,-0.4353937163465494,0.05582881441922566,-1.085560522490006,-0.5752645059543582,0.07675995730976219,-0.8098440891115192,-0.6385462331075075,-0.04854157323993889,-0.7458016827777171,-0.6968265379083279,-0.5608849256432358,-0.6871991996770278,-0.4616983215796151,0.06672224787561835,-0.5442161241115753,-0.617233885417365,0.05195267684690409,-0.41522611026884776,-0.5988015310157048,-0.07642822966303023,-0.39639095288038145,-0.6263318493947797,-0.5508672121568857,-0.1909925771432648,-0.4793863716873572,0.04322649650138446,-0.06181721624598772,-0.6128853435784165,0.03316866294029454,-0.015919594385158487,-0.5538057135824571,-0.10814590459675447,-0.0534801878075307,-0.5364881012255087,-0.5000396919108365,0.27932262565559324,-0.5126908724845389,-0.07002888547327615,0.3444581438021182,-0.6301824793157492,-0.05052347929626259,0.31149174756450726,-0.6303354611342864,-0.16107710109402557,0.2532922597193523,-0.6345406345911366,thumbs_up
0.0,0.0,0.0,0.04821061582498186,-0.5380761267957143,-0.15341530938751285,-0.03179372591429721,-1.1965949392604003,-0.2877349390632781,-0.12706104588677214,-1.6582245683474468,-0.38873976096715485,-0.2125986579363928,-2.0556811568609135,-0.4798379003702475,-0.4802975945774201,-1.1487686386880545,-0.40740123668535516,0.013817962542479313,-1.1414752214242314,-0.5371948992471132,0.06169243835384513,-0.8602636735677487,-0.5980251336364353,-0.047595566532826684,-0.7751057886527625,-0.654323031879524,-0.5719246051351969,-0.698059696365209,-0.43083046126227026,0.021958008317608635,-0.6118769707765259,-0.5741977690829042,0.03624275149681181,-0.46300727188710306,-0.5610324663262013,-0.07098953504509545,-0.42465012243108075,-0.590060704114828,-0.5553534095717101,-0.2215012972194237,-0.44601806758329016,0.0035617077089283326,-0.14373704372461907,-0.5670410898095334,0.017805761525851126,-0.08151105554312714,-0.5142435633820843,-0.10400056110927607,-0.09624567576641548,-0.5008051468643182,-0.503555972128737,0.23628107418304703,-0.47655570563959526,-0.11230650357215959,0.2606623332453652,-0.5804510720696822,-0.07386531911273327,0.2321290688711846,-0.5786491490943931,-0.16160317522418002,0.18940934363500028,-0.5821553164275086,thumbs_up
0.0,0.0,0.0,0.036652257754346336,-0.5239122030273236,-0.12994750600196212,-0.05673205246879871,-1.1242497491936985,-0.25416546095567877,-0.15931332854647806,-1.5484685745388636,-0.3530945919030229,-0.23823392750885883,-1.9144879043967051,-0.4429852147251874,-0.4910602521470825,-1.1231425819634158,-0.3642208413001643,-0.07160793798172398,-1.148926408496221,-0.47799616960687946,0.03181666023224695,-0.8670621678326399,-0.5294572355046548,-0.03455455532559977,-0.7657548037273847,-0.581916314444082,-0.5746843028653672,-0.7177905782017854,-0.3930834744489937,-0.05575926319670768,-0.6534411705448022,-0.5208089424428696,0.019029883208881347,-0.487955831127898,-0.5175058563359934,-0.05132981300837872,-0.4264607273768872,-0.5517592331564605,-0.5588003594468062,-0.2781043364646131,-0.4118023296055572,-0.07115190115683108,-0.20879879291771777,-0.5187221777549067,-0.0025492748696454084,-0.12764343493800345,-0.4780405902276106,-0.08219042540850868,-0.12116784595604817,-0.47332625653572347,-0.5080777026614853,0.1448188130361615,-0.4428125546742552,-0.16948196757710457,0.16907916853132954,-0.5303277903833044,-0.08996314115965187,0.15022629814777358,-0.5268897124654376,-0.1402124616321067,0.11729834113005039,-0.5315480739430117,thumbs_up
0.0,0.0,0.0,0.047320805489612934,-0.5214559528026268,-0.13902100763165817,-0.04796324357663209,-1.113534936913556,-0.2688816974332713,-0.1591245787452295,-1.5283535813142481,-0.37365541302979727,-0.24721127675824278,-1.9138173321979282,-0.4700086008428879,-0.4897545145750448,-1.1184704430844414,-0.3691143114967027,-0.08058480951374004,-1.1390210478257494,-0.4896540744622934,0.02450318850243256,-0.8480618604538767,-0.5449553112472458,-0.04335451698174609,-0.7385580133031103,-0.5994085949110463,-0.5804898233968967,-0.71158167968373,-0.39583210843881844,-0.07050755196690393,-0.6464933440473031,-0.5342908839363161,0.018352003895155213,-0.4647180766235683,-0.5360701419989674,-0.05192436472097295,-0.3929555293238816,-0.5700797628796418,-0.5666019722519005,-0.27532971005077017,-0.4135176628566585,-0.08538001053150619,-0.20153504087764676,-0.5315715588809696,-0.0033782200718550535,-0.10999676869751253,-0.49564900248991617,-0.08490034439554317,-0.09558207114088456,-0.49121259623521,-0.5138028627532348,0.14968526592582562,-0.4437906901548789,-0.18512742600998255,0.17414868819590915,-0.5399493154978318,-0.09537436559395338,0.1528425250399668,-0.5404440343884129,-0.14347791432370474,0.11584307885677968,-0.5457660818178113,thumbs_up
0.0,0.0,0.0,0.044511220273560755,-0.5256270318095493,-0.12539286658999443,-0.047439282864418876,-1.1045361319723377,-0.2512352078741895,-0.15681942874142177,-1.5139686581167437,-0.3562795644853403,-0.2394357041030468,-1.8968854320336532,-0.452539733323916,-0.4860339339788417,-1.114618049535561,-0.3437424486534248,-0.10392321100522424,-1.15071281290407,-0.45980547497045354,0.009660827924113177,-0.8677354618728482,-0.5116402978084919,-0.04261776203096032,-0.7479901522867789,-0.5630605341077067,-0.5769367154038816,-0.7253028919206779,-0.37560580585299963,-0.08833044397809736,-0.6716831070089336,-0.5099505477928371,0.008936927256243938,-0.4925806105961853,-0.5136547026000234,-0.053270507286061725,-0.41506654543939026,-0.5469558007836101,-0.5650300390164765,-0.30186746781423446,-0.39840609232537433,-0.09898974791553962,-0.230671303541602,-0.5122344699629389,-0.01056603725127143,-0.13707779489516023,-0.47887039731246883,-0.08165159323696751,-0.11618383391082569,-0.4751025454717003,-0.513358738580532,0.11167457305526078,-0.4330517481798824,-0.18590251603102437,0.14122354911928592,-0.5210218259125772,-0.08963940134360063,0.1301893998114423,-0.5189791298556934,-0.1297534141819301,0.10323321539013473,-0.5227351983010698,thumbs_up
0.0,0.0,0.0,0.04549094126291442,-0.515821303646639,-0.1290839459114195,-0.04061444133656339,-1.0957989102474721,-0.25352493687395344,-0.14036378639989466,-1.508248053202077,-0.35446087397234816,-0.22527488786346697,-1.8796861415607793,-0.44575959186646563,-0.471068405030653,-1.1258220454300971,-0.3485215015865829,-0.07879901577296325,-1.1503243506908651,-0.46558706260745414,0.028997070476702323,-0.8613629445037374,-0.5165717137506263,-0.024054172249935588,-0.7427509304249815,-0.5668903000031318,-0.5628365189364887,-0.7356716280204569,-0.376831910375416,-0.06944274021354684,-0.6605431724734855,-0.5113554499458935,0.020498199057437206,-0.4835757129771892,-0.5151836228599121,-0.04360069934606295,-0.42294029648818343,-0.5490308227005097,-0.5539742334080918,-0.31401732670855254,-0.3961947595644153,-0.08425933219360546,-0.23218686210958603,-0.5094946320250455,-0.00423960920530712,-0.14032159349996493,-0.47574769583875415,-0.08058077752341639,-0.13351965389550477,-0.472138426351608,-0.508358489988543,0.0916538599741837,-0.4274521203454453,-0.1795152444483685,0.13095654625872122,-0.5154073007465133,-0.09616383684088237,0.12002547622640163,-0.5144229848047315,-0.14779584365462115,0.08270319142382873,-0.5195469238823812,thumbs_up
0.0,0.0,0.0,0.04880548062190049,-0.5107839355291477,-0.1166243429330884,-0.030142811975163143,-1.068519745451851,-0.2345275128279983,-0.1263166743566127,-1.4679424628144333,-0.3309966575127705,-0.20909062104168322,-1.8248928806774973,-0.4173528803500547,-0.4471873537114184,-1.1252745999844418,-0.32954654279523193,-0.08104281143628848,-1.187246400139971,-0.43977235954931765,0.029207579040319655,-0.8913344581362345,-0.4849133865218951,-0.017200227304632373,-0.7513419637639158,-0.5311020705471355,-0.5361383972921034,-0.7631398954263244,-0.3607950927573057,-0.06841377368053472,-0.7223467737903188,-0.4910119641444648,0.025444273814635106,-0.5273241980053825,-0.4937944941965849,-0.03577393218353106,-0.4465605779883051,-0.5241829373614946,-0.5289128215688551,-0.3673122049824426,-0.3825987974145197,-0.08091938613740432,-0.30560082796614035,-0.4907053095358971,0.0031505261859494068,-0.19383921982656258,-0.45676669246038626,-0.06885053382323549,-0.168214897766648,-0.45198883976071297,-0.48437685955483223,0.015575763748872243,-0.41513310709991286,-0.16675075985686102,0.04482034917176091,-0.49721191168604917,-0.08212278280152482,0.05572991558154818,-0.49475915197716785,-0.1328778317612974,0.03774969128499859,-0.4984478082248327,thumbs_up
0.0,0.0,0.0,0.04842738930244282,-0.5216040967848905,-0.11298253227691095,-0.031521279313082066,-1.1038505730280508,-0.23004778284510793,-0.12929412151916386,-1.518445093186526,-0.32723216699102464,-0.21390399812156766,-1.8803463345272287,-0.415181049347651,-0.4480243505957036,-1.1354313473328324,-0.32198885584180564,-0.07092997293088503,-1.166177219544153,-0.4308363401376747,0.038747236408062095,-0.8785089640620877,-0.47852521909425816,-0.01118955069484233,-0.7538955534920909,-0.5273555417889194,-0.5388753942647377,-0.763135355794133,-0.3567039643639876,-0.06044614459614552,-0.6954675272239582,-0.4828495627128502,0.02979680109143091,-0.5144522071197238,-0.4851676212614468,-0.03454292366130613,-0.4408473700408516,-0.5179517173826894,-0.5303550102232816,-0.354435660770867,-0.3822656095407736,-0.07197787366866204,-0.27343963925358417,-0.48695137534038946,0.010164111233858,-0.17520891570254543,-0.4535743015118227,-0.06605982028623339,-0.1574226523645268,-0.4515668933779877,-0.48356247316972706,0.041888418575704245,-0.41868876120402665,-0.15628490651957952,0.07975922692004035,-0.49915272437933494,-0.07175906796254108,0.0830405455414273,-0.4970661265489057,-0.12601181679294213,0.06058277489936658,-0.502471734118852,thumbs_up
0.0,0.0,0.0,0.03782271717459827,-0.5051894143113598,-0.1307620876687833,-0.048935829482512246,-1.088263473850273,-0.2540729205022144,-0.14069107322746674,-1.5148547832425405,-0.3509986340161609,-0.2082424420443498,-1.8962193294652974,-0.4372587111454565,-0.4714705271994805,-1.121052643310092,-0.35890247368221073,-0.07570234433880811,-1.1359635113603617,-0.4768110975785582,0.018317691606565125,-0.8478103157652589,-0.5252449358754822,-0.04368613650025975,-0.7346414769789023,-0.5738603790204422,-0.5629541806969844,-0.7310652757703586,-0.3855205999665855,-0.06695713837090572,-0.6449346547807968,-0.5211673632931182,0.011677141016830393,-0.46879136265886395,-0.5204519878197509,-0.06226144441623239,-0.4200419274789586,-0.5510289927329097,-0.5547178965371675,-0.3066386871512341,-0.40308784038836465,-0.08485313258910626,-0.2112712931151897,-0.5182024091809111,-0.014247894844564082,-0.11937236573309874,-0.4805464777184395,-0.0970573389948684,-0.12627391342370312,-0.473430869581764,-0.5102491068134457,0.0998352226461763,-0.4322257550691826,-0.18090333380743362,0.15440052068517673,-0.5217851465862815,-0.106953140990351,0.15096045267950434,-0.5199659990470831,-0.1687365414938515,0.10908732194728686,-0.5238207211255743,thumbs_up
0.0,0.0,0.0,0.051285920629664083,-0.527555944500687,-0.15554608604714074,-0.01916644450931184,-1.1955276916598796,-0.2913409774765756,-0.10119609834672631,-1.6632618964402601,-0.3922182141192035,-0.17949577713713397,-2.0477371545226113,-0.48329448707706785,-0.42911462869029215,-1.1723256923414074,-0.41610190356061383,0.051775101842274206,-1.135765926722768,-0.549623934562019,0.09175888235602049,-0.8433197545122674,-0.611855253124688,-0.015896233867936684,-0.7581611414256103,-0.6682406152831611,-0.5271419536610883,-0.7284324148552225,-0.43761576488805753,0.051301896998971544,-0.5999377732250148,-0.5839885977564214,0.06374419197849497,-0.4575028617978201,-0.5726124718350196,-0.04327250345606543,-0.4341618934256879,-0.6026933759113753,-0.5205615914550686,-0.25410973288758615,-0.45077268540264304,0.028070480873520362,-0.14217776795929074,-0.5703599939575155,0.03541365131568904,-0.08828896709829967,-0.519565695374661,-0.09278847060029073,-0.11743645813768577,-0.50940941596853,-0.4809249799823087,0.19488862857529804,-0.47939019842922287,-0.08765092669864859,0.24174199429816529,-0.5794026823839292,-0.06030115759611712,0.22047592519071704,-0.579224596584782,-0.16359459820250705,0.1745940748776524,-0.5860841648639403,thumbs_up
0.0,0.0,0.0,0.04916504803960919,-0.5505412682683017,-0.15490253101247672,-0.025315188805205585,-1.2159416883128547,-0.2950922627346166,-0.1118907702272786,-1.6814634244631028,-0.4001357186909765,-0.20285782429890115,-2.0779908775333324,-0.49595402045831716,-0.446166023582637,-1.1628245539743312,-0.434381986298167,0.04184636970828637,-1.1462224443193636,-0.5712005933218718,0.1059368726555622,-0.8608279926945576,-0.6312777110582569,0.012519190358659782,-0.7641327113685495,-0.6867635203637948,-0.5436967765366675,-0.7043397735285323,-0.45639815798205413,0.0558550638565557,-0.5844677919841482,-0.6085309001759849,0.09117984032728112,-0.4437031754225755,-0.5959452307156036,-0.0075265500479931,-0.41434425080759163,-0.6258438912543505,-0.5317820744735762,-0.22455644371018166,-0.46772620355658134,0.03611468899407164,-0.133975911488725,-0.5931186402577143,0.05835018858348647,-0.08174233156508247,-0.5412084237169682,-0.06619113630135712,-0.10618937369926196,-0.5307492553530465,-0.4842050866540993,0.2213678376843789,-0.49328592388280246,-0.07112334106500522,0.2527565997269358,-0.596815768243435,-0.032354402541081954,0.22623668474269049,-0.5946726307683731,-0.13198246821474138,0.18027644742500765,-0.6003339140322144,thumbs_up
0.0,0.0,0.0,0.08356345337930594,-0.5416532521469006,-0.14184094858210552,0.037484465587731094,-1.2118561257857734,-0.27221537356504055,-0.029768980734360594,-1.679328577968025,-0.3622694071658854,-0.09665477149161951,-2.1254118162898297,-0.44331501067699547,-0.31258006621964646,-1.2157486877659525,-0.468549213694535,0.20415364464313202,-1.1725262933629879,-0.6040992334412837,0.21219299999406827,-0.8793298069225146,-0.6508490362634383,0.07812729402768401,-0.8010523926641991,-0.6987721398881456,-0.4089051292047318,-0.7657321604013997,-0.4964381470405612,0.2066069984122424,-0.6918276928612827,-0.6553297776472424,0.1602418091809731,-0.5218990977984106,-0.6167577743887172,0.011458482603772769,-0.48526253351331794,-0.6286281146252307,-0.4036006030553393,-0.2924155832407648,-0.5102845490629163,0.17279297246344158,-0.23364712695424195,-0.6451148604539709,0.1293982177956787,-0.14103962468047973,-0.5631843468333652,-0.038332783891010594,-0.15250325029215375,-0.5298663083965545,-0.3599573160057538,0.1586934858022698,-0.5358462713336267,0.05621933137027865,0.16627983945725514,-0.6590458093562166,0.04310966522977711,0.1870506413676302,-0.6491047920837398,-0.09760428195036097,0.17727058634244122,-0.6437789989016742,thumbs_up
0.0,0.0,0.0,0.09439098539664868,-0.5935222000566099,-0.09816640882658159,0.031689516308778594,-1.2577051215229154,-0.22437077496583965,-0.04687168627421198,-1.7108363277606589,-0.3184113409212985,-0.12403707407961684,-2.157121119025063,-0.40403942092301504,-0.29497069915013197,-1.2351220251466906,-0.44606566617149357,0.22492792246079724,-1.174490543722908,-0.5782359749513362,0.23273064008894187,-0.9092032303307729,-0.6188867492813352,0.09563407995413657,-0.8247852567538956,-0.6636828674578852,-0.37981264440186135,-0.781030984334158,-0.4957145717673435,0.2197238502799116,-0.7092629353711509,-0.6508379102225115,0.17635879544238503,-0.5494489246239382,-0.6052583415551616,0.02273355616753326,-0.5292432342271886,-0.6102966254120094,-0.36567493381402755,-0.31524928837534694,-0.5258176202578125,0.18880302103640084,-0.26807724762571483,-0.6490482863667353,0.15686612905195926,-0.17489643929230494,-0.5442792132473764,-0.01080273046235859,-0.18098010082594893,-0.49547567269964177,-0.3122091529301168,0.1250319453006454,-0.5628221816733665,0.08446346470626849,0.1012426276115636,-0.666872756310427,0.07475139113489801,0.11798477599542899,-0.6331879877644174,-0.07210414646866252,0.11323759298364358,-0.6126072781037911,thumbs_up
0.0,0.0,0.0,0.13265994094438935,-0.6672872588096427,-0.04043719900164725,0.1218574927535605,-1.3171797909795828,-0.14967638733494937,0.04983654768375013,-1.7230077246729782,-0.24765089361212844,-0.03768103265786852,-2.117188671296017,-0.33594969935205415,-0.15875714850519074,-1.2999113882864592,-0.3342578944502282,0.31679473534026215,-1.2377823624066022,-0.4588161339252133,0.3167018104755081,-0.9930931472304486,-0.4953738194408617,0.19339603656895055,-0.9162168106403675,-0.5353376052709067,-0.2366261650635387,-0.8772583977764199,-0.4176430791214799,0.31512787874451753,-0.8198259831044494,-0.5661712201229779,0.266365757975274,-0.6320054384207566,-0.5289619158274547,0.12643680315390904,-0.6202688933285715,-0.5321956001156162,-0.23241128174148748,-0.4595150722946165,-0.4831832555801216,0.28761700117599753,-0.42931072038539214,-0.5958759998788603,0.2394633362603191,-0.2939846438648566,-0.48924417887843324,0.08287874415834035,-0.3059961926872276,-0.43649053114684166,-0.18665467431531896,-0.07021187302887623,-0.5541052294504955,0.21194074207841718,-0.07136010114031853,-0.6376059978393923,0.17543864313947466,-0.005997289967012231,-0.585944217268664,0.0233324908237854,-0.009758726883805831,-0.5534354970556792,thumbs_up
0.0,0.0,0.0,0.14581236896677188,-0.6441823632876237,-0.0032328937047512067,0.16111812738946568,-1.2496990579855871,-0.09965846997416943,0.09966415849191264,-1.6393031524403419,-0.19233123089597734,0.025451230457275757,-1.980050039822296,-0.2726537367447595,-0.08237898989477913,-1.2703235617320088,-0.279587973328957,0.32018714196766757,-1.298456896593435,-0.39042273307687125,0.3192724456003514,-1.0920608769470297,-0.41470445458619315,0.218347610005746,-1.0143168712154407,-0.4412766553905208,-0.1440296456446845,-0.9191310468430604,-0.3666790966289817,0.32562467119670946,-0.9112999917737424,-0.5006992687662083,0.2823411426210721,-0.7193203586701422,-0.462023741715371,0.16126102985423418,-0.6957082889640775,-0.45158471666402644,-0.14064014389173043,-0.5554972142450446,-0.4336071343731504,0.2915745713298781,-0.5320489095576768,-0.5170195743923605,0.23847490964901102,-0.39968577289957974,-0.40592888658043336,0.1005142171198906,-0.40437176781601625,-0.3456181976974278,-0.10695049589594827,-0.2123431740367232,-0.5038562676060198,0.22873692067641443,-0.20698571842507027,-0.544298147506715,0.1780762483203945,-0.1438590068365429,-0.47641353754637705,0.03654661195597798,-0.159989017028598,-0.4340106981692246,thumbs_up
0.0,0.0,0.0,0.15013830550876367,-0.6045662696320363,0.023493428347655557,0.19759731891180882,-1.1989812034224354,-0.0592507112872453,0.15366207244928334,-1.6040821516723676,-0.145750252905852,0.08262736713170316,-1.9370264708687317,-0.21963209963728816,-0.00565296848399677,-1.2326912873465645,-0.22561292852069406,0.3746905105788453,-1.2636839767005827,-0.31719348802007474,0.353238408938734,-1.0670897546506941,-0.33092783920194035,0.24547871784221062,-0.9993573361833579,-0.35203374754644656,-0.056888806059372105,-0.9452160715121476,-0.321450185721336,0.3713538959649816,-0.9241005359903441,-0.4316627715682869,0.31232048487845726,-0.7434707044714307,-0.3969545969144319,0.1924643280267407,-0.7269007369822447,-0.3886057437250275,-0.0517259984309039,-0.6352227229423965,-0.39638854639558124,0.33647424753035404,-0.602123497170881,-0.4557292019689888,0.27354507537254824,-0.4799536270462327,-0.35369765385804225,0.1460028002165628,-0.5006048575601053,-0.30307275695394353,-0.018918668675037754,-0.33509024452211755,-0.4730837018892289,0.27552332277600633,-0.3231133758151759,-0.49550033666963,0.20990294197033732,-0.2578281308043307,-0.4284791190485649,0.07790718960913685,-0.28891522150830234,-0.3900845881827519,thumbs_up
0.0,0.0,0.0,0.17758518963530381,-0.613152260904342,0.023889000988692368,0.2926677383746798,-1.2160743347758047,-0.06362085896840874,0.27302303513005427,-1.6379165685825157,-0.1504304903341202,0.19358461294441323,-1.98462565370225,-0.2234690944394234,0.11301583849426715,-1.2536819221036186,-0.2672385098168524,0.519191571175122,-1.1893384578608677,-0.3590195171714123,0.4778463529960373,-1.0073341908654976,-0.3668543451568146,0.36348196168848906,-0.9715128193864953,-0.3834563438510157,0.057189423116745776,-0.9297828248453737,-0.3636388985052759,0.515526214953572,-0.8485922591363605,-0.4568840694002614,0.4324336792665595,-0.6973271952126479,-0.39807196612465096,0.3092058944792943,-0.7039955049382759,-0.38176873124703714,0.054745737580744636,-0.5876785514119243,-0.43679261143057224,0.4829078715091762,-0.5203566840948732,-0.4818646766272872,0.4059394061138316,-0.4240228626348551,-0.35687253046257816,0.2830569334463433,-0.4671304345627802,-0.2970332383522667,0.0814466243971664,-0.2730267062223572,-0.5113551920684761,0.4121190016765864,-0.24011398706389264,-0.5275053596052887,0.3507048396485789,-0.20106664322338846,-0.44563010650130624,0.2374699975540945,-0.24622819129499535,-0.3984402799321404,thumbs_up
0.0,0.0,0.0,0.1609973215855858,-0.6215033810939954,0.05847998530117949,0.3443512989641538,-1.2444800059800005,-0.04542144406395961,0.3931314684130939,-1.7009645824342334,-0.15386855739938637,0.34698028788605656,-2.067652912274065,-0.24707114903504757,0.2632223908271122,-1.2068689144665294,-0.33212904061604337,0.7191218447469483,-1.1655623385251797,-0.42347346820668114,0.6255544890233388,-1.0001867853886923,-0.40588566731858267,0.4704273927016553,-0.9720009041590414,-0.4030900540988054,0.22405080588928575,-0.8667115978296711,-0.44565931221943433,0.7145118641725962,-0.7931616577561905,-0.5274780611996076,0.5940656217118905,-0.7024560399737202,-0.4409820194287239,0.440903642109551,-0.7146587385536933,-0.4071150683881028,0.22545917495466625,-0.49699415575398576,-0.5237470144215829,0.6810480051834159,-0.4623918015622241,-0.5407475052845025,0.5658938654227198,-0.4076500322344179,-0.37499542248464485,0.42154784867146206,-0.4507588505814347,-0.2953187269782347,0.24874670182512143,-0.15786008480535005,-0.6008278771163762,0.609891805023136,-0.17747525215048277,-0.584649695288391,0.5145733316784283,-0.1520396093318107,-0.4644079207160935,0.3821140148387068,-0.1765070062305008,-0.3957251476332267,thumbs_up
0.0,0.0,0.0,0.13136644988542687,-0.6357108878108803,0.05240395290857319,0.370913669691418,-1.305434876837255,-0.07894091420274095,0.47503477244234876,-1.839782330588767,-0.217281778445723,0.4349901747985963,-2.290168919466389,-0.336167147442656,0.4276646256903761,-1.1864970854373005,-0.4103522174455835,0.9694077104894262,-1.06705171645417,-0.5129780401794518,0.8572476848760869,-0.9735048818261322,-0.4621097558101784,0.6762776833063281,-1.0032097713071568,-0.4269735557610274,0.3948929759713651,-0.7510746592215973,-0.5290995877938665,0.9568171166385009,-0.624590584441966,-0.6190256811397883,0.8097321300187269,-0.5910917352800584,-0.4863571533183092,0.6194655446619343,-0.6210102078142417,-0.40220439742009706,0.3775587406496204,-0.3053122070112421,-0.610429956474921,0.8898915661615117,-0.25851304531135133,-0.6211326684242391,0.748628306899929,-0.23834406705639083,-0.4010625067739136,0.5687052436889563,-0.291575511241136,-0.27124230920041587,0.37566605154015725,0.10975753409723023,-0.6945717869007335,0.8025529425116663,0.07493046532349308,-0.6591082994274902,0.6885385265357475,0.06599207811519374,-0.49849217483467917,0.5280432575321676,0.04014090071682833,-0.39270495740735106,thumbs_up
0.0,0.0,0.0,0.14072767457011384,-0.6340440084889682,0.058234508430762603,0.38234200449142547,-1.3144392241260099,-0.06190155229229991,0.4900490567730248,-1.8626796917408808,-0.19428858421804623,0.4604101495121642,-2.3150501179342187,-0.30772210978657344,0.5210986924008674,-1.1700004685247531,-0.3545783938194603,1.0266802129843229,-1.0495526654000467,-0.4382494158538793,0.902438651239843,-0.9462809632695062,-0.38623836481703316,0.7164715478273089,-0.9886965827636508,-0.35234443949312083,0.4984191543586157,-0.727238119176037,-0.4719142343538091,1.00833553485329,-0.5867900696211297,-0.5441874702177627,0.8568587654978983,-0.5499639256412884,-0.4243978529574248,0.6619379481068569,-0.5946088152386361,-0.3493310976544451,0.47530959202915585,-0.27366046575358627,-0.5546511004630272,0.9360312948935998,-0.20800236122143145,-0.5464824034668142,0.790154083685271,-0.17805828627570633,-0.34532867054751204,0.6069032415382407,-0.23305165405000725,-0.23033939474414014,0.4593160158138409,0.15189587079044298,-0.6410713203632993,0.8522597406083713,0.14387748904429146,-0.5866495118335724,0.7343981327865666,0.1359844680321209,-0.43533251019645436,0.5746668800345635,0.10285764201186923,-0.3394780968556985,thumbs_up
0.0,0.0,0.0,0.10543422387109669,-0.6208229252718701,0.06839664595551605,0.3071342382319397,-1.2705125905318142,-0.03357494379237878,0.41896667736706367,-1.7903815480798229,-0.154022681712868,0.4199055840932598,-2.192303212709914,-0.2583177828111647,0.5520326602250757,-1.1577313755279952,-0.27237290537341646,1.0076663801734722,-1.0266989378455336,-0.3244859086965195,0.8746781795402389,-0.9072729462888194,-0.2622648125346635,0.6917979508301284,-0.9597915044591806,-0.22431319232927557,0.5534101583348602,-0.7376501541529781,-0.3867937780392438,1.0042208785261926,-0.5891061776584757,-0.4268433019384258,0.8429851847782822,-0.5260503862242668,-0.30779777418871884,0.6559147523462397,-0.5746142619038529,-0.2342384969397997,0.5394578672192378,-0.291180518472288,-0.4716978436824915,0.9425384033617265,-0.21637141469006183,-0.4486308140116568,0.7916114471377774,-0.1460766908698118,-0.2668084444677324,0.6206143350905831,-0.18079064687799967,-0.16408314339354432,0.5221067437912021,0.13150247650316532,-0.5597904787208482,0.8643078853308617,0.15488531873396108,-0.4987579451356864,0.7323815375210545,0.17318873077632613,-0.3606350722070699,0.5816114839354756,0.14858947491415764,-0.2734991794426875,thumbs_up
0.0,0.0,0.0,0.07324053230295073,-0.6643423769300255,0.04577969570968782,0.2685772198088114,-1.3270048359326738,-0.031429912966792886,0.4021540651364524,-1.85820757606957,-0.12444099910141942,0.4122066203212967,-2.279726755234427,-0.20144763599732443,0.5822121652049168,-1.1599014482077126,-0.17838229504702388,1.0184278968794473,-1.0732000788160792,-0.19295593063330743,0.9164677278732829,-0.9192180646668553,-0.12222383538632856,0.7583326591079007,-0.9351192861857837,-0.08002139348612762,0.6174931710347188,-0.741220798115922,-0.26323733049452214,1.0272819241035125,-0.6302377230526194,-0.26321551697858375,0.8716779908180678,-0.5278234576286363,-0.15753202814948492,0.6920250293642989,-0.5532665038008727,-0.09159797885480248,0.6273495538377105,-0.2990625785333779,-0.3267472222266319,0.965182277242988,-0.25367272457437395,-0.2782734531325656,0.8200252909222511,-0.15918075285299613,-0.13467445933926817,0.6596507864795121,-0.17939742560332084,-0.05524731645909329,0.6280175634440884,0.12234094421852583,-0.39626877395444265,0.8896596630927124,0.11767170036107534,-0.3132210938517285,0.7508839084766193,0.15629002486788887,-0.19820661237210052,0.6070588473363214,0.14419488872625982,-0.12671345357587435,thumbs_up
0.0,0.0,0.0,0.06451951322440312,-0.6734842785303253,0.05062808544787734,0.22178805083889508,-1.3009263441071395,-0.007961940969507761,0.35533513491990387,-1.775212420482157,-0.08318246663659885,0.4078049414177108,-2.1538606627282224,-0.1438877441552499,0.5922601068080791,-1.159909270572576,-0.1096684071349475,0.9651235798616851,-1.0192867312964193,-0.09122907956772552,0.855511953275577,-0.8673559432101043,-0.01774434074768052,0.691969053502983,-0.8712785367018452,0.023818234435792687,0.6536716065396684,-0.7339809397632197,-0.18435127031878282,1.0164370824950666,-0.60386003148061,-0.14812392982242018,0.8808687415605465,-0.5023171829568831,-0.0582490602871627,0.7046224236439048,-0.5027120422023235,-0.009737906877504667,0.674987831039815,-0.30147519638722364,-0.23906180147601586,0.9439763486188462,-0.23760679468400545,-0.16083200949922624,0.8145096392342378,-0.15808051771715256,-0.043819498905438174,0.6618411305823676,-0.17307281953662101,0.01141928978803358,0.6772266667121101,0.10123866066057276,-0.29908534252351726,0.8609870098253165,0.08994146140954612,-0.19767579961850526,0.7386615655100959,0.1299681643769661,-0.09920773466343877,0.6118188014322243,0.12241416577530717,-0.043506231717041634,thumbs_up
0.0,0.0,0.0,0.057359139357064576,-0.6635877676385407,0.07376383657560669,0.21030112833889805,-1.235196425981341,0.05946430584222424,0.3551032433588531,-1.6739873690804534,0.026764952970203645,0.4194965672060562,-2.0358015420211353,0.0063835745478777114,0.6296548326440137,-1.1043163479636575,0.02495696757182945,0.9129052903544466,-0.982930503131009,0.10429376958256567,0.8048520547936984,-0.8514102227095514,0.1851359687157669,0.6661403776169389,-0.8667886413377484,0.2237228874100209,0.6966654174512769,-0.7163558988710031,-0.03861997255507052,0.907622832096704,-0.5676857629238117,0.07719129949861443,0.7806337970631415,-0.4827665408255532,0.15943769627178048,0.6425361465268493,-0.493638628346593,0.18610502385675076,0.7126171799070904,-0.2947766239435061,-0.08547233446731614,0.8556434428405171,-0.22644085169749464,0.044790642046137384,0.7426808324918119,-0.14802835669020611,0.12963302211634462,0.6217374526702449,-0.15978316663891295,0.15082643189772638,0.7078935584274206,0.09450081295119778,-0.13491265497205665,0.8092130000347768,0.10923492935727137,-0.004657254745515618,0.6919178278027959,0.16212384754571682,0.07804269675170634,0.5827831863097609,0.16271989805957549,0.11490665200167113,thumbs_up
0.0,0.0,0.0,0.007249717794937227,-0.6722355639257359,0.0434774774396927,0.14187129301112314,-1.214698854574494,0.03701954132751318,0.28007920924786733,-1.6184628411603632,0.018598809470358562,0.3374126511819164,-1.9724120449961984,0.011995799801320045,0.589789074023384,-1.1072040449703624,0.055792865839400574,0.8038029070165884,-0.9758266322390278,0.14754697847858314,0.702148228051197,-0.8344409531711198,0.22079833189952927,0.5760365965514208,-0.8261280811957457,0.2525229886338974,0.6779732841146242,-0.7348770276033001,0.017548798470800365,0.8070429670056739,-0.5721012395022125,0.14300946621755947,0.6798543543952882,-0.4809772113342123,0.20538436263554044,0.555769963580861,-0.4848669850971363,0.21798732459259415,0.701449892105322,-0.3284230193495086,-0.008828329224675703,0.753544598891008,-0.2458087829536304,0.12379979569771574,0.640903740153958,-0.17596546393172752,0.17423337155905966,0.5368498608871383,-0.19645454333935466,0.17311946798655978,0.6946354946943996,0.04686843106890708,-0.03961059959123942,0.7141676289786324,0.08544738958273287,0.09008215221833758,0.5982116497744153,0.13294821277669044,0.1471476878837688,0.5055523765243611,0.11783006004765015,0.16549156085975053,thumbs_up
0.0,0.0,0.0,-0.00838439743101273,-0.6782137545043185,0.06535068344778115,0.11422175040844061,-1.209127762009437,0.08236195617412166,0.25587515192956434,-1.6005757948612733,0.08544594986354243,0.31060545292664654,-1.9330765011045747,0.10127437986061927,0.5538277546721423,-1.106320768128885,0.11145418303910694,0.7511143877512529,-1.0233986401099064,0.22919360350313764,0.670392986722944,-0.8757060961498414,0.31772378372988247,0.5622068320540238,-0.8333517072237124,0.35967957536380213,0.6537329573098262,-0.7530112808248655,0.07488131594359217,0.7651480862431927,-0.6248087368575134,0.22393883580800014,0.6542676222475271,-0.5255584913795561,0.29487328603586466,0.5424127025859685,-0.5069861998620018,0.31515667530007613,0.6872294644322519,-0.36499674857074754,0.05092611836002574,0.725774402622047,-0.2980306301298378,0.20155735216761123,0.6228781501394023,-0.227546481421678,0.2534962898860863,0.5257890268419148,-0.23375409208311218,0.2550413208213171,0.6933300829944887,-0.003651622612103876,0.024756778210506165,0.7128218563369121,0.02874274766527654,0.16749065769609683,0.6038820280410501,0.07704524707854422,0.2269804445921015,0.5137964538667041,0.07320328493085138,0.24811858841675072,thumbs_up
0.0,0.0,0.0,-0.02019673060184787,-0.6839981967116752,0.05248861819349873,0.09398087448994738,-1.192347376319607,0.06411338022263591,0.2399843947865043,-1.574083604444527,0.06641592969603836,0.31248337812651256,-1.9169384260632156,0.08146512462007972,0.560947082298306,-1.1040067695226652,0.10072117198916092,0.7134546150610503,-1.0202301156217646,0.22036469330777433,0.6397180272699154,-0.872673000663527,0.3072823235632754,0.5429009759128026,-0.8273027652642355,0.34881269061518827,0.6666344916693625,-0.7415367768011536,0.07564154392981429,0.7323650391847596,-0.6181699586597423,0.22568320532967534,0.6224090403873632,-0.5226435110184456,0.29841534962400285,0.512267114439786,-0.5019374145105554,0.3209262322409822,0.6942663029008612,-0.3425766470996967,0.06316960835028877,0.7014681867658785,-0.29344289094243026,0.21243070338376324,0.6000714259745731,-0.2285305374808336,0.26430461105125924,0.5013386660608204,-0.23053047189595297,0.26708245291695243,0.6879338934592628,0.02578142068755723,0.048519183653853215,0.6817710816646707,0.043664518523826475,0.18905503749449634,0.5782004915735622,0.08301174559430129,0.24666412809220034,0.4925485231501905,0.07851626201858874,0.2677823834088361,thumbs_up
0.0,0.0,0.0,0.0007834404387772421,-0.6809937245534948,0.03398514203053525,0.13686914649748655,-1.2142077212103797,0.028322224588678502,0.28821250626132994,-1.6349279054772468,0.01568046021646696,0.35458525775995114,-2.008999408638068,0.015420192920525669,0.5918657857129326,-1.0894374172993866,0.04360963116122031,0.7883109564037223,-1.0511959648196065,0.14467962012817268,0.7185337948543481,-0.9068425291763764,0.22690603642740093,0.6119530718767382,-0.8485492051501996,0.2667369717966582,0.6937642931758818,-0.7199451969237651,0.01923535652306093,0.7800095397441053,-0.612748893035422,0.16205228049285525,0.6693152505964083,-0.5235201808932894,0.23646254856760748,0.5564788089810521,-0.5008663427003556,0.2568843121164633,0.7193535136816902,-0.3179106861577247,0.00699541669324351,0.742583199312167,-0.27535296920984265,0.1540952925818185,0.651866209467705,-0.22162496366850507,0.20803409427576172,0.5553380552072799,-0.2202403385049334,0.2082861534963134,0.7125354800211834,0.0510845778792966,-0.010141217078273925,0.7178540069543288,0.06570131338644616,0.12775971981125764,0.6250518735385243,0.09577897674418197,0.18467950373703573,0.5438121808211418,0.09616191529014785,0.2030899581531814,thumbs_up
0.0,0.0,0.0,0.005660175247954461,-0.6644627097452374,0.057060495188110356,0.13405690873431259,-1.19810606876718,0.05285732093263876,0.27494718496250176,-1.619544444500456,0.03931903423094302,0.34179637216007325,-1.9699650172126166,0.03843252802269253,0.5852393498185602,-1.1114479654057392,0.024268965300732765,0.8298616013705364,-1.0607536142194591,0.1249370830424535,0.7343998181369268,-0.9212278899850798,0.22089047201419332,0.5989694470879493,-0.8757193455364688,0.27078902900870633,0.6858710992194296,-0.7276450877604383,-0.010650892621499763,0.8224128560030005,-0.6339628228918904,0.13120505178381614,0.699030087352106,-0.539059985499858,0.22377495856132798,0.5736002078431681,-0.5081697417328588,0.2579319663910363,0.7110581719045065,-0.3103263918028351,-0.028981693293726147,0.7675586578803676,-0.2839453361231747,0.11700763116854726,0.6646113565264867,-0.22188565853571648,0.18953917218056704,0.5604777095958983,-0.21257338320648517,0.20369406546088134,0.7021659545584442,0.07526958183930706,-0.04889737640488558,0.729977753186838,0.061800571114338315,0.0862292791092702,0.6317277466939035,0.10093526604460029,0.1541673198907805,0.5459677471011912,0.11116657732488638,0.18281782014886927,thumbs_up
0.0,0.0,0.0,0.0089955717766336,-0.6708710211763266,0.05167756156577349,0.15342206918471304,-1.2280188059833508,0.04665064640180221,0.2940377848747439,-1.6700360781245658,0.035301471137583265,0.3594225420219492,-2.01863748668554,0.03635882273690183,0.6002226887693674,-1.1168537223120907,0.001429520620157217,0.8710870455686917,-1.0765145857415925,0.10284251207849958,0.7614238917925167,-0.9517177135174615,0.2099791194547606,0.6106086940698198,-0.9235660629427073,0.2686610272575089,0.6891906683952477,-0.7240610541114262,-0.027418835058433434,0.8832522601294758,-0.6784235431640494,0.1025123815541208,0.7547622272031761,-0.600470180090355,0.20425027999905418,0.6139006905497792,-0.5674419204382687,0.2510952855115273,0.7078800214344971,-0.3064023287784159,-0.037999676265775356,0.8109853511868305,-0.3145606337970387,0.09867352564833212,0.699786303577257,-0.25786368503461976,0.1811234479414644,0.5873921150891663,-0.24957982480141247,0.20861859577211025,0.6924615070119956,0.07814322705672452,-0.049497730852831844,0.753158962279025,0.03396449509919924,0.08150030924373365,0.6493977387671327,0.07346706089402845,0.15459147007458537,0.558932283533159,0.08618265829125067,0.190748535746877,thumbs_up
0.0,0.0,0.0,0.0032250610826955366,-0.6993189272853008,0.02694952483262069,0.1492479418427046,-1.269007569543972,0.005618531618476778,0.30801374333759585,-1.7080839253833278,-0.01828753349609212,0.4044000853592855,-2.03785117856609,-0.02875528497480907,0.6205322001644209,-1.1207137379301375,-0.042194020791364174,0.9213561244295908,-1.1060798834484222,0.04435396741059172,0.8077769136460738,-1.0002244913112235,0.15286344165873472,0.6442603172478688,-0.9678797478063909,0.21510858411452283,0.7119696038065212,-0.6992593680292355,-0.06430862678473646,0.9427437080161517,-0.682595850313998,0.039728074441072174,0.8043030110862083,-0.6228001004222037,0.14143399318234393,0.6508330443208671,-0.590379818348703,0.19552709865152199,0.7276633225132422,-0.26251308650033567,-0.06851647914659291,0.8483669824539912,-0.283166202773077,0.04927507364087231,0.7221231495673461,-0.23806822461340957,0.13596116940740735,0.5990603620204994,-0.23019100456610364,0.17217184430101454,0.7043576403484231,0.13345079340349877,-0.07565772474036782,0.7714881852578948,0.08410464235511832,0.044490617770811106,0.6579397709677579,0.11251353589938322,0.11855242557980837,0.5610086796527882,0.12412439496959007,0.15920909906798408,thumbs_up
0.0,0.0,0.0,0.03527791828332833,-0.7226853396772089,-0.016388162318713692,0.2135639660445833,-1.349739423238422,-0.07052696593084216,0.3817963306181343,-1.8522640925444516,-0.12298497579914756,0.48889831415847035,-2.22897824667415,-0.1565603159030921,0.702309540196158,-1.130396610458123,-0.08274642157243824,1.045518062453476,-1.0168795466281677,-0.013031465690101853,0.8897480580109042,-0.9419571982097004,0.0978699022202795,0.6875799406822445,-0.9752846595704401,0.16212391843048762,0.7486087566749035,-0.6556530408235846,-0.09850888025168664,1.0282661336170547,-0.546282091137647,-0.012459696307273515,0.8556605071194462,-0.5251728884580177,0.09716968033614838,0.6846158740736066,-0.5633321457203501,0.15989437349170177,0.7281249560378975,-0.17008361113194903,-0.10163909871135092,0.933199685871882,-0.1334300909160129,-0.0069107457004168454,0.7954464091491806,-0.10438029161889915,0.09268420827213367,0.6616992218159741,-0.13623812097084367,0.14283785336014548,0.6771484104271228,0.2576389552286677,-0.11207418060332393,0.8389746424812426,0.2658624269668367,-0.012292242025883,0.7186701455391017,0.2955109419744337,0.0705201988812145,0.612635615284368,0.2969714692346156,0.12137990348851256,thumbs_up
0.0,0.0,0.0,0.05385253285399952,-0.747131014771172,0.01519690423929955,0.22836678142966768,-1.3539397513357534,-0.03449746982000463,0.37375282213762023,-1.879758844934338,-0.0861680164230858,0.44298915194722616,-2.324449413748329,-0.1203110286593294,0.7133859413431224,-1.121142960741949,-0.07147529593156392,1.051290142331643,-1.0043749778551847,0.005278884259929453,0.9363916401185254,-0.9476867502232444,0.11628925596397921,0.7624067925345365,-0.9686663080216344,0.1833058162006281,0.7618430148550861,-0.640565421673834,-0.09628676582134883,1.0439995343890913,-0.5560296323826212,0.013769325144239142,0.9019043358051719,-0.5530167066810594,0.13927225847844427,0.7324474327491489,-0.5735923002018161,0.20776670116962462,0.7383296659900277,-0.15489310469272333,-0.10437670814722426,0.9472837026572849,-0.15198529526310248,0.02013188546136832,0.8224358230767379,-0.1349647096137423,0.14328970919300543,0.6794905272005526,-0.1488440299271943,0.20323159483170627,0.6843032634885442,0.26610245355949685,-0.11890045766927076,0.8610367182414528,0.24173259042045483,0.0065802173564194644,0.7530352490922244,0.2505440230300122,0.10937198839970405,0.6388951730039825,0.2489061648393046,0.17125281471950976,thumbs_up
0.0,0.0,0.0,0.07336035752114507,-0.6963025446656645,-0.007893591880697316,0.21941363030159464,-1.2906038567999327,-0.09154583034275121,0.30212498722937736,-1.8212885323715506,-0.18703908420164772,0.308740267598907,-2.237281495448975,-0.2705669090939117,0.6954155527605336,-1.0944019281589854,-0.08788557045473518,1.0185531995192723,-0.9278023260992659,-0.06795359546840679,1.001085671051737,-0.8035159538062028,-0.023109771963737168,0.9392719511980772,-0.7891771495835019,-0.0007721151460116655,0.7302643783111592,-0.669580743443122,-0.1355564302420637,0.9966558173317387,-0.5412310008139523,-0.07209517061426556,0.8640274095612195,-0.4949803439174181,0.00793932974751688,0.7115484803602586,-0.5065458447002504,0.04391995606936925,0.7076964336472166,-0.2117181883795418,-0.1750559356073933,0.9128539454121817,-0.18303433950500275,-0.08433102556372721,0.7845734148152642,-0.12989538346417448,0.013906624321015835,0.6443135295213515,-0.13383139231470262,0.05406804619887645,0.6635627005076362,0.2156757550761817,-0.22791855764547747,0.853277703060177,0.20334041226248012,-0.12684859392765263,0.7441521697007423,0.2215329651334417,-0.037772455788309844,0.6269518046932834,0.21783834742818656,0.010250290185918257,thumbs_up
0.0,0.0,0.0,0.07154172012009306,-0.6489314877856073,0.04408899708773864,0.2108065826850363,-1.2349484627624006,-0.0174164730976652,0.28300860928858995,-1.753401867095823,-0.09742630870023755,0.287580191887335,-2.1518400146912064,-0.1670240715137016,0.6738683196069434,-1.0837371906782531,-0.06650469330938565,1.011955841013009,-0.8798234573940484,-0.03515599780489581,0.9626786007646195,-0.7354536563964577,0.02164082147805432,0.8715554905182953,-0.7317454469518787,0.04916889199021398,0.7066841110673789,-0.6945668482649899,-0.13481261237787107,0.9813773168884645,-0.5149031356327255,-0.06679638502368872,0.8480603776903853,-0.44932129996853354,0.019194545154851608,0.6952463196752037,-0.4713171990227572,0.056822217747649915,0.690151167588132,-0.26106354486277583,-0.18743675732804368,0.8996537197251406,-0.17582066909308,-0.09114683889661385,0.7696780020125332,-0.10300183087529352,0.014709138889536025,0.6284477150443717,-0.11868499334700768,0.05773665065015454,0.6548621491262464,0.15187891832679043,-0.24781641974060742,0.8355702823058367,0.18029112612087136,-0.14378749830494628,0.721464755002622,0.2128791132037272,-0.050896941766213115,0.6031494680440481,0.20287339038086918,-0.0010591361708502756,thumbs_up
0.0,0.0,0.0,0.0763571875516393,-0.6333807787060287,0.037555863650142164,0.22397729322577448,-1.2197341200588068,-0.028461050776002538,0.2904380069148931,-1.7337601794135846,-0.10930377090294083,0.28004476718750826,-2.1393666855425306,-0.1789243358484568,0.66543279509137,-1.080735375216896,-0.11082195781489489,1.0291960511435017,-0.8723923628804511,-0.09251433464954721,0.9526626568686922,-0.717988231161079,-0.031163481526022524,0.8277787291438434,-0.7148157037059185,0.001312067771255341,0.7056014764694957,-0.6860570460832364,-0.17734786698353924,1.0062327264648803,-0.5036840284462543,-0.1275752303600864,0.8572174828910432,-0.42026499692657626,-0.03464996331089784,0.6895713688831893,-0.43534619569092736,0.011118338566759934,0.6961091624975733,-0.25486346894232753,-0.2267772969955388,0.9063921960714265,-0.15306356279724984,-0.14347677827384356,0.7714452650179949,-0.07684279768956037,-0.03265930658170871,0.6303395662535667,-0.10448453855438872,0.016451798794142974,0.6641059356168171,0.15053484175245233,-0.2838006857101549,0.8230228949007744,0.1894003191734002,-0.1854293175129598,0.7073708016440311,0.23140042145916948,-0.09320043705777302,0.5956980771538074,0.2172030788439937,-0.04239038923193206,thumbs_up
0.0,0.0,0.0,0.06673816566766576,-0.6363408915949667,0.05177110596042452,0.2218266266868416,-1.245238944998526,-0.013085747668914568,0.2984455386575129,-1.7593080045185725,-0.09682647667098106,0.27710820053977064,-2.1676716383766754,-0.16536142768008347,0.6321028525725694,-1.109080658659922,-0.10296479851424939,1.0183446971706307,-0.9331368797142722,-0.09415252473840498,0.9225473901494239,-0.7731251365642258,-0.028989943794191335,0.771836366789677,-0.7738079762479225,0.006174060788038254,0.6706023794006394,-0.7182111531784882,-0.18564796845704074,1.009716936317725,-0.5361079306253025,-0.1553450714721587,0.8560598482764983,-0.4156221102064501,-0.06099457192238698,0.678179977149854,-0.4246125211533958,-0.009221763533561007,0.6613433189731307,-0.2955964121086811,-0.2509905454712063,0.8938988338618523,-0.17376681019262002,-0.1823040535228165,0.7470893700558058,-0.0752709912419031,-0.06423647899982525,0.5934304126841969,-0.10913177472790908,-0.00591401732570824,0.633155018530241,0.10639507504917439,-0.3234095560973558,0.7878039198625318,0.16405884342631813,-0.22920411741972255,0.6526896545420795,0.21728375328863692,-0.13135502001925695,0.5279585848265004,0.19555839559310317,-0.0749958606535559,thumbs_up
0.0,0.0,0.0,0.06596749262480325,-0.6117865825892258,0.03610981564885074,0.22298047937960033,-1.2164807941143463,-0.04052495523473247,0.2936909044708922,-1.719890618002849,-0.1366773200857967,0.27255242029082066,-2.123895657893631,-0.22068328639434018,0.6041116003480672,-1.1198952836729617,-0.11424332734149076,0.9946578867722871,-0.9226537667693948,-0.126728850073009,0.9511215180230778,-0.7683867160535142,-0.08224124524888093,0.8561829360753962,-0.778090483106594,-0.06015383327906168,0.6361194696413545,-0.7458319999947872,-0.1977033842071931,0.9910772748156904,-0.5347721647460872,-0.1995651151237694,0.8322886232056769,-0.41835703376735206,-0.11723701657409066,0.653034187665302,-0.4438341707540374,-0.06580182375124381,0.6320465993843813,-0.3309337007270254,-0.26678241226642946,0.9003031031197465,-0.19014307834701324,-0.23064315768709498,0.7505438035869755,-0.08302229058310263,-0.1175208614551906,0.5927237084345356,-0.1201788229248608,-0.05490303273373047,0.6132307776939475,0.07507545829985506,-0.3444987136789355,0.8009903867248295,0.14793918370026976,-0.27557635223177596,0.66038600998258,0.20157080466748847,-0.1815498561937449,0.5249452012159033,0.1736268362945115,-0.12357107474028356,thumbs_up
0.0,0.0,0.0,0.07072818776040735,-0.6071083363426139,0.05905601151437583,0.21690685840423238,-1.1938898520210284,-0.017737124141345605,0.28002987299306814,-1.6815412874120952,-0.11802219632074527,0.25044994998467673,-2.0766497233189605,-0.2049617199097619,0.5733067940432941,-1.1380052604057789,-0.12303460462924934,0.9464443433527852,-0.9516461952655768,-0.13895030605932412,0.837214338634885,-0.8091145514325494,-0.09244811458344393,0.6859732790222355,-0.8344411765865629,-0.07041799164791156,0.5934492094113151,-0.7734048263966596,-0.2228519471654604,0.9430645239369385,-0.5641457655725429,-0.22528235939084942,0.795154735697776,-0.46166793075674234,-0.14684369299032926,0.6338321664292623,-0.4973933662997087,-0.10505623112687934,0.5855649815771609,-0.3672552521557738,-0.3041825058399142,0.8727360526844479,-0.23084426735022465,-0.26020596349015934,0.7322246255318976,-0.1421911636632682,-0.139025864584137,0.583473552516246,-0.19488137135603442,-0.07883228812759219,0.5634743345569891,0.0255545562812729,-0.3918565680705026,0.7994206534676741,0.10080324929100931,-0.32145228074390253,0.6722363722034428,0.14039063653256753,-0.22135444287873277,0.5407033710705397,0.09663970736640524,-0.16301542256621082,thumbs_up
0.0,0.0,0.0,0.07328316968945643,-0.6083931852834329,0.061052690401439166,0.22037321864727394,-1.197488951500072,-0.011947570629072682,0.2765444943453949,-1.685222756899378,-0.10986986649378926,0.24401404261341042,-2.0698166500914983,-0.19373385252544637,0.5696112895597476,-1.1439057364096903,-0.10359027666476588,0.9518039213673883,-0.9547701018412981,-0.11873751693055189,0.8344826410192503,-0.8347016069137354,-0.07469004047402342,0.6734735954436067,-0.8691382891702185,-0.05367555577734332,0.589007533941752,-0.7819325057272163,-0.2040873867905908,0.9413806280562131,-0.5698613886581093,-0.20986408171902737,0.7912449508220616,-0.48651767269683743,-0.13933505406981622,0.6297685196380125,-0.5256044412883609,-0.10097984310372168,0.5836080545955556,-0.37612165705168965,-0.2868240537200493,0.8775728037524254,-0.25364466646820705,-0.246770993157582,0.7360978412664066,-0.1691819637352349,-0.1290516341051036,0.5866035597054822,-0.21322369152963666,-0.06853193150224324,0.5655770205810562,0.016204768026098926,-0.37583685482208457,0.8128312416991751,0.07765990391079114,-0.30620644318041174,0.6871994628506622,0.11367107367287141,-0.20600256326682592,0.5552356295572578,0.07847453454832765,-0.14652745393449357,thumbs_up
0.0,0.0,0.0,0.0675461314838389,-0.5681147070852381,0.06503630168630418,0.20760604328667348,-1.150835551068743,-0.012884281923069832,0.250427921768351,-1.6330706310612855,-0.11498976956697592,0.20944771318545521,-2.0053431585328694,-0.2028048611932193,0.5300515784352767,-1.1506393742945014,-0.1324727284941566,0.927295933489226,-0.9673792249136245,-0.1567784917182259,0.8160394030364833,-0.8377086671411984,-0.11101335731703792,0.655958773588481,-0.8708065641795513,-0.08866619718087153,0.5441774511812982,-0.8047680168557397,-0.2371061379886758,0.922229814600073,-0.5941377724662796,-0.25736466590313745,0.7735596252979546,-0.4943008421644433,-0.17938770592170217,0.6094216225139524,-0.5291900290739514,-0.13322595602524973,0.5402126956738634,-0.4089489331389034,-0.3216012366832667,0.8573601856950243,-0.2853265231274659,-0.29450346099067826,0.7210535859503445,-0.18018773102942778,-0.1668054848554867,0.5715037817214388,-0.2151209368519627,-0.09701365727909309,0.5240767107144718,-0.016599710213678513,-0.4109017439851595,0.7843242850897204,0.03278416686631662,-0.35197842139636454,0.6629582896489371,0.08963853693169788,-0.24806471635900015,0.5324768169873957,0.07340904358769697,-0.18390365200916434,thumbs_up
0.0,0.0,0.0,0.0691910490821614,-0.5572996053165046,0.06341122191589074,0.21161326398412467,-1.1332003634524705,-0.02020907440562278,0.2574832822382591,-1.6059628551491216,-0.12517423077767173,0.22018970301622257,-1.9834120251996847,-0.21555247551136036,0.511901083196135,-1.1536753982324364,-0.16548283236898545,0.9237510650127522,-0.960051602778728,-0.19925616976825253,0.8176291357397951,-0.8317791885606342,-0.15309721830514128,0.6622092600380485,-0.8693670116265769,-0.1295182513568782,0.5201716800837105,-0.8098062080423268,-0.27135826623671677,0.9234841780300835,-0.5909704805546172,-0.3036031493242809,0.7772466264991713,-0.49338212702887013,-0.21766899202973866,0.6152050036246929,-0.534365730805802,-0.1645153355396901,0.513916792202224,-0.4135495110624162,-0.35546712521314805,0.8590016607928408,-0.2847972801905495,-0.33783241339942016,0.7255711545124466,-0.1798820784556673,-0.19787973829085573,0.5773915179706647,-0.2180067011305866,-0.11827049992119724,0.4983110265855059,-0.018614011804927767,-0.44373085476565755,0.7787125508423324,0.02942942712998538,-0.3935687719066827,0.6626839078839376,0.07797436649808517,-0.2850366653381848,0.5350177570100356,0.053624742901237386,-0.21562939304574905,thumbs_up
0.0,0.0,0.0,0.07414789518432216,-0.5368083410525496,0.06425418592841614,0.22446272234405903,-1.1180549883124196,-0.01903825717972218,0.2734486268716311,-1.5924615130588136,-0.12445944007087596,0.2373857499682712,-1.955943272911893,-0.2147841247715044,0.49592279946412826,-1.1462466207610873,-0.16961957816476778,0.9170484105211751,-0.9521662512908066,-0.20614168550472772,0.8113079325496388,-0.8099816531924491,-0.15966706548238513,0.6561351105103534,-0.8402451624946142,-0.1368009786417138,0.4955014449829535,-0.822854759065576,-0.27818760486933514,0.9165058529826395,-0.5923225700939286,-0.3179560230937645,0.7718500040221027,-0.4824646653090047,-0.2337958519367366,0.6091022392646654,-0.5209501131580626,-0.18067463817747786,0.48539415314010104,-0.4459164794423588,-0.3646803294861958,0.849361346139927,-0.29245850680788893,-0.35361654558539246,0.7181457489162141,-0.17852018188077987,-0.2161926756712167,0.5698120825921446,-0.2191701474448017,-0.13692960166083426,0.4684595030107713,-0.06224099872492301,-0.45505260749802684,0.7639767726320441,0.010759503376931386,-0.41013122762970755,0.651210739571215,0.06743211573702447,-0.3049008642676747,0.5226828449811779,0.041077653401677294,-0.23738157174144198,thumbs_up
0.0,0.0,0.0,0.0913678063320325,-0.5071069563283038,0.08264846868312581,0.24000568011706655,-1.0890465684317254,0.0023180098774660727,0.2718212184885092,-1.5449479660660435,-0.10208622560396916,0.21380207522411598,-1.8694069202430021,-0.19093943090985366,0.45649078283592204,-1.148775835709623,-0.18120006718556297,0.8861936733473122,-0.9489252307867336,-0.22401048779772698,0.773127149636308,-0.8183680210214945,-0.1816194180463437,0.615824785827776,-0.8571333611204686,-0.16281986471962462,0.452877056653625,-0.8392387657065105,-0.30096618695820576,0.8879247812048641,-0.6132200031752484,-0.35080213489330025,0.7467825854745839,-0.5296080389983256,-0.2673982605031854,0.588795460743903,-0.5758550086462926,-0.2170913912431245,0.4418523583859086,-0.4764368750257332,-0.39458732619316195,0.8287325580712421,-0.335335342902845,-0.38906952363090713,0.7015510204835086,-0.2482566580047514,-0.2424098958158446,0.5542809495273002,-0.29497712750089405,-0.15869339771525406,0.42527689987997536,-0.10407678410476452,-0.49007448636209067,0.7378635033319176,-0.04489309677211121,-0.44677239768649457,0.6284051338220228,-0.004319115290120121,-0.33385305726580344,0.5005375312314365,-0.033148783061624,-0.2630309831416277,thumbs_up
0.0,0.0,0.0,0.0818538822504922,-0.48977670665826517,0.08409338872827002,0.2139762394753194,-1.0525209519101588,0.004790912892836387,0.24243467102152808,-1.4838135611896976,-0.0981851696539009,0.1831572829042589,-1.8046876148734778,-0.18489563014381605,0.41369935877274644,-1.1534099536308644,-0.17821724269668415,0.8297935754464615,-0.9793248256983472,-0.2198877086651246,0.7298102011876177,-0.8183237667369339,-0.1758992423498233,0.5793825497353668,-0.8319819887568397,-0.15491295030236413,0.4145138419543644,-0.8606704058396399,-0.2956766939413064,0.8486139187323692,-0.6457027626289038,-0.3444479144248692,0.7208000019597478,-0.5251480684022096,-0.25745391414412727,0.5663048552722065,-0.5563059922290005,-0.2036831782638567,0.41204176304050194,-0.5057167788549838,-0.38745068051186105,0.7996223583492343,-0.3605759429907869,-0.3809634723862963,0.6851726533968109,-0.2476129522243341,-0.2319480819855714,0.5409551146831612,-0.2871181264528753,-0.14608933124449686,0.40587492985583246,-0.13574369282081164,-0.4806049158023834,0.7224489865145952,-0.06692562339795662,-0.4348548765836018,0.6229346418402228,-0.003976350955046,-0.3207954424925059,0.4967761959638648,-0.028136407061591213,-0.2490014564029417,thumbs_up
0.0,0.0,0.0,0.06169268329920669,-0.5309838703954216,0.06239491553484098,0.18391875469176977,-1.1213639608809272,-0.02386826207956547,0.20522759119313905,-1.5800077650421491,-0.1311388533426558,0.14305644969048997,-1.9110657787186005,-0.22135815315142793,0.43492798191067217,-1.1690904078040691,-0.1793563255855757,0.8532219811241768,-1.0310674995452158,-0.22051917757110603,0.7511844856819372,-0.8794553116639641,-0.17751583877471186,0.5964979783163115,-0.8893210937201926,-0.15620173997067824,0.451633339020259,-0.8447553191078969,-0.28708144824130755,0.8807281364399661,-0.6792835593142905,-0.33072644754426334,0.739328390122002,-0.5606141236858904,-0.24598232543602347,0.575697273164406,-0.5835022750871791,-0.19276790675034577,0.45929286877018405,-0.4696170810747008,-0.3728287269361787,0.8273961315303309,-0.36808726309059014,-0.3603249851777031,0.7008391992290327,-0.2594034368308424,-0.21863823769501572,0.5506534783406596,-0.29643506917448986,-0.13768528551416453,0.46064262812745793,-0.0903423043605404,-0.4625801498832543,0.7546163580654087,-0.06488376632949366,-0.41174539836203533,0.6413426691539268,-0.006663578688235664,-0.3024937540422794,0.5111782085225357,-0.02726502554410296,-0.23428946054741567,thumbs_up
0.0,0.0,0.0,0.05514518771132841,-0.548560037371014,0.0665967342576891,0.18938605207158132,-1.1521617811370433,-0.016349521214031538,0.21838285140321295,-1.6270466876305654,-0.12467272522609887,0.1575901953007428,-1.980061320028643,-0.21642688763074294,0.47399228666775567,-1.1657443510209324,-0.1480305693599266,0.8979590935499678,-1.0243373336039958,-0.18700278926729624,0.7989370799412018,-0.8829265197630037,-0.14264235071454665,0.6406872847215219,-0.8969597136780214,-0.11861446649562839,0.4936969929929362,-0.8307436357252888,-0.2571541771227152,0.9208489996581084,-0.6611587536628554,-0.3011383670428871,0.770721251055145,-0.5445836858234195,-0.2206963978935079,0.597888010518638,-0.5758333177028109,-0.16387510334186164,0.5055772693387581,-0.4514574037304249,-0.34695582713105727,0.8661096266697329,-0.3422747788300391,-0.33320471902771337,0.732716630348647,-0.2325369556722556,-0.1998187978605503,0.5768520248244968,-0.2748900925269864,-0.11980930468488066,0.5089582725684842,-0.0710660672058134,-0.4414944364944501,0.7962757866779652,-0.042477153373892435,-0.3861610669452562,0.6807022845303867,0.01656529371719778,-0.28118042197670035,0.5488041589421285,-0.0025173742785690287,-0.21365879118014372,thumbs_up
0.0,0.0,0.0,0.06527600179057194,-0.5844295410299811,0.060603297995557366,0.21251281836658692,-1.1930740659500838,-0.02145668281965122,0.26101458402501143,-1.6852828282446048,-0.12978273547308858,0.20689949755565964,-2.0746141911030063,-0.2221579120676839,0.5544020532169661,-1.140986650592133,-0.11979646409154207,0.9768033537131617,-0.9568776740971571,-0.15231898711871825,0.8872333196296429,-0.8002398154783359,-0.11109710925535983,0.7371172784543699,-0.7970415677947447,-0.08967519840541373,0.5741023770954597,-0.7864053428788558,-0.2279760454629637,0.9667404507703373,-0.5789450791367098,-0.2549550560841689,0.8104733710133892,-0.46373223833440635,-0.17940447139958304,0.6379653518434303,-0.49880473551044413,-0.13073321735918678,0.5715842639918831,-0.3859606352145811,-0.32026047260479984,0.9025345203119731,-0.25258021965404254,-0.2963374549631456,0.7584311093292376,-0.14028409396866806,-0.1701299156434008,0.5991257650097034,-0.18863601545111783,-0.09872954158079435,0.5581261113056304,0.007620949821686186,-0.41897884142097397,0.8217380926264627,0.07456062280759092,-0.35788164708789305,0.6886488769987785,0.12493491013950718,-0.2548366897956725,0.5470897517451634,0.0876874913597061,-0.19038916360354216,thumbs_up
0.0,0.0,0.0,0.07345456465238566,-0.6420897301887333,0.06492251203110995,0.22488500823709623,-1.265326744513774,-0.015613802021499026,0.29080129657441445,-1.783801511519196,-0.12480289964990504,0.24724151157971508,-2.1854318247950717,-0.21932097621263494,0.6144247343105941,-1.1179294340487784,-0.10370503265286228,1.0540274938262575,-0.9155320639067572,-0.13784149467180493,1.0427092336222505,-0.7347899219743887,-0.10315624480605834,0.9650239709928311,-0.6792070274812302,-0.08336699079192342,0.6377155727644636,-0.7409244155540461,-0.2105940138978004,1.0331738637650776,-0.498849416025989,-0.2318990667170246,0.8661118865443015,-0.40512947899425955,-0.15159177149082537,0.6826064247953725,-0.4484207088897089,-0.09684352843695211,0.6315651803285401,-0.3271338805502867,-0.30360415635129745,0.9556236797904438,-0.15002136123054555,-0.27646308324824387,0.8019576598196398,-0.0647221486601112,-0.15204481186505947,0.6430379922050848,-0.1215688173559821,-0.07949783003331799,0.6139345811992045,0.07167376950366386,-0.4044447166037463,0.8606691780826298,0.17973373540549176,-0.3375886086660007,0.711835424441058,0.21138108666085392,-0.23458152112996206,0.5646427039094056,0.1618333487074281,-0.1691459421066581,thumbs_up
0.0,0.0,0.0,0.04047031168689481,-0.5883502481434953,0.04009730978187933,0.1677990085661766,-1.2100512819713498,-0.032772424686012436,0.23948915501049634,-1.729826468729519,-0.12869144162910448,0.2213973072578987,-2.1359912101420315,-0.2098592328657553,0.6006667413936906,-1.096685460482242,-0.10039442105862703,1.0395724484499358,-0.9938870536731363,-0.10502316121969035,0.9931790961559742,-0.7591135363799053,-0.05970401988431808,0.8642914770638456,-0.68187670295186,-0.04308380687785272,0.6390079017406292,-0.7456673823973597,-0.18880952396981326,0.9831522774041763,-0.4562063364008297,-0.18263782543205448,0.8393528007221186,-0.2944856128116927,-0.12272875762056676,0.6713080885472064,-0.32041286226669163,-0.094521543938573,0.6409334598071359,-0.35869703569265904,-0.2631697476065721,0.8897021250836809,-0.11057094293974078,-0.22071209203359127,0.7547203846491056,-0.002646592582375912,-0.14077271386471102,0.6107180345283897,-0.060669355818315764,-0.10812423949337102,0.6276275536364123,0.0123739600610272,-0.3449393207286808,0.7956108399091408,0.1659250386597073,-0.2804829740600027,0.6668571100881787,0.23341003022619985,-0.2147504802789615,0.5445760147373784,0.19159170792028557,-0.18046699865699897,thumbs_up
0.0,0.0,0.0,0.06397785770314661,-0.6203353052850128,0.06719839304292417,0.19481008588428148,-1.2168973512751322,0.001441903174694376,0.2617870357071838,-1.7119046095359618,-0.09207740760095005,0.2543110034974614,-2.094366700416952,-0.1714048283230517,0.6337839596012148,-1.07897466296532,-0.06669631243086363,1.0266511167331285,-0.8876758630105829,-0.060071777908100636,0.9523549554143171,-0.6765973223024984,-0.009098999991083379,0.8239890569430822,-0.6398395694698182,0.01344256668653573,0.674889058454068,-0.7196022226610631,-0.16339332887311717,1.009501184447447,-0.43312264201894835,-0.1387972066818579,0.867686988340936,-0.2968507919284748,-0.06544873172182025,0.707620715887291,-0.31666631966806824,-0.03083058143993772,0.6748514880631922,-0.32916822391292755,-0.24433313315221855,0.9308145187164119,-0.08614771734186419,-0.18473924071098535,0.7985862413907708,0.0082897402956536,-0.0850596063492474,0.6571061364183138,-0.03571041874019489,-0.041270074831076024,0.6574269114644626,0.04281788065967996,-0.33145925599761134,0.8300074531017362,0.21351609815661748,-0.24595262803518156,0.7020386593948216,0.2739670948631163,-0.15855046387644764,0.5800628186071705,0.2425808378829025,-0.11127109186940967,thumbs_up
0.0,0.0,0.0,0.06679498776311883,-0.6604655826454533,0.08648248035056667,0.18604286361987674,-1.24547652901283,0.048501015958288644,0.2503675936533373,-1.739568443511409,-0.012269215884743147,0.21840974612200537,-2.1348128525170043,-0.05947808562815474,0.6544722499848425,-1.0849250780757356,-0.026670686582146105,0.9421338061443796,-0.8520279303238223,0.03024446180372578,0.8244451895102402,-0.7037003800149173,0.0992969112225784,0.6889675325220582,-0.7331346012027,0.12871939193731716,0.7041127738495256,-0.7012664477753661,-0.11158203675523176,0.9238434242659114,-0.4384591153933735,-0.008201871866957158,0.7907383691521338,-0.36599473872388844,0.08399078653866827,0.6500325784404982,-0.4121671735022337,0.10938198534259963,0.6989921237680333,-0.2816581469074925,-0.17640966334266023,0.8581502682352592,-0.08004271984193424,-0.04965787580249328,0.7338678287324684,-0.016425590451385585,0.055460542899541866,0.6059983714839472,-0.07617480155968942,0.08435544874147687,0.6782256372488278,0.09670890446409888,-0.24527979137904332,0.7815323454572064,0.25907513707819646,-0.11124272930911,0.6531580634180846,0.30551055845272923,-0.014073631346060414,0.5443572492333438,0.2603913140827684,0.02866912551942706,thumbs_up
0.0,0.0,0.0,0.04179694963338363,-0.6820782622765018,0.10033661275675565,0.1579191538463738,-1.2731876641216073,0.09450428474921242,0.2311491767178072,-1.753199131633504,0.06813212295771778,0.20298797703095603,-2.1505653973140952,0.054992381925995905,0.6257740357121662,-1.106497698182696,0.037820036905905345,0.8854028202133348,-0.8391412464421473,0.13154169402377075,0.782884627519251,-0.6811317404590622,0.21652378956238946,0.6660938686856138,-0.696266363245759,0.25634898937948175,0.7002577264748431,-0.7131840969684191,-0.03174177599983598,0.8806292583162963,-0.4562224921856466,0.10952092025115191,0.7525736612708327,-0.38385273427592637,0.20778366008284965,0.6130912064596107,-0.4137052850091921,0.2368638824152201,0.7119346523356901,-0.2873981169888582,-0.08037044417594529,0.819134519059733,-0.11097725152171006,0.07821579254947167,0.6981048884525378,-0.050596684647871065,0.1744984480281877,0.5727004739341266,-0.10378824170926376,0.1971756345532238,0.7038380258751528,0.08905009331283593,-0.13118737815424011,0.7477000209447462,0.20962310009030893,0.031177167206643958,0.6213698169688769,0.25404026168830324,0.12262544346613005,0.5201485485714308,0.21407467051997625,0.15965329441886,thumbs_up
0.0,0.0,0.0,0.05051237111273068,-0.7094351351406128,0.12616499661549269,0.17031480616157213,-1.2767349690695817,0.1480952516572669,0.2467663093954739,-1.7361979255359816,0.14459535911943652,0.22478826735017562,-2.113584697614916,0.1543781514466805,0.6602152275644354,-1.047874311893216,0.12281578237285812,0.8888374953101911,-0.8453132593857611,0.2275050399934887,0.8397123273138681,-0.6965084458004492,0.308032318902386,0.759286639915821,-0.6706360678547856,0.3500420052832866,0.7366990808987752,-0.6739845599969643,0.05494776691183636,0.8312322363029787,-0.42746087635477653,0.21671754918482908,0.7253878426058888,-0.355539414169533,0.3146362003679228,0.6126854843627374,-0.37105642226620933,0.3475152313669202,0.7443542443484914,-0.26218215924157384,0.00381127710365397,0.7833923429320007,-0.1258824567034139,0.172725552631544,0.6805123481210934,-0.07251814181554735,0.2619063550342351,0.5720630010982448,-0.10054796336424181,0.2844061226824829,0.7339878343858626,0.09755249811176529,-0.04850073758824347,0.7349049340586015,0.190771879992619,0.12240349510571634,0.6182222297274118,0.22086004086839878,0.21093774480659486,0.5212502361957313,0.19546007708786378,0.24949726730108254,thumbs_up
0.0,0.0,0.0,0.05175285727201535,-0.6882733910528335,0.06219253764224674,0.18846218546115345,-1.2291118419618214,0.06681075981360596,0.27074020842926066,-1.7055234674940594,0.054657625657622055,0.25262095590684785,-2.104136516179455,0.05833552958342032,0.6984303220416079,-1.010005763877739,0.12787875988043132,0.8868709685470079,-0.8256927167712633,0.2484784595194948,0.7812688831996925,-0.6970484141608811,0.32904661445513017,0.6619845702152023,-0.7073823848591424,0.3653318747941526,0.7703885585018282,-0.6309900128857976,0.09139503579437767,0.8351906082480167,-0.4323356986301259,0.26354156077351476,0.7155700774176169,-0.3596172946339196,0.33812584247942334,0.6075372421124522,-0.3956693038423421,0.3524016390832342,0.7710452339821203,-0.21847304292108047,0.06547859099628994,0.7879152270708253,-0.12901519292165117,0.23947688337074602,0.6788508859212176,-0.07392537352898332,0.29584083378093773,0.5664487946403811,-0.11028917225544847,0.293986907564977,0.7529309721933577,0.14583133862097222,0.03362592913934617,0.7541728768616862,0.2001441795853585,0.2034943175943645,0.6381937429046023,0.23025695307982677,0.27240884678654387,0.5422200961195225,0.20208268560318088,0.2945044006772216,thumbs_up
0.0,0.0,0.0,0.04055048152545638,-0.7285833061681897,0.0413607888117051,0.1468608973210298,-1.2962027786206065,0.02407195680219803,0.23167416694194654,-1.7929202077707014,-0.005372844663681968,0.25161370393696947,-2.1662330726686325,-0.018569877381464556,0.7381119444317439,-0.9829383797403073,0.08445716026658899,0.8481439567129053,-0.7676192499408124,0.1960844692258346,0.7306040035640712,-0.6531838176726941,0.26851239875741423,0.6065278910202002,-0.6797327073370542,0.29982865140846826,0.8124917943137147,-0.5805110601574862,0.0535161023217423,0.8292572768174361,-0.38568886228807203,0.21288401475336505,0.7046600844630642,-0.336227662641714,0.2851186331059208,0.591537063905673,-0.3788695012240111,0.2970586026778615,0.8081700129788623,-0.14866060733104225,0.035237487428837144,0.7969829840272145,-0.08189848822819511,0.20337626120533833,0.6832369761004884,-0.041721292401671335,0.2641446956807536,0.5673545691019675,-0.07357331630169765,0.26390685272835057,0.7766476403257817,0.23393133491633725,0.009518543075667713,0.7690907162668463,0.2780119843638266,0.176433746557168,0.6550277251598803,0.28949403851342415,0.24811343320985907,0.559974434951727,0.26397717401670145,0.27130475736105336,thumbs_up
0.0,0.0,0.0,0.06021456321586068,-0.6916587647059841,0.03803984921671228,0.18111787657279682,-1.2576982918383734,0.021433450222060273,0.25457820843886453,-1.7542513557052657,-0.009477628294231894,0.2389769617794709,-2.1490975343614513,-0.02905292145192073,0.7375916899291868,-0.9738350386077689,0.07112854575301884,0.8277603486391861,-0.7457486434803342,0.1736553259989528,0.7049197139620623,-0.5974252917656951,0.23099851211564298,0.5883886911070626,-0.6194148133867274,0.24914494260554867,0.8104199565689786,-0.5848016519451937,0.03502144881221323,0.8358966013641455,-0.39657704373652414,0.18115732266019813,0.7084543110309214,-0.31605966221743514,0.23804050191761286,0.5875592780044606,-0.3490874163839785,0.23635638620308203,0.8105916354208317,-0.17452204132724572,0.011897882024196754,0.8241131390758638,-0.07898138021593411,0.17077206317541296,0.7058043292678325,-0.010603515195561528,0.2233528517206525,0.583747841886713,-0.03662638579107761,0.21362406718635657,0.7857318752460695,0.1965344718625928,-0.02045390175752704,0.7981835602037021,0.2700293051056406,0.13758317032768372,0.680700299344051,0.2961658922396831,0.20360866246279768,0.5757849240797016,0.26555489052784303,0.21974091981529262,thumbs_up
0.0,0.0,0.0,0.049341201297370636,-0.6995502899142523,0.06538712217095939,0.1653603106946768,-1.2480482949076512,0.07023640612557645,0.24613945437214552,-1.7227838392109054,0.06201524480863515,0.26401673195706366,-2.0665993172225137,0.06421572530183016,0.7429995613111718,-0.9755120719790702,0.09040298208427196,0.7442856372627147,-0.8680315418790926,0.21826487323264124,0.6159786832399581,-0.7404502093528054,0.28801959741902855,0.510901956614035,-0.7352409522157479,0.31167175635098504,0.8081742637534598,-0.5861322300243852,0.05747476257622617,0.7547049468837385,-0.5118706891489635,0.21389321580892248,0.6288524334215638,-0.44055882484267506,0.27917202584762807,0.5252653915558386,-0.4423915692362055,0.2848982916148656,0.8047126488906903,-0.18695556996263712,0.0446367077295851,0.762611755619837,-0.1785728786594349,0.21315170394400407,0.6515410295734992,-0.119843137334856,0.27349309979119196,0.5419053744662876,-0.10764145529119315,0.2693079180781342,0.7742325693044337,0.1703863729270721,0.027723651571346875,0.7625001419369676,0.18846619885810012,0.18445929909311204,0.6538173124265083,0.20727244163250635,0.25323944163084594,0.5547348503366364,0.2067395592036048,0.27364229361550274,thumbs_up
0.0,0.0,0.0,0.03418466124398744,-0.7314960424887742,-0.01776642044593072,0.14366327616610192,-1.2899411141898451,-0.0642328062892641,0.2232969485271008,-1.7661651189771281,-0.1070594544518985,0.2412622697115393,-2.135236737050864,-0.13753197532565453,0.7497346644621506,-0.969475393339046,-0.0556304114437871,0.6974636133694019,-0.8494353989889153,0.024497761084909864,0.5410743383077024,-0.7350111704966469,0.07150354906595265,0.43217707360060403,-0.7159923588846175,0.08181297932916688,0.8287428613546217,-0.5560316961168178,-0.06335615729515581,0.713287756627187,-0.46832723910570156,0.04902596825373386,0.5729410448281554,-0.41415135597542135,0.10218764277390463,0.4736923183670507,-0.40252490324076745,0.09574773438814935,0.8219721169860916,-0.1427074128619055,-0.05368079485940528,0.7003642972221249,-0.11237571359798942,0.08275719080860758,0.5802335703194608,-0.08015297143826418,0.1322942515356301,0.4820159958763568,-0.07811741833720436,0.11794410720047391,0.7806253755314926,0.22918325734555645,-0.05441653606153794,0.693772260130317,0.25056111532345315,0.08218426058825586,0.5832266414217238,0.25380349410805686,0.13686322331785017,0.5019661261203168,0.24619243944296415,0.1442579263493188,thumbs_up
0.0,0.0,0.0,0.01685544067172475,-0.7670173196395488,0.016011972829930738,0.12160013198724222,-1.3283000425416338,-0.01733054263216105,0.2049390044939089,-1.8120991008530376,-0.0452004935766799,0.21589448518594803,-2.228872876362152,-0.061710705348509864,0.73209637759331,-0.9604392489165561,-0.037989547667214796,0.946353756239855,-0.7223761123588194,0.05334240355337804,0.9412134113544753,-0.5531551046404458,0.11989940756166953,0.900006998087005,-0.48369463682943736,0.15500156073185664,0.852211209061151,-0.5222384485553342,-0.03167077518861498,0.8209134291917188,-0.36697979221419996,0.16033714746377054,0.6807335858431357,-0.3628143403243232,0.28086282773863464,0.556837936235519,-0.3886234112046721,0.31772547554215613,0.8527315614880937,-0.08556828577151036,-0.010677381929228024,0.7738912951232922,-0.056061173444373294,0.17990202578295084,0.6570208420251242,-0.06262597944229426,0.26057124025434,0.5416403694007313,-0.08776844932151756,0.26692084147535083,0.8205586301507513,0.2791668833261307,0.0028554865160158715,0.747124588579194,0.2864857469725386,0.1702017417599082,0.6386760058739209,0.2528798721053523,0.23899507841870957,0.5451430227524112,0.21547796924667525,0.26046367442802815,thumbs_up
0.0,0.0,0.0,0.0076717307777522045,-0.7828620627099009,0.0334557348417625,0.1156137025391967,-1.3537913192683393,0.024474373817938495,0.21042637102925021,-1.8637010300384356,0.023813196473229582,0.2211782628026618,-2.2782010863276314,0.04220516905726177,0.7717959523850705,-0.9751948284375224,0.022345092393755765,1.0003656653581665,-0.8611779646819794,0.17895747024773812,0.9358984925587259,-0.7801774543041098,0.30116890294681087,0.8370065417014159,-0.7546169161632696,0.37150659036900385,0.8580512852974229,-0.5111823836738879,0.049401846331102284,0.8943485016505257,-0.45788225732612986,0.2767040886337564,0.7561578743665502,-0.4662347949652897,0.4232101339305314,0.626137514556433,-0.47685152009926407,0.48987914056671295,0.8318198876236188,-0.06534897420910239,0.09866701443687352,0.8321300102162669,-0.11398877718111435,0.32575897314191893,0.7232494787593365,-0.13290245194235878,0.43072501142999753,0.5972396477228228,-0.14195627623678028,0.4620898888596987,0.7806724801784121,0.29620598758722,0.14420685318399096,0.7791704335834544,0.25248689394138524,0.35103096561577846,0.6741740413151993,0.21237429199326038,0.4467918485612776,0.5713098881556414,0.19010105333448982,0.49172312657691347,thumbs_up
0.0,0.0,0.0,0.01702506945865199,-0.7455067336836599,0.05433075163368528,0.11902327717422985,-1.3192722413552607,0.07158305679041833,0.20662167220463537,-1.8163605618154497,0.08432006430187487,0.2123455698187278,-2.1752950238538986,0.11536920656999508,0.7436333057648831,-0.9836904158061387,0.14022881725002412,0.9319555418451869,-0.8951128558557524,0.29980729321466104,0.8760649422683435,-0.8087321331160247,0.40098688861532744,0.7852369228412868,-0.8025717167426824,0.4551797639614386,0.8206586187814163,-0.5520621747860803,0.1474678493443242,0.8190762033688062,-0.4341870285262947,0.3661575162347145,0.6855707251319384,-0.41505449230033636,0.4759998306019347,0.571722834475725,-0.4472429331695537,0.5201623399155627,0.8018796543719715,-0.1245642446620851,0.1697446193011369,0.7872837852766946,-0.0937719376876152,0.38477819721050305,0.6809413361662787,-0.10017784349754139,0.463610817981864,0.5635605201712865,-0.12584307984993237,0.48007735707989263,0.7627912567106698,0.23012330597998923,0.18684067891469397,0.7670201543770562,0.2603595612272253,0.3855238469368961,0.6647038437396705,0.24046234914533204,0.4708697227811946,0.5647999765075317,0.2168540294032262,0.5082064597527871,thumbs_up
0.0,0.0,0.0,0.0032805555821644665,-0.7545730592741793,0.020918607032761598,0.08949469089328864,-1.3166333091403595,0.008698776459146705,0.1654247699372783,-1.7980094290750441,9.939502433561369e-07,0.18966455184692976,-2.1512094584982897,0.006456616150691224,0.7460171041185009,-0.98000788586345,0.03842487848642984,0.7280705995203611,-0.8681250668555974,0.17596987370798453,0.598931043545504,-0.7717537008797419,0.26046758472722853,0.489236988966224,-0.7493947562908924,0.2976869442557382,0.8305827793416135,-0.5551012063278588,0.04466405035949724,0.7372361357972682,-0.45940951648359224,0.21575366737283053,0.5971194830053695,-0.4382034575320732,0.29991177897660737,0.4854341300967427,-0.450797648965564,0.3197267451714435,0.8230738854496472,-0.13268112682906447,0.07170432141028081,0.7190621633444955,-0.12893472580839496,0.2553481601889282,0.6031648367199253,-0.11916315407226198,0.31651198889375187,0.4956440002050522,-0.12719189656246624,0.31464775481713547,0.7804528462316821,0.22027125174045636,0.09284306392310517,0.6957363440018404,0.23026156354783112,0.26994745757783384,0.5894038497443244,0.22063645492673156,0.3364441664920993,0.5072424061022542,0.20684901185772606,0.3542578792296583,thumbs_up
0.0,0.0,0.0,0.007534189379654434,-0.7533169130465763,-0.015841236659311145,0.09493229766392661,-1.318081789443857,-0.048852386642464614,0.1719870225059432,-1.7956870205616993,-0.0761548529468517,0.20370597598872034,-2.1348887015441966,-0.08937364205994076,0.7463746301407193,-0.9646512760252364,-0.003238852051484629,0.6538887712722783,-0.8805749155626812,0.11029137621886351,0.5053599227064559,-0.7563450018425333,0.17457286124629623,0.4128643471790744,-0.7134597178866714,0.19574355485828743,0.8302191403246643,-0.557432847505029,0.002186220713874931,0.7131379885128609,-0.5137424303930622,0.14062294768848055,0.5798626750406043,-0.46601312204812473,0.20214804768250247,0.48253171215431645,-0.44684647247343007,0.2046199927077072,0.8242099265842959,-0.1558902973420887,0.024769934754738706,0.7264927265051202,-0.17343507459528362,0.178596215946482,0.6119657064587274,-0.14643355902816174,0.2304113962451361,0.5091372738696094,-0.13201754595383602,0.2212187283809593,0.778244731651461,0.19280091567826027,0.038078322512585264,0.7052477915459109,0.19312048579452853,0.18916817704263478,0.6027721276577748,0.18617928251744265,0.24796513104329188,0.524427786248588,0.17615223030514177,0.25948654129769677,thumbs_up
0.0,0.0,0.0,0.020687119328459198,-0.773267701701603,-0.01680187944646358,0.1025649436255725,-1.3522712994383626,-0.0630775894402611,0.17877595485569212,-1.834352519518686,-0.10433749094227011,0.20944923442908844,-2.1769506973702373,-0.13168147228790128,0.7487742084793613,-0.9524719752339059,-0.04913680900074756,0.6505706590222372,-0.8495339346459192,0.04049880330169821,0.49835270462258213,-0.7423505495832776,0.09601190752235698,0.4065537527591795,-0.7024653350167762,0.11341259903378693,0.843084486928992,-0.5350238472348814,-0.05438759775595836,0.7296220846176046,-0.46837572321194854,0.06287985572096866,0.5960749561950589,-0.4355616911953078,0.12453697131169456,0.4963439797295234,-0.4176465897942081,0.12510339683253469,0.8478377590489474,-0.11947091725455214,-0.04113307676022437,0.7491271228863332,-0.13194569871084516,0.09792176066920127,0.6310614160544581,-0.1121325961583498,0.15726778532629385,0.5297276083108718,-0.0935052187380955,0.15135590838297397,0.8099374427475515,0.2437377142461045,-0.037934895064517464,0.7382635821061918,0.23383817080160765,0.10434903735842638,0.6293414138295336,0.21599174615166616,0.16683298511795866,0.5465920955758866,0.20785817630837936,0.17988395050080502,thumbs_up
0.0,0.0,0.0,0.02983406313954926,-0.728744955042093,-0.014789381132539244,0.12019427638224017,-1.306729117515258,-0.05192226792962681,0.1993616024984374,-1.764081447703156,-0.09100866019301389,0.22962882009110194,-2.0878077003755564,-0.11984403920204585,0.7189765842342127,-0.9714367606546982,-0.010911159646907576,0.6838657004676807,-0.7737269964173936,0.06289091634448657,0.5480328136388989,-0.6316572550631525,0.10200728943994934,0.44853053001993887,-0.615909644004081,0.10881409127452348,0.8139143053854966,-0.5803151185648542,-0.027889902364529113,0.7457503451407549,-0.4222940049114929,0.07117217153601473,0.6217951592630261,-0.361114886768449,0.10872497809560452,0.5152917222868106,-0.36503631973131995,0.09541886101186041,0.8233823419640807,-0.18040119191234455,-0.032613523846583704,0.7468747861388896,-0.11372776973489673,0.08154753788673741,0.6279193884524984,-0.0790127575516367,0.11619782286540771,0.5215244342711756,-0.09167210422531771,0.09849426086533877,0.7924898595750778,0.18132653202916102,-0.0487786415570609,0.7231926554323765,0.23017693005956877,0.07178372225588006,0.6086871236071283,0.22678108199796737,0.11700022174800626,0.520490870268285,0.1965133465876661,0.12086600549673084,thumbs_up
0.0,0.0,0.0,0.026149859298725726,-0.7073113591427878,-0.03619026954041429,0.12232827136314502,-1.2754526410892209,-0.0778149686146247,0.20666978037421613,-1.708483057622126,-0.11854796085374081,0.24701771487189766,-2.0005656738722375,-0.1510163770044483,0.6982543329850914,-0.9835553010799352,-0.03317385913917622,0.6170102125277621,-0.8186230270095888,0.021433868566443075,0.4781996885639316,-0.6716845467975299,0.04356190971018487,0.3971946184542627,-0.6412630679939759,0.038604834568100634,0.7971248723799164,-0.6020245910914199,-0.04645761029702335,0.6967652790812564,-0.4695491457683621,0.02700516393096086,0.5723740374376846,-0.3981046229985792,0.04667351708493093,0.48215159656084516,-0.38326981348913597,0.022103634996960306,0.8130136543833414,-0.21845095389866165,-0.04996377754230979,0.7106294659623141,-0.1439901925909078,0.040620813611986155,0.5896484804031639,-0.1079850060757326,0.06251930653717318,0.494194063358961,-0.1088981881809075,0.03759354909060382,0.7835730641740234,0.1375952291493412,-0.06634016237016174,0.696105812989243,0.19657613609338126,0.03097296355135047,0.5800231597073171,0.19784324959263902,0.06472984625751697,0.49718879225419754,0.17794120822495552,0.061995677352675804,thumbs_up
0.0,0.0,0.0,0.043811746401272056,-0.7092398673357395,0.030174299102788935,0.14558122383549443,-1.2536243926104103,0.016972732720495272,0.22759033819958432,-1.6857153163015477,-0.0028525125620609605,0.2524880047415749,-1.9809611347602227,-0.014225565641278023,0.7275453568734457,-0.9420814085439718,0.022366221543168342,0.7143836862472018,-0.7609321585949417,0.1189523971806164,0.5776340201393166,-0.6348557478095366,0.1716370487115245,0.47862129759553107,-0.632432486901819,0.18463456645662094,0.8212612683313515,-0.5705215732169837,-0.005919766278924719,0.7649608720837232,-0.42523185497564603,0.11671043742911558,0.6360630346369924,-0.36412161642443014,0.16735580160992408,0.531386223263696,-0.36600626765817584,0.1615342110771962,0.8347701877572565,-0.19156212899990865,-0.016473526157900795,0.7569871805707067,-0.11749171582503326,0.12416003572792704,0.6414112453019739,-0.0813305433949102,0.16662400613527142,0.5434142073987562,-0.09352262008297274,0.15021906429738358,0.8093199154117733,0.15462875632036346,-0.03368954219331379,0.7292012437832998,0.2160478749713486,0.10704522769590732,0.6138905110377278,0.2233432368277635,0.158612322973265,0.5306815905360989,0.20256163892776982,0.16520943180336156,thumbs_up
0.0,0.0,0.0,0.04213632951329369,-0.7245360323436753,0.010674532256036824,0.1359597769845475,-1.290408828213402,-0.0202391059960043,0.21160726672708738,-1.751543466393245,-0.056438267908447526,0.22880782150888906,-2.0821105018642547,-0.08265219403917773,0.73387126212604,-0.937932179350406,-0.0016991702386047213,0.7167851587292224,-0.734444288903324,0.0789151581164799,0.5866670214930328,-0.5980823923666032,0.12133708681873157,0.489630210248763,-0.593159956342486,0.12975822116807215,0.8303927855204284,-0.5565077984625677,-0.02732895910877738,0.7789099350567441,-0.4035412128748343,0.08519193285647149,0.6531948401155081,-0.3318235628400062,0.13152560973584929,0.5427353962637177,-0.3299294694037635,0.12271251628169871,0.8430217003392628,-0.16496832734625333,-0.037419750871971476,0.7650946777428895,-0.09624360669049306,0.09811576528560242,0.6461563365564698,-0.052123367631664495,0.14358011845857846,0.5406449904743085,-0.06357415171404128,0.12929225198534625,0.8154242893632634,0.19575036094029552,-0.05742790911447109,0.7357663820321042,0.2489125160302869,0.08468959616877791,0.6170415465683445,0.24676924704512238,0.1398336158839587,0.5312148122335482,0.21322139051979397,0.1484082475679385,thumbs_up
0.0,0.0,0.0,0.030831022645224828,-0.7111462570436283,0.004715126661379141,0.12204986848899614,-1.257716375950589,-0.016088142344400654,0.19918825415908764,-1.6978637003863688,-0.04239356025894427,0.22421156838663256,-2.006410229234163,-0.05900900284005162,0.7461054940162248,-0.924767193295715,0.04349986582934607,0.7390388664140694,-0.745142941138954,0.14146332465759603,0.6116694522543723,-0.6197205669011114,0.19189955557150554,0.5210387481527805,-0.6150353267433325,0.20523972165778925,0.8314324654514573,-0.555023700019077,0.02585977204935118,0.8045230678833151,-0.40044801188711826,0.1501101049760009,0.6776214125940235,-0.33552874275045225,0.1971269490465346,0.5636933071743964,-0.33356231914585366,0.19342142971529772,0.8321603737481527,-0.17158257430293583,0.01953314363481405,0.8013913278780148,-0.08530325192871831,0.15655369701893238,0.6835339459275903,-0.048602799139184,0.19909313354320465,0.5721144971324549,-0.06733610831658506,0.18774663342484818,0.7922470755439455,0.1822923140669692,0.0024009688943956403,0.7576923454243845,0.266247634899669,0.13795741262513347,0.6450032654095745,0.25993824616678196,0.18929967130199804,0.5547349851655873,0.21680266575498752,0.19914513154740499,thumbs_up
0.0,0.0,0.0,0.018367993476487637,-0.7214487856332363,-0.03492962969858604,0.09686095164571462,-1.2686020610756337,-0.08690330484444879,0.17708443943289082,-1.7194163567799579,-0.13598001067035143,0.21486749578143458,-2.0494855790886106,-0.17351167757329364,0.7235101058313776,-0.9457335245817039,-0.02875002375377877,0.6494421879510334,-0.7965965915021438,0.044606889727919576,0.5113040416628578,-0.6654910008558448,0.08282364882940756,0.42099977606058653,-0.6356289463452687,0.09008632531978829,0.8199175878707031,-0.5715756481639815,-0.03219328386809183,0.7393041839429377,-0.43873692324949537,0.06540773234036495,0.6114265363362612,-0.3821790270573303,0.10632938001607788,0.5082875962225402,-0.38239938046744254,0.09827560613224234,0.8255441533142522,-0.19252115953183463,-0.024380623270715916,0.7705305542480386,-0.12973085625082392,0.08843094800072969,0.6494257786545358,-0.092937046062571,0.12966894265711312,0.5335956802574653,-0.09024514004187474,0.11877900582707077,0.7867067345494746,0.15164560195603158,-0.029068615210396213,0.7552644387396662,0.23600188827541757,0.08998441023970508,0.642856850754976,0.2267397520300418,0.14060871784154838,0.5456205690100037,0.1935635405569751,0.1500526749525818,thumbs_up
0.0,0.0,0.0,0.017453820044371703,-0.7212619532695248,0.0322911181130064,0.09547332092079516,-1.2472964616754725,0.013714509819367539,0.1717777433127649,-1.694234938646004,-0.011825254113096024,0.2002550984174397,-2.026075980560514,-0.026913783386169128,0.7250502909514477,-0.9391458526866214,0.05563903327526968,0.7031286238487958,-0.7593562351644041,0.16078285233365913,0.584526532356541,-0.6495653627000633,0.2182363576865686,0.4814386235315883,-0.6406723533316862,0.23913499929695253,0.8224701424384595,-0.5676610194936506,0.03610833345210955,0.7803275700939958,-0.40058045433965306,0.17741855356124164,0.6544409684086896,-0.35520020407709507,0.24099708829611183,0.5356466629882807,-0.36948474784953,0.24732369375014066,0.8290571149143067,-0.1826186088606567,0.03149536694934394,0.7852681308542052,-0.09005527425078494,0.18536462764063377,0.6660032327131427,-0.05594194164997212,0.24075791451688966,0.5438840240196574,-0.06728282853372407,0.23646007736402858,0.7931321991809733,0.15687042641311064,0.019377111430079773,0.7546729759452614,0.2749841619665243,0.16983337770212506,0.644730585881004,0.2697373845345659,0.23114208135765574,0.549080693268966,0.22782865037580097,0.24704422132667128,thumbs_up
0.0,0.0,0.0,0.024322932256434414,-0.6981544448440788,0.013879118393297992,0.1011920375799086,-1.2199432539005444,-0.022143728939778663,0.17478441190636065,-1.6645256123977015,-0.06639894290052045,0.20243571230935845,-1.9894767528135875,-0.100437940545776,0.7202399420320715,-0.9480588519272753,0.02195447253666988,0.7115465526834411,-0.7313476957686385,0.0948787994321059,0.6010123849167571,-0.6123670533480834,0.13159615475409067,0.5009490253364628,-0.6091831119497289,0.1393549805018748,0.8165067915922984,-0.5772878669364768,-0.007440293783373065,0.789650231480715,-0.36638339998486613,0.09319940435205094,0.6648018264732198,-0.32181110370051697,0.13554673253204588,0.5491262237408062,-0.3487337174247114,0.13000426596663564,0.8241868346458738,-0.18814585199701028,-0.024449060634575453,0.7839756494989107,-0.0607137546898872,0.09344939892755758,0.6615125138357002,-0.02785889747120364,0.13827096077308793,0.5470374093007397,-0.04612350771066538,0.130131212753372,0.7870827904667289,0.1650082151224281,-0.05128607456149965,0.7584475009298367,0.296632357772754,0.07181098410934587,0.6481581509178302,0.2945390873350114,0.12451099558145139,0.557386332844811,0.254776123130765,0.13596667754833264,thumbs_up
0.0,0.0,0.0,0.014501006316278079,-0.7248674813549898,0.019157321269633112,0.08589551849184848,-1.248666558331692,-0.008154260066030422,0.16403311994259073,-1.687468983964118,-0.04157947849821002,0.19727534771889974,-2.0299408832362102,-0.0647294440744002,0.736916906464975,-0.9604484407117001,0.0394575994619228,0.6835915681229183,-0.7929464298811496,0.13914441271052436,0.5661018139007459,-0.6578196309312293,0.1921221277303809,0.4688628374404319,-0.6364555760794041,0.20938948766275628,0.8244640019921992,-0.5656098430489993,0.018563266552326766,0.7734162349867876,-0.4227761442146841,0.14470454166445085,0.6541370195219114,-0.3787185549839762,0.20071419251924458,0.5386195610013595,-0.4015488704965282,0.20277874999109335,0.8237481071877517,-0.16190942738132383,0.012735964325074305,0.7755173145380526,-0.09527633265320624,0.15495202701096894,0.65930271346525,-0.061835000081515545,0.20879586167915729,0.5381132501920509,-0.0693700962435797,0.20421755445903583,0.7766283854807022,0.19625610765833068,-0.002123623337614078,0.7536072382252081,0.2824640717639847,0.13552185849126056,0.652700266081553,0.2751653091332808,0.19453722132830992,0.5595252887480263,0.23718510422476477,0.210024082491458,thumbs_up
0.0,0.0,0.0,0.018558082203382998,-0.7218262143004495,0.06027107599148211,0.10497668301884154,-1.251146496838281,0.06465307857928149,0.18085704302607158,-1.7013160463867418,0.05949170271708188,0.19153880942453402,-2.068360684029481,0.06713424406157197,0.7363368190127019,-0.9567981291143716,0.10509465098141735,0.7970623845476217,-0.7614959614361835,0.24377044101511858,0.6889046829997039,-0.6549511077660697,0.3330552255289363,0.5765434129004593,-0.6543982270877365,0.37617168107527854,0.8204442110531284,-0.5653517676542007,0.08513903546364368,0.8648100931627041,-0.41511370336648323,0.2574994385916443,0.7558498769332058,-0.37899691267070434,0.34407420027546554,0.6344540339311993,-0.3953135942655115,0.3699650369956575,0.8149087026858173,-0.15301559161467676,0.08230400365956615,0.8278670530087495,-0.098947770531018,0.26064766473452766,0.7177404819341008,-0.07131267205966775,0.33156447213426415,0.588879353611268,-0.08175932455350571,0.3423774080774977,0.7697450528499802,0.2074919300884374,0.07423967701033736,0.7633992112864454,0.25311519689222217,0.24514889052200484,0.6581212362211789,0.2456119359288436,0.31859310258828794,0.5591299053942922,0.21768252622771395,0.34657609005717266,thumbs_up
0.0,0.0,0.0,0.04662142536152451,-0.7277995687567066,0.07672843357206514,0.1455841192650009,-1.2732452943054022,0.07062523933324019,0.22841659154810187,-1.739516620162571,0.05200195197670529,0.235577580535872,-2.114099381804729,0.04545084191333747,0.7727833936087928,-0.927752885320619,0.06299227509356496,1.0020205061827272,-0.6841742926985276,0.1679149180030385,0.9884017500021333,-0.5172009884958881,0.24083623264072218,0.9321305270327148,-0.45919580183468955,0.2793024038803038,0.8566575060057782,-0.5149330121686309,0.03133513017206053,0.9400374702980766,-0.287720100014244,0.195971660811724,0.8193887584399271,-0.2659557869739181,0.2972989093211886,0.6918956794788444,-0.307124375472754,0.33404024054083004,0.8429217373894835,-0.09018418006925569,0.016926747304820564,0.8744649058711966,0.03714944076866612,0.19443225180393514,0.7529796124568243,0.04018287344613189,0.28188608793274433,0.6204937161106606,0.0023221806173244074,0.30244975085350256,0.8002314136361678,0.2775096178186177,-0.003123462610323669,0.8111967407601376,0.3659130865808502,0.1693669441027329,0.6995800696802267,0.34325626692312106,0.2518725774225116,0.5953156799768418,0.29624107177184894,0.28615526729060864,thumbs_up
0.0,0.0,0.0,0.05795137951393735,-0.7192750619677665,0.055728641860125105,0.16324757849419913,-1.27393571765967,0.017187872327875664,0.2448956414022582,-1.7363736739378912,-0.033050788176328914,0.2508151781882418,-2.120554818413736,-0.07464995853699757,0.7555746301320467,-0.919051410830942,-0.040380086781797615,1.0086350484024913,-0.6262895811475693,0.020937095570731295,0.9861320406751891,-0.43132794971397925,0.06814915696047316,0.9216088249043934,-0.3680172400863836,0.08592654262739352,0.85817542295413,-0.5061164231479879,-0.0859132682266608,0.8667785968505543,-0.24134197743779126,0.05981271290026244,0.7292099036157371,-0.2234035948756436,0.15808055150354103,0.5961181561404272,-0.2737186277648273,0.17805211061896403,0.8571738769916324,-0.0737936946739603,-0.11409821589416883,0.7959957188141491,0.06355138665383621,0.045325272582793875,0.6702151980198325,0.06107988662887165,0.12395582061011264,0.5483976098250695,0.005300484874968585,0.12537848700655171,0.8226587906906151,0.3057628024932668,-0.14994398612789833,0.7533237997521683,0.3818699977263101,-0.004690224249606019,0.6297932266591499,0.3520654727823979,0.06219027661568409,0.5270800394311697,0.29270092486132904,0.07963979316284933,thumbs_up
0.0,0.0,0.0,0.04847263108992396,-0.7143283191557971,0.0537395900814805,0.1739526680530494,-1.2661642863815086,0.03722260230303342,0.26938496449669147,-1.7339153403004908,0.011060341923234403,0.2885165969798404,-2.1352434433081844,-0.0027558058436242157,0.7374515582228539,-0.9635907552917281,0.025978061656423412,0.8946478294993819,-0.6883299127515531,0.125406227256163,0.7977810319252271,-0.5448579417029727,0.19693365981342392,0.6816304365790253,-0.5413079787568239,0.22891592066608435,0.8280879858742326,-0.5605623523017358,-0.006333785021664006,0.8536811786362181,-0.3139646302212934,0.1451156779996748,0.7224653789969184,-0.2659608251503863,0.22837782511235363,0.5938943970309495,-0.30320741301148774,0.24608704141542012,0.8315967549023926,-0.13736994680225945,-0.020377721789309015,0.7946561790034947,-0.010631113379227146,0.14568460769142388,0.6788698836122972,0.015470137704621812,0.21215828036567805,0.5628543594801817,-0.02503189060054427,0.2126570910732992,0.8034708367609239,0.23244606998220124,-0.04027533433530143,0.7503032199431993,0.30976537266303317,0.12512650443975099,0.6337283552647849,0.3061781390291799,0.19362758517849768,0.5399289633117655,0.2640846803821146,0.2131041816959622,thumbs_up
0.0,0.0,0.0,0.0566236726857507,-0.7287742511678656,0.03936653465189325,0.19228385071641557,-1.2811583774192326,0.020882793665767008,0.29603049332227666,-1.770901766992301,-0.0014186914393394207,0.3299711127876215,-2.178955159813132,-0.0074625180221855915,0.7914513802229167,-0.938873173244253,0.027182722421322976,0.9142544467564093,-0.7748753689974235,0.14770371649694333,0.7860091438505735,-0.6863576465689099,0.23970411953311835,0.6580578455002362,-0.6974481517457634,0.2856392150533762,0.8624362871269031,-0.5059924425160829,0.01323928862778289,0.874951539525918,-0.3953326810979438,0.1804874183651994,0.7361544532408282,-0.375147520382683,0.27874823254900494,0.6149732831830867,-0.40228677715333694,0.3107299857705858,0.8426316703197336,-0.06741816742807229,0.018656873507962805,0.8236574874324806,-0.06414199385788484,0.19604793542029142,0.7041391910936053,-0.04941368377649786,0.2747338059462759,0.5875170975251217,-0.07104479672084693,0.2873712557796334,0.7918820711068486,0.307844261167822,0.018846188415929322,0.7736320105507303,0.2871630752229632,0.1902903103891809,0.6575632530413764,0.2730448389219426,0.2694183339650034,0.5591413596073184,0.24992450407220873,0.2998514232051944,thumbs_up
0.0,0.0,0.0,0.060533387091691454,-0.6991344851185136,0.0034713422597707623,0.19962424901308634,-1.2502373565337208,-0.03764931128266667,0.2953508635050981,-1.7476049312402997,-0.08696496418306861,0.3183383843223503,-2.172099739608817,-0.12183151160714908,0.7736297034074059,-0.9451799082798756,0.023374641864504737,0.9189026475218129,-0.7103084058317177,0.10604551651783568,0.8139225429127055,-0.5809040777595744,0.161853453124731,0.7003208300053207,-0.5890138311512906,0.18307299632215937,0.8477539800556345,-0.5303891782976685,-0.000699174194237261,0.8792692598221374,-0.29272057536991186,0.12878134807106684,0.7410344599153071,-0.2511185792183961,0.18919017417123205,0.628220858751975,-0.3047736723290432,0.19511422287030467,0.8397561775194341,-0.09238674730246292,-0.015361976099792984,0.8270029699862574,0.026375287377817684,0.12620177026199145,0.6991595487428828,0.050035627267024325,0.17802969034553728,0.5863531881821461,-0.0014921211041108418,0.17394682593580033,0.7994377174203348,0.28889558780646213,-0.04163649008478587,0.7809747377711472,0.36051294504834325,0.10619160785890724,0.65865338994573,0.3605864650131601,0.16886190389954822,0.5647266221681395,0.32073001105659854,0.18647444344435954,thumbs_up
0.0,0.0,0.0,0.07589971507238528,-0.6679001404760252,0.026406040408265125,0.22250162256181777,-1.215314162067286,-0.007169207948636918,0.3134382170617477,-1.7064712720693616,-0.05748302232533423,0.33276438292491445,-2.115765630958525,-0.09430086105232113,0.7587806418876379,-0.9337635551277079,0.057950602551171224,0.9234531736839777,-0.7388696924729022,0.13028610070285956,0.8387940248481103,-0.5949712621465721,0.1744347851149036,0.7335321992140061,-0.5672974486963079,0.18918526869841715,0.8384941627311245,-0.5446303365542092,0.01747328162305465,0.8733979558779036,-0.2902224935465277,0.13921301099726102,0.7312059087522519,-0.23671099787806563,0.1888642733793497,0.6142075217980902,-0.28284232067428505,0.18887677309499978,0.8425606495168887,-0.1285706007677942,-0.015755801504886494,0.8268629725395883,0.02479760102921283,0.12148950363013432,0.6964575511259034,0.04847805840231351,0.16625723523107677,0.5846194661796918,-0.003802010495520607,0.15678120571141116,0.8172317368520728,0.24214888203801493,-0.06015699082157591,0.794434352444116,0.345928434707475,0.08662785402006565,0.6681103584985973,0.3464597463430784,0.14657323019497936,0.5712226542923384,0.30158448933758886,0.16119009951788701,thumbs_up
0.0,0.0,0.0,0.07127341005879811,-0.7076150128424303,0.058608272027574515,0.22449494052558294,-1.2834849629932066,0.025865106801597107,0.32666586894264316,-1.7883317389760571,-0.028464032391395812,0.3492008786305955,-2.2316499739543594,-0.06881058450213168,0.742742564999156,-1.0067877290214704,0.03805531127915104,0.987321416078967,-0.825524621316593,0.1105114769159021,0.8889583172920699,-0.6879940938043545,0.17057684071382542,0.757606797389145,-0.66688884601271,0.19477572616294944,0.8139010539494808,-0.5805472668246654,-0.0230201077828593,0.924059688380918,-0.33148483897325987,0.10277664212357225,0.7781294475229648,-0.27058078533514046,0.16967702152501174,0.6444436787261062,-0.3132889967982929,0.17851850594238844,0.8135309363267472,-0.13394895742657587,-0.07061296155725376,0.8619766599177398,0.010995772918424981,0.07506009767586477,0.7342463950875763,0.05036493366151774,0.14046377260184736,0.6129583264964439,0.0026258233130341774,0.14043345768114696,0.7873898290263838,0.25695312611954113,-0.12637144926127306,0.8035159888880755,0.3429292727180508,0.02661159234641003,0.6737945849482696,0.3720183682614382,0.10216038801401514,0.5670323239960342,0.3495511537597796,0.12584467768424948,thumbs_up
0.0,0.0,0.0,0.08149650562979066,-0.7162682435905022,0.06931777243505144,0.22644493844604868,-1.2937554805883755,0.03936573108051984,0.3234807604013365,-1.8086935394358428,-0.010148415452234966,0.3404780824885941,-2.241783102060823,-0.04340186438002997,0.7458337665211349,-1.0238740033471088,0.03100531973659745,1.0013679722556215,-0.8754155045964929,0.11872528903005963,0.8993331529131634,-0.7385715708342786,0.1982838784014982,0.7584337364834992,-0.7200858795795007,0.23745205683205614,0.805757072358613,-0.591678755478812,-0.025918538907900652,0.9653555673113114,-0.39143743620343985,0.1156128554398225,0.8311386304326085,-0.31906232257799894,0.20233705921353468,0.6872647248090711,-0.3402025626955888,0.22660193626933625,0.7964040188140221,-0.1410765362965961,-0.06548735878746167,0.8997964759936458,-0.03949323204349179,0.0991481405238519,0.7828312952967615,0.007012541017275875,0.1846954987531427,0.6521067123657235,-0.022499564810631142,0.198850872832665,0.7635378812202447,0.254044711996383,-0.11157140030792836,0.8269467935818855,0.2978399888077993,0.05822786355248204,0.7084530403191139,0.320179302310254,0.14870939821764204,0.5970052840484833,0.30320784534642087,0.18355739817961245,thumbs_up
0.0,0.0,0.0,0.10180431363434801,-0.6977932478453747,0.040437124763160415,0.26542992623959116,-1.3091599714800652,-0.021892811946762705,0.3486750106856014,-1.8633198468999295,-0.10334042634697672,0.31779836534764316,-2.3102669903994206,-0.17053413328499042,0.7336922471396728,-1.0737735889649427,-0.05059184065688973,1.0313513629975322,-0.8919390485183427,-0.0007310177731305115,0.9037012590184385,-0.7561335187866465,0.06337409022125227,0.7482073278903952,-0.7785569089422681,0.09228655175259542,0.7767514645941039,-0.6189179894909514,-0.11660902424509119,1.0045083130858996,-0.41549726445105445,-0.009403854972620035,0.8551747022982805,-0.3339814081605599,0.07008671688127628,0.7044284536938399,-0.3661156206772198,0.08864964695204602,0.7668498086122415,-0.15214891968837724,-0.16669188447309335,0.9316186641072136,-0.05446790207631823,-0.02538250590405959,0.7987829276359902,-0.005476426581003953,0.06606671578546645,0.6626071630915434,-0.05518316173040502,0.08313915209935177,0.7379055368971276,0.2619875925846966,-0.2267023343417781,0.8714497908207804,0.29216715289912265,-0.0757212537543391,0.7423999471497748,0.31735631143028137,0.01880130345834106,0.6219900883330948,0.29105058567682135,0.05634145173840521,thumbs_up
0.0,0.0,0.0,0.07806170754438835,-0.6709548245253433,0.038552683977175047,0.2252238084752431,-1.250504813521911,-0.019485905025581007,0.3287719997897672,-1.7552146739029153,-0.09609384343427452,0.36219524118404195,-2.1676844377164284,-0.15920392683554163,0.7076238223346648,-1.0649812907461964,-0.03855887502503428,1.0187291907215266,-0.903696409010549,0.0059587098050065705,0.9040479781043184,-0.7596534882433438,0.07348566272111418,0.753564743889607,-0.7862905359166313,0.10662101869810396,0.7482877941908999,-0.655107477850388,-0.10440090770400463,0.9989659446016542,-0.4587316770531785,-0.01896342465949418,0.8477761589072326,-0.3584241222154424,0.0640823405600238,0.696432206183019,-0.389628154815554,0.09637639557113385,0.7359117656553916,-0.21134621582484292,-0.1574336726274443,0.9185544698375041,-0.11740046871464474,-0.04629783947880124,0.780773802442805,-0.04816013034910523,0.04919644006878727,0.647050401677168,-0.0912771215133207,0.08093776396749168,0.7000525714139992,0.20242443896791976,-0.2187609508608552,0.8490077884994814,0.24146112378090764,-0.09920147707049665,0.7194642484401027,0.2674285973063541,-0.009785636445361748,0.6013083043912747,0.23515307540508779,0.03436333894084368,thumbs_up
0.0,0.0,0.0,0.10019127346680123,-0.6448482310168167,0.059176359891484856,0.2489961295241659,-1.2228416651535223,-0.01305240975018035,0.3211774665634935,-1.736592036139661,-0.10550734404980912,0.31938472783876476,-2.1204846317894854,-0.1846246585139015,0.6702687800995983,-1.0865471533255786,-0.10966306457864482,1.02202071008211,-0.9014553995565707,-0.09142089882192962,0.9019016289290782,-0.764737144405876,-0.0231460088248694,0.7405858699826717,-0.8075084043418645,0.01353306248526002,0.7045366819398889,-0.6830798228701799,-0.1924318045146765,0.9945935953045502,-0.47175816189204267,-0.13210755529729012,0.8403635956648109,-0.37450753300682144,-0.02835573020210344,0.6847863883483241,-0.41525644511373,0.019873424736557236,0.6951347198433415,-0.23965212836332767,-0.2560274335385052,0.9161301308237851,-0.13173165937103498,-0.15882322577619057,0.7740046091985971,-0.05315506631695801,-0.031967565037912565,0.6349190339026742,-0.09811180269144402,0.021328180937196125,0.667612353600351,0.17742526778600617,-0.32564710671684716,0.8466524270217041,0.23119737365468218,-0.2124010053872224,0.711305960571094,0.2649786829648268,-0.10325012349525887,0.5857069871928008,0.2313909492134596,-0.0442822605576167,thumbs_up
0.0,0.0,0.0,0.09334483617861306,-0.6185157239934196,0.061199527402081594,0.24692215260743364,-1.1819958719402377,-0.001956327372296857,0.3220183433058515,-1.6784987851750799,-0.08506092038864568,0.31629171594401734,-2.0661598605233245,-0.1553672889357828,0.6546342554690203,-1.0908497311950776,-0.09002353045640604,0.9894981490592066,-0.9119016056406969,-0.06760256821981302,0.8753750131444067,-0.7644957057868653,-0.000354433913202661,0.7239246911556622,-0.7967390078671042,0.03497127068908169,0.6894109926485927,-0.7038488181003585,-0.1711996041876551,0.9722626345645299,-0.5043396562718327,-0.11103571079869766,0.8254532977780076,-0.39475164194568074,-0.012220080807978298,0.6789110505675688,-0.42768332757439015,0.033739441546502935,0.6818050160855794,-0.274836524091279,-0.2339902638065676,0.9029470832756882,-0.16966156412587846,-0.13863394301560397,0.7646719200926235,-0.08496743254372616,-0.015359277901502313,0.6292431918255565,-0.12751785369455057,0.03678417874200131,0.6561441622636449,0.13249236329157885,-0.30262121239028056,0.8378782292405526,0.18147534926822342,-0.19245753090779005,0.7051220170957545,0.2148310294717072,-0.08618523179868823,0.5803795724744211,0.1802897848202894,-0.02868104987896277,thumbs_up
0.0,0.0,0.0,0.08599550450663217,-0.6106204647789872,0.06829890472991003,0.2270740397198715,-1.184635990799364,-0.0026200834764639647,0.29178328747637866,-1.677496756175382,-0.09617450233343103,0.2870593029142967,-2.0442377180780076,-0.17646618548504772,0.6041397018232493,-1.1269610418051845,-0.11388807131041523,0.9670759686598595,-0.9802654861042543,-0.10719604483688211,0.8498432751396499,-0.825179565638531,-0.04133528870838289,0.6852129382225036,-0.8440973358033442,-0.00452994625594098,0.6406429425405092,-0.74010887769543,-0.20448826208232104,0.9627507620153558,-0.5646363688861484,-0.16529040325516012,0.8190754723305126,-0.44620872338006995,-0.06462621714597755,0.664082130244823,-0.46699049704735446,-0.013031902728746929,0.6462733661668025,-0.30895478067571897,-0.2751254796876666,0.9114673138373597,-0.2276184558651448,-0.1958999073976911,0.7769481641145438,-0.13192142801440512,-0.06227560285147506,0.6326980594133714,-0.1551500344483138,0.00030679692571848626,0.6369837475255024,0.10398127292021014,-0.350648434938866,0.8595640050431967,0.1274458851348616,-0.25298914268938427,0.7325890260563279,0.17051776918054826,-0.14025130224067273,0.5996619481167199,0.15685789829490712,-0.07531408022333248,thumbs_up
0.0,0.0,0.0,0.06833534748287835,-0.5948179719811096,0.04369492261717561,0.2029506078617344,-1.1837220233223726,-0.037542526048009846,0.25439681304024314,-1.6946108977026035,-0.13824151854495056,0.2374397532257297,-2.086465312033026,-0.22412093702027763,0.5715710343559952,-1.1438314383281336,-0.12643128518973049,0.9378445182482148,-1.012137319704014,-0.1317636363182763,0.8271924290345071,-0.856672623584484,-0.0730437654394624,0.6692369649973378,-0.8698183125356449,-0.04019511897127712,0.6066172961723653,-0.766762238888464,-0.20997882035881243,0.9418669431187479,-0.617826440620304,-0.1929781411089052,0.7938447937902884,-0.4985346379559966,-0.10036116441952832,0.6355942398814606,-0.5114141674150736,-0.04832887796814199,0.614830217642387,-0.34240729838050177,-0.2769681819319944,0.8900829413177804,-0.2798512763905928,-0.22069024173482424,0.7498615244322643,-0.17473921710166118,-0.09223875370846026,0.6028508362792091,-0.19241843429583538,-0.025913725349276596,0.6092709007978946,0.06766071858394715,-0.3508284569926929,0.837752844161419,0.07589540672050586,-0.269131803128504,0.7076824086499818,0.1253974903916181,-0.16175886911676501,0.5743166651413135,0.1170834503567984,-0.09708169063897477,thumbs_up
0.0,0.0,0.0,0.05677940814551693,-0.5761002341784994,0.046777315892211534,0.18644765160455837,-1.1635763904983196,-0.03586483797265767,0.22935087051268613,-1.6579060049060614,-0.1392347393894012,0.1967370688481313,-2.040570791325024,-0.2279535889614372,0.5324708131986613,-1.1604000226110849,-0.13677701174496432,0.9101707759126828,-1.0385529088403207,-0.1534553166344902,0.7956698956497233,-0.8733809792155771,-0.09744110228201083,0.6298138703486199,-0.8755276058899356,-0.06564444034423574,0.5666755970166513,-0.7922182372156711,-0.22642661585757967,0.9212532857674154,-0.6438281046036776,-0.22808428867833416,0.7680214506824555,-0.5114469301024305,-0.13652558926165126,0.6059539349782087,-0.5226967995538728,-0.08103819620337231,0.5770188464871914,-0.3777492645060459,-0.2993723481040616,0.8756139506500216,-0.3022149216821115,-0.2589816551159647,0.7355936633467277,-0.1846538658633905,-0.12788133617470757,0.5880485900996493,-0.20181355444960294,-0.056100133908655286,0.5725928780442684,0.025527934917873585,-0.3787295119071398,0.816843549595239,0.04655528246435481,-0.3084161955465645,0.6882125092419213,0.10754559664109957,-0.2007565718553976,0.555904354692105,0.10342689828576622,-0.13382252690585528,thumbs_up
0.0,0.0,0.0,0.052482100247944856,-0.5844882505175969,0.05157386752122208,0.17244129982988263,-1.1758908029762456,-0.03586611745250995,0.2102392987161318,-1.6721306286892725,-0.14421290039054646,0.1788568700047884,-2.0428733891053583,-0.2375978625285952,0.5032937143874607,-1.1729790448674002,-0.1579430599358266,0.8913683620140846,-1.0836430067652278,-0.1785625385693092,0.7788752020863972,-0.9192283406580359,-0.11912263118748574,0.6114258463722105,-0.9141376547906007,-0.08417689916558137,0.5403960267417117,-0.8028933731365817,-0.25166315911378884,0.9132242605409128,-0.6852302166974918,-0.25436804862628687,0.7675041706920201,-0.5523304280770683,-0.15430863315298318,0.6044930386142328,-0.551502689322865,-0.09362972828188507,0.5546928277920352,-0.3878954055712582,-0.3269946558886568,0.8718336216673606,-0.3376648023211325,-0.28472482548062755,0.7353259918528735,-0.22420378816823305,-0.14343972075017186,0.5842148931647235,-0.23189718500185527,-0.0660361920940366,0.556359144421784,0.016871224553495514,-0.4080699947301305,0.8168211153236449,0.018195183570119736,-0.33675630908643284,0.69208186322981,0.07336816178346268,-0.22353486264746655,0.558091817623652,0.07273182605003327,-0.15296395423062267,thumbs_up
0.0,0.0,0.0,0.04791236531918547,-0.605534135490643,0.03954674046085569,0.17390321268561873,-1.2105331535762358,-0.051912867065117586,0.22451516310991576,-1.7192868779885666,-0.16093643390018594,0.19395460280404744,-2.1065441578581505,-0.2537788064786333,0.5136018668883148,-1.181367133623767,-0.17440794164998635,0.9140884528923182,-1.0921650775102387,-0.19423783015423973,0.7906152825339376,-0.9390894138353095,-0.13281035283932088,0.6117855690010802,-0.9413762584840477,-0.0976000982675797,0.5547454478262737,-0.7890035661871111,-0.2640659778541101,0.9362632090270704,-0.6929876464263212,-0.2654550821783699,0.78781532976886,-0.5762554173730868,-0.16657659587784088,0.6208687759349724,-0.5728418562456273,-0.1092484894580873,0.5704706868521882,-0.35696149395863247,-0.33483218861899766,0.8829275428317254,-0.33363827722860123,-0.29125959761169407,0.7435986687480821,-0.23084508757768418,-0.1516724127043669,0.5928931137779796,-0.2370612531917526,-0.07730282727014552,0.5730563805175232,0.05772293946915998,-0.41225175101219436,0.8288173087770386,0.03126512271677929,-0.3408787434946094,0.7007346508805063,0.08332504568333521,-0.22857202222502165,0.5672599824218862,0.08913045963217875,-0.15976675953265543,thumbs_up
0.0,0.0,0.0,0.06312657729257128,-0.6114291933279221,0.027808139354389985,0.19960050199909188,-1.243761775708175,-0.07970613855546387,0.24569823664324525,-1.7858195722222763,-0.202798173893778,0.21864143842262687,-2.1848801294099323,-0.30851454690995295,0.5229155891455937,-1.1823324195026017,-0.21682434968015804,0.9490133566210898,-1.0902827270745588,-0.2498477554822427,0.8142819584243179,-0.9552773643213869,-0.1895693568914095,0.626047520983501,-0.9707369070764567,-0.153961226752165,0.5496657762551823,-0.7769895991943052,-0.30684634128120236,0.9578361879481139,-0.6741236368381948,-0.31898946046527804,0.7967791411031788,-0.57532716745507,-0.21489292287650494,0.62009865247381,-0.5832468218544288,-0.1535787124016222,0.556746214323701,-0.33886963803810505,-0.3773905489136783,0.8951766562636082,-0.3165953601938269,-0.34026701900903455,0.751030524716695,-0.2289301666781321,-0.1924760828582099,0.5961275532962641,-0.24622724407948451,-0.11265396591794115,0.5533235228861074,0.07539435301483337,-0.45561422557931097,0.834491641503585,0.04470925668807884,-0.3882722118894367,0.7042060377911186,0.09044481445271142,-0.27089765427667545,0.5665377821901357,0.09389468914395452,-0.1984248014602522,thumbs_up
0.0,0.0,0.0,0.055395374386032425,-0.5993377794356137,0.011857503734473723,0.1926269887273979,-1.2635650781511578,-0.11559428004974458,0.23040059662780848,-1.818573008674811,-0.25804596693877035,0.19495099420531992,-2.22906941641971,-0.38347060983933107,0.49924930822258423,-1.1850364549171704,-0.2766848646251218,0.9573244585414789,-1.1091016130505447,-0.34749758427638594,0.8341652327454473,-0.9830991675710046,-0.29960546124769505,0.6510424903556354,-1.0000114086519503,-0.26785709513561157,0.51975335330731,-0.7694353162757944,-0.37124887312067917,0.978371287867064,-0.6873765751874844,-0.43355417373327265,0.8091909621137942,-0.5850783121531702,-0.33155993048250204,0.6196894947495176,-0.5956347248653449,-0.2609292051750244,0.5279802384190129,-0.3281105145669984,-0.4466474630133643,0.9137937011682329,-0.3142278984770918,-0.4505456774756937,0.7600508057173955,-0.2214977229044746,-0.2913539286133921,0.5899589256856803,-0.2378014530176282,-0.1942040683837689,0.530138984278192,0.0905714297134386,-0.5316439732981061,0.8379229697975497,0.06276525301520824,-0.4908888232786134,0.702889025545043,0.10838283396857178,-0.36935929706431814,0.5541009555663468,0.11130686520158709,-0.28795448976891924,thumbs_up
0.0,0.0,0.0,0.06024435301780305,-0.5991949123506389,0.022226105272225277,0.20374821988885602,-1.2676641822696313,-0.09751889794924536,0.2449992636397408,-1.823300836155452,-0.23230465733626407,0.2143565723714087,-2.232832178472329,-0.35046919556461725,0.49219708279392255,-1.1898594133650247,-0.2748072245962264,0.9553440356186867,-1.1321680201944833,-0.3441277091902813,0.8460530718799995,-1.0098570807864466,-0.2915586740711554,0.6727023294669763,-1.019780136435032,-0.2548031224244871,0.5112278515892722,-0.7756104286642828,-0.3702357717814741,0.9790357261644255,-0.7165447224400044,-0.4311865424311901,0.8141449924278379,-0.6225946311109424,-0.31934102482275456,0.6208772047169971,-0.6274370057543727,-0.23966849327844802,0.5191466896315571,-0.33375828790646067,-0.4456307439833834,0.9185431041443571,-0.3419608619513341,-0.44891399859105374,0.766971225293329,-0.25432309966862643,-0.27851100226110387,0.5939148456994708,-0.2617230833915708,-0.17129686717385528,0.5219790019195699,0.08591249861153749,-0.5297519598257685,0.8434487048075494,0.03975678050504239,-0.4895310531067538,0.7149526924816602,0.07802075895152139,-0.3622059499235699,0.5671509424815081,0.0846986504881034,-0.27428674304559764,thumbs_up
0.0,0.0,0.0,0.0602406621544334,-0.6165076733373123,0.01478084702959419,0.2102560533798279,-1.2856216890798113,-0.11813006322740348,0.2613828816293528,-1.832879554002009,-0.2608717328964543,0.22936568788622838,-2.2468323923181255,-0.3862233694396649,0.4665180534324989,-1.2024358721475663,-0.337766176265556,0.9563590184610741,-1.1371783484098867,-0.4189623604543078,0.869407651060448,-1.018164787602738,-0.36741073938820384,0.721910505093323,-1.0139193297448756,-0.33067769442152645,0.4913207462445535,-0.7576410390128732,-0.4296323548258305,0.986878671477145,-0.7237417376863506,-0.5099239723386807,0.8248005663275608,-0.6543658768016563,-0.39263829178191684,0.6304642454988444,-0.6499751381313971,-0.3073462702778496,0.502840393014314,-0.29809860105797076,-0.49628510180664864,0.9232598298440036,-0.33809462235915094,-0.5114405411133135,0.7697639750385253,-0.2697651037960961,-0.32712959781618656,0.5958030210881877,-0.26511077659305016,-0.20827917748012775,0.5067135687904085,0.13024905539972123,-0.5705637561367308,0.8451008892568891,0.04699006394064315,-0.5342617465215407,0.7138922861385233,0.07650022895880824,-0.3971975121296046,0.5647457756541839,0.09763912128322232,-0.30175078913548564,thumbs_up
0.0,0.0,0.0,0.04956189837539341,-0.5807605329926624,0.020295743165779707,0.20475206390583303,-1.2311816430194218,-0.11718544117335988,0.27090994165403837,-1.7703136701941091,-0.2600843519015643,0.2397570552138546,-2.1788531347686604,-0.3837105261202198,0.42547358683064207,-1.1790005123955494,-0.40044227994471243,0.9382984381864444,-1.133888689610322,-0.4837123877419058,0.8253168074554057,-0.9618297516683909,-0.41491835095681534,0.6429797402472184,-0.933006934236454,-0.366941480976589,0.4470370711243069,-0.7462768907011179,-0.49318215645547486,0.9554790301971172,-0.7236372948381653,-0.567218259181865,0.8111700721581461,-0.6223597034094547,-0.43071926238060176,0.6265891086826868,-0.6172550816803941,-0.33735591037349216,0.46286011506059327,-0.2976657919570875,-0.5553063838006199,0.8900155109179835,-0.3322485630266544,-0.5634234500194624,0.7518384374959264,-0.24479763671443938,-0.36447593218028973,0.5820949008616507,-0.24492021678366815,-0.24014137022983134,0.4780203622764019,0.11850873462177998,-0.6223713016764737,0.8154284199477232,0.03427239204812262,-0.5856136511093821,0.6931351566501168,0.08537701821786989,-0.44323850497986583,0.5462103713645897,0.11481247407272593,-0.3448015036650338,thumbs_up
0.0,0.0,0.0,0.06095419429620442,-0.569119248288183,0.026083721575704766,0.22649950795971768,-1.2342810701485876,-0.11129761627298877,0.2834020707006436,-1.7910638874406077,-0.2551916429108597,0.24157687820620027,-2.1944015654982376,-0.37922065138770106,0.43769900433068815,-1.152952794162195,-0.40276474641181653,0.9747584180079346,-1.115059419245015,-0.4938383788681779,0.8684862722217996,-0.9534620020908792,-0.4279660736286045,0.6767369672884614,-0.93499612657004,-0.381935300287325,0.4364180061826182,-0.7454154027712625,-0.5038801258146068,0.9623753062411161,-0.6900623822784832,-0.5827392159537387,0.8171291256971273,-0.5865485513628561,-0.4436433241952112,0.6210630164974256,-0.5980888158817289,-0.3481275949873596,0.435065301184069,-0.3152666240876719,-0.5747807929010204,0.8832355803856201,-0.33390573713516547,-0.5900386621273704,0.7515491263665819,-0.23265773895963143,-0.3892546830400909,0.5762221165498325,-0.24302476010936366,-0.26298658601467817,0.4398756249313063,0.09579386879967412,-0.6500052987865974,0.8038819009979534,0.022298885466881208,-0.6251814374680819,0.695074470689998,0.08318176191902928,-0.4850597681916029,0.5452784710327907,0.11028643272488918,-0.38638773812620375,thumbs_up
0.0,0.0,0.0,0.06165999288357768,-0.5853252517956673,0.01804735506396491,0.22145717818276253,-1.2573874661144202,-0.12746368395547408,0.25958660567095687,-1.8201712272090549,-0.27981562184336745,0.19798849495805634,-2.2375318872126506,-0.4128748992413429,0.4055410353997209,-1.1728785217448285,-0.42017995298497907,0.9302074594302643,-1.1399751475739583,-0.5232552711181055,0.8109285354137916,-1.0026807116168528,-0.46915735099377015,0.6202620272933436,-0.9932023391384464,-0.43121207496516406,0.4049843558727483,-0.7502102955646348,-0.5226587451934176,0.9363467947833156,-0.6973785223536739,-0.6167209121669776,0.7870292770855509,-0.6116449350265658,-0.4905484963434675,0.5967145613051282,-0.6186321601215408,-0.40460131152387513,0.4091452818279778,-0.31829172490470603,-0.594312221124236,0.8617192370288923,-0.32675580180407415,-0.6142558957001555,0.7178751713265996,-0.24619405589266752,-0.41764795166849045,0.5423453541646993,-0.2623897639989785,-0.2966014856509148,0.41934894974799586,0.08745042754971476,-0.6720996697199956,0.7859450390531004,0.029618418942577378,-0.6465578687753285,0.6681895084735887,0.07489822724885524,-0.5077544373863092,0.5169328427551968,0.08786956225194742,-0.4127614702625287,thumbs_up
0.0,0.0,0.0,0.04998230873598498,-0.5989169045461044,0.022473551711544106,0.20162946571986554,-1.2840457501515201,-0.12031505832275688,0.2370988432766136,-1.8500466751749254,-0.2734170926765163,0.1751137326585022,-2.271728458204492,-0.4081432233764058,0.3990321590871664,-1.189964595793755,-0.394853413938047,0.9258108557274729,-1.1757309446438464,-0.5015636817541521,0.801132329336732,-1.0328830753445797,-0.45498359787277787,0.6032608687128216,-1.0164759500859006,-0.42306988642036314,0.40174425436954697,-0.7640073461277344,-0.5048705865307588,0.952832249764716,-0.7177857552611806,-0.6129533481772506,0.7920760063652906,-0.6255324676713754,-0.49960427938228646,0.591291162667099,-0.6306905351581651,-0.4193468761022447,0.4112541530661335,-0.32153690176013267,-0.585113985117732,0.8910157380181225,-0.33245690010941376,-0.617580525894836,0.7359978243519495,-0.240424161003187,-0.42876294674623877,0.5490207263679744,-0.2529539191329777,-0.3105228151938361,0.42584222807064903,0.09908622142052186,-0.6717492544779342,0.8098680024833397,0.05295767868418725,-0.6548627143267532,0.6819148872300216,0.10296548749084379,-0.5204330897677633,0.5243627005828039,0.11121503163059729,-0.4276617302634268,thumbs_up
0.0,0.0,0.0,0.044297710102650587,-0.6175241720340109,0.02164303966813783,0.20197039038209172,-1.3238949032996632,-0.11062619904137468,0.25165723891872976,-1.8979235392359817,-0.2542834336820905,0.19650906990691105,-2.329706703791264,-0.3800039673443955,0.43996111743740685,-1.1960705865938377,-0.3557705153722912,0.9572603890821845,-1.207027003291776,-0.4493429213659932,0.8526054180591192,-1.0518162753871436,-0.3957996110860804,0.6680642667745643,-1.0278485690902812,-0.3573229740280662,0.4493684802928338,-0.7664733121539326,-0.4588971678656218,0.9786755749714202,-0.7579201488501348,-0.5531570737535566,0.8196498219009334,-0.6431161104502499,-0.4345752928930564,0.6140238878062647,-0.640527362829496,-0.34708493888066305,0.4617163760754336,-0.3221748711960001,-0.536278324864515,0.9278714029141244,-0.35951668399318,-0.5615223594614562,0.7808532004923849,-0.2514383775221311,-0.37614233028495897,0.5925681165429242,-0.25430005497411345,-0.25668961521563793,0.47722884149796585,0.09385108995934649,-0.620838156100731,0.8502097914466896,0.0339560664876285,-0.5963455637911171,0.7292506678209866,0.08932622932424927,-0.4637004400813026,0.5732459374632292,0.10349215919720223,-0.3703652474276911,thumbs_up
0.0,0.0,0.0,0.040582681623435514,-0.5833756855038139,0.005481289727237518,0.1968745463422454,-1.267645353950419,-0.12940388839705783,0.25372679502552,-1.8366122123465878,-0.27090807055360433,0.22201716328685656,-2.23779027927402,-0.3944045090618959,0.4446607743715589,-1.16933104820718,-0.36483420710801867,0.9583300248599405,-1.1842987701909147,-0.4582485181317273,0.9210482006515205,-1.0022644924683097,-0.4032936885261308,0.7927493695210986,-0.9433166518783005,-0.36113614642943614,0.4552547085502021,-0.7664079520939215,-0.4531688220851818,0.9704589408583254,-0.7575297565764371,-0.5406011041875631,0.8257906646177344,-0.6199798694658702,-0.41161856360296356,0.6229354417319896,-0.6028333018769082,-0.3131233690790072,0.46169809621986885,-0.34242338547306833,-0.5193880354239185,0.9054070604790321,-0.37548315207174654,-0.5461835879227438,0.7671428539966172,-0.2559374380021206,-0.3616730074423752,0.5857470305481853,-0.2551389413566782,-0.23770895956139224,0.47103702377401657,0.06510597549241802,-0.5932713388387385,0.8229967179944879,-0.006018279244085844,-0.5723072395347684,0.7077303231909355,0.05559631848367648,-0.44389203794147786,0.5565302599494739,0.07425913251173748,-0.3498173047500954,thumbs_up
0.0,0.0,0.0,0.04637775465933536,-0.5867776184827903,0.013012733423068015,0.19637638662714282,-1.276916158202912,-0.12391950111032383,0.2459587630165331,-1.8468463685547412,-0.2682742928013371,0.1985748722573636,-2.254626194288758,-0.39284310342289164,0.4352703128878252,-1.1747581969478504,-0.38080242894104077,0.9580025806497396,-1.186581954004012,-0.4691687590498709,0.8498154953732867,-1.0063644898112527,-0.40789446046896843,0.6603117636922583,-0.9670405635639393,-0.3656909902111744,0.44815577828556047,-0.7565281371539656,-0.47625786721440444,0.9629024873294502,-0.7476819381575565,-0.5582873701972275,0.8133123577591501,-0.6197511892779453,-0.4346920851147969,0.6210404918124155,-0.6091736297954778,-0.34792392116322746,0.458927906929438,-0.3259376966999208,-0.5446716072909615,0.8921358132324458,-0.3651260744244251,-0.5597725681995932,0.7513621733932814,-0.2568307625387623,-0.3756392835816377,0.5769994239190813,-0.2562893642314167,-0.2602922322166678,0.4723736041866116,0.08049407112232208,-0.6196595501967529,0.8172620984727107,-0.0018730100187010247,-0.5896618795782438,0.701167308668927,0.06229528931337327,-0.45898570943148953,0.5559533273472476,0.09183425683390173,-0.3685843278091034,thumbs_up
0.0,0.0,0.0,0.03247837321431375,-0.622985826503463,0.011780752886994364,0.16426665971872426,-1.3168471959818537,-0.11924469745384489,0.2129147604544944,-1.8799062102319795,-0.2587720063185007,0.1796841700772301,-2.2815092844931257,-0.380977512792929,0.4454365038206206,-1.187343906156224,-0.35286486706865083,0.9477092582661398,-1.2196175789659032,-0.43174127443839394,0.8398328135420967,-1.0549772173327732,-0.37226979022423734,0.6476131169221073,-1.018467008258387,-0.3316391665712486,0.4762697863891935,-0.7593042626550615,-0.4434231695419678,0.958070494815316,-0.7738993613944228,-0.5159589451096158,0.7997366705341301,-0.6542465598843274,-0.39842601617658685,0.6013119176902944,-0.6438021596175267,-0.3166380764676319,0.49817954857517455,-0.31598549215188987,-0.5085518923882721,0.905010171118764,-0.3810064163690385,-0.5190554231279334,0.7687227542316173,-0.2748103600744229,-0.3476743881442641,0.5984235160956957,-0.26447773612262865,-0.24221259928737152,0.516387723104512,0.10123538064943555,-0.5803743920031919,0.8358647543593671,0.008012596896779467,-0.5487368815222219,0.7236386600183499,0.0667550615444614,-0.42570568768736006,0.5850433831152618,0.09573400713597167,-0.34167222732475067,thumbs_up
0.0,0.0,0.0,0.017069204619792187,-0.6122841291080618,0.0321215376906441,0.14741967136960585,-1.303740565481266,-0.07623397131317917,0.2040006047287411,-1.8835407270575049,-0.19220467919559794,0.17301552298826875,-2.288292224834363,-0.2913341497852179,0.4309093493843125,-1.1996658993304707,-0.31224297540938617,0.936975349118068,-1.2524444570050297,-0.36326183143443663,0.8682887992479132,-1.0732892748036948,-0.28705340349717345,0.7061072264413232,-1.0175058449382466,-0.23594251898776286,0.46883869443972614,-0.788816557033208,-0.39744018159507755,0.9473764251857784,-0.8068463161495188,-0.43920385507191273,0.80242829143651,-0.6789901352647923,-0.30729858524126935,0.6030463693484552,-0.6569098736555643,-0.2160107008897331,0.4949670916724756,-0.35653021563143567,-0.4552388692584237,0.892255455765705,-0.4160007020447801,-0.4430608002453399,0.7598438402502609,-0.296452758710777,-0.2676721455191882,0.5867675676141627,-0.27564613582205266,-0.15858775374299253,0.5187779292883676,0.04742206924606027,-0.517353115913846,0.824196126285474,-0.039487008103429554,-0.46860464648366446,0.7073348427013503,0.04132632860956319,-0.3417231884386463,0.5636575863249567,0.08773853358002233,-0.25366524254632244,thumbs_up
0.0,0.0,0.0,0.021593612552366814,-0.6070952770499964,0.024920435948572402,0.15496005622171563,-1.3023072699151115,-0.0892112640997235,0.20732999430001964,-1.8701624608602867,-0.2111596353027272,0.16810991494944924,-2.2733141771878214,-0.3159810067139485,0.41807185011687054,-1.2031199779801596,-0.3193510153916451,0.9178399259202247,-1.2558386789615952,-0.38390325974695216,0.8509187527858008,-1.0676347544977445,-0.3159569986088477,0.693307866163784,-1.0050600809932442,-0.26898472148259056,0.44976706650416703,-0.7948693789870417,-0.40729870640230376,0.9331581295812328,-0.8273647364685327,-0.46585453928117376,0.7913123071571011,-0.6934707598661347,-0.3392041048621178,0.5936876538820137,-0.6647921747923421,-0.24837855519385013,0.47257412097079743,-0.3682809762752325,-0.4700166540824064,0.8796946610383356,-0.4515194000248608,-0.47250233195326335,0.7460849094221315,-0.328325035595738,-0.2963041057567155,0.5703969522658519,-0.30874732941683863,-0.18323974184597558,0.4932289649833878,0.03399599312612741,-0.538024871620771,0.8122515052317192,-0.07951561854899124,-0.49914642373351087,0.693683218688694,-0.005753426219165732,-0.3720125035097153,0.5453225517013646,0.03512489036920253,-0.2821482299797563,thumbs_up
0.0,0.0,0.0,0.030529944468708093,-0.5953009035153758,0.027685399270410013,0.16252716709913806,-1.2756310030950064,-0.08863474190708007,0.2092305698375049,-1.8338675812496454,-0.21286912126050697,0.16723183381989937,-2.228126966991873,-0.3190570902998786,0.41639318683386256,-1.1934266921342251,-0.3253024893585474,0.9147968502487989,-1.241918493747786,-0.39067306956102354,0.8663755806671636,-1.0332371213194533,-0.32107764638782055,0.7263146676495584,-0.9558961741512659,-0.2725895129547522,0.44638139896247037,-0.7927326742677474,-0.41511267603942487,0.9402622601842205,-0.8195919927903119,-0.4679020085161032,0.8090211975675914,-0.6649350678229028,-0.33166227772994267,0.6127732838036355,-0.6215586404371732,-0.23564651105495318,0.4652135801946975,-0.3733224411558401,-0.48072336117904907,0.8847193147074971,-0.43892237917016186,-0.4789865742469243,0.7574540449123685,-0.3091673801312939,-0.29658134399689545,0.5817899007428217,-0.29185073662885536,-0.18054347373264162,0.483077747901172,0.02568524334879591,-0.5513926602799369,0.8108503969065091,-0.07618000021933903,-0.5123070065827332,0.7012958747776077,-0.004985636475676844,-0.3846294847834848,0.5564004285789986,0.02528084253800975,-0.2945911951946148,thumbs_up
0.0,0.0,0.0,0.011406819639958382,-0.5870882300700276,0.017307727074102497,0.1241285410005518,-1.2482948823271025,-0.08695974518115322,0.1720286743025263,-1.7802017736036386,-0.19930447334089635,0.13951773276352666,-2.1603566002481087,-0.29263221496237113,0.4035994622848956,-1.2166051137951321,-0.2588131384839515,0.860215175387505,-1.2154301634623306,-0.30806053922761073,0.7595963689563799,-1.0614950903627949,-0.24683443267674193,0.5926341955701471,-1.0351434340089445,-0.2079391178720026,0.4418252120518555,-0.8302712528522196,-0.3397647843472569,0.8837819629508882,-0.8251152713855757,-0.3832133517003832,0.7388207894050145,-0.7136688307296346,-0.27707414999452856,0.5648415853945791,-0.6941884029043207,-0.20423815537489232,0.4639814009121001,-0.4240254093861182,-0.3998307371617801,0.8359752112586797,-0.4748947365359574,-0.3956232617196604,0.7046723781762252,-0.3708364147811483,-0.24297434962330375,0.5510318350625835,-0.35861073838818847,-0.14771326733697074,0.4807707072810334,-0.04087920161835579,-0.46566224245369514,0.770643437773336,-0.1345902070889212,-0.4244092401030343,0.6541517082116748,-0.06544392894354793,-0.30995864844961996,0.5229446949011213,-0.028167843328126496,-0.2314571269541747,thumbs_up
0.0,0.0,0.0,0.013833539338582489,-0.5813678478464281,0.026768486353657372,0.11523690821681379,-1.2324898729586744,-0.058871052226754934,0.15645757191377943,-1.7449353400152583,-0.1561490502956736,0.12220931287572714,-2.1092264904535916,-0.23732441477009733,0.3934982151182207,-1.2122812043828164,-0.1991649507180055,0.828758259866578,-1.2145210761824932,-0.232155016755143,0.7700776994051151,-1.0375453438209485,-0.17668380337493883,0.6439029996784399,-0.9862306661859411,-0.14444535833699257,0.44238701740615755,-0.8525890153787419,-0.27818281342669443,0.8489662166941678,-0.8326852123110489,-0.30988642412543865,0.724526996494517,-0.7067750456906803,-0.21908513882395333,0.5649468663039188,-0.6787155564683753,-0.15834127944565568,0.4694017787956188,-0.4651270186974746,-0.33814612220432155,0.8058278659135468,-0.49069040674359043,-0.3270148537902511,0.6855016017057611,-0.3769750976992403,-0.1956085077313416,0.5411277360134668,-0.3635916205155129,-0.1155378062251707,0.4874562226133932,-0.09220888612634293,-0.4033857395180051,0.7418061091989195,-0.15674452509053075,-0.3572033303633,0.6344569139137822,-0.08334951818401339,-0.2568286156695251,0.5140170072325249,-0.05795694972223885,-0.1898431243384849,thumbs_up
0.0,0.0,0.0,0.03452069350703715,-0.6215418703727243,0.05513468120989413,0.15009670267822794,-1.2702641108266817,-0.02823228579342289,0.20392955276602479,-1.7968274862794797,-0.12551724079835766,0.17802373375057834,-2.1832616183501488,-0.20751387770402627,0.4539385937090528,-1.205713747680419,-0.2091526176317292,0.8821128595295529,-1.185265138389517,-0.2305497263885016,0.7889084069981483,-1.0438908736172858,-0.16257070087169667,0.6329399482120541,-1.025209018539631,-0.12245601869551156,0.502891759133762,-0.8107358636561879,-0.2996785243840553,0.8968827236991851,-0.772285964068495,-0.30919260891476397,0.7519754531332375,-0.6826353765910766,-0.19594253292189484,0.5790182577808176,-0.6689029464744009,-0.12664411207117704,0.523388369854924,-0.38294309611388255,-0.36536062805817066,0.8577442172061869,-0.4230162482568188,-0.32981729675056703,0.7287022989486401,-0.33462978221505224,-0.17407332632876646,0.5793195861309858,-0.31853824515673373,-0.08631960427125752,0.5315553985416781,0.02125407831699778,-0.4341573899822995,0.7937728870197138,-0.05429916764721096,-0.3709204062838929,0.6788896314742435,-0.01880324089344361,-0.2529905835224985,0.5551017336408984,-0.009552787254583717,-0.1779610337907216,thumbs_up
0.0,0.0,0.0,0.03727281735869946,-0.6478691515550415,0.030354141485017524,0.16310452833444775,-1.3102966220836785,-0.0646704929282337,0.2182816028914311,-1.85748558049477,-0.17075580447363228,0.19983506518733013,-2.2697357714979085,-0.2623204370305083,0.48338172189650924,-1.2051201465910326,-0.22868529673464377,0.9156016539381256,-1.1776977215983113,-0.2627392087501427,0.8548259997289457,-1.0543171926306731,-0.20269137121935227,0.7302441678882795,-1.0327720982653135,-0.16381982238040502,0.5341167818634948,-0.7877304017580486,-0.30692027870097904,0.9385410326208585,-0.7813593668869238,-0.32577342751415217,0.7898788755609345,-0.7036961156125282,-0.21325042109769127,0.6129146263758362,-0.6892127126180134,-0.13995987720561529,0.554621523586501,-0.3445314403299263,-0.36376032916108286,0.891673278443222,-0.40414523506142463,-0.33800253457632073,0.7532446970698375,-0.32241375493011093,-0.18254608721752524,0.5993429217274449,-0.301197973207776,-0.0900758614373794,0.5602754298804923,0.07300469509115481,-0.42660375042713417,0.8331961947158625,-0.01391769470018659,-0.36967998202220953,0.715236617760976,0.01499457880937076,-0.2517242104284514,0.585215832894917,0.029438538408538783,-0.17330696820912342,thumbs_up
0.0,0.0,0.0,0.01039016812536845,-0.6023159624932054,0.012030040279193549,0.13171339251405761,-1.2407677620488593,-0.08145382416765745,0.18148319226773846,-1.7654554032208531,-0.18442468983520133,0.15178813402985952,-2.15873201451899,-0.2712401175293029,0.45832635191890375,-1.205812380186351,-0.20075879943380098,0.8689655327367276,-1.1664875448756045,-0.22516518371010366,0.7878207867405068,-1.0098374048479064,-0.16764803239832254,0.6513585438530014,-0.9836899781564756,-0.13440025921121695,0.5098410335157937,-0.8170602738000575,-0.26921108729270715,0.8801442272435716,-0.7860032936334383,-0.27940909972149897,0.7457713704020884,-0.6843386781874665,-0.18516109214105467,0.5880798546172408,-0.668240601269548,-0.12716403535577053,0.5304987537913496,-0.40447643801713673,-0.3204573467936277,0.8345782633684453,-0.44354989829259206,-0.2926378338153959,0.7055115575651612,-0.3530136040570471,-0.16290640014966623,0.5605278729876628,-0.3428450784359138,-0.08836463345670653,0.5369713537958509,-0.019512894968203357,-0.3785246113607931,0.7751112354693774,-0.09910294903061447,-0.32078418962727073,0.6583940961603884,-0.042521942431150574,-0.2184876350346616,0.5343359703613466,-0.015080782053689819,-0.15292185992215362,thumbs_up
0.0,0.0,0.0,0.029590243140499604,-0.5939019744731703,0.012020327576721774,0.14882927958368994,-1.243993970013398,-0.08284253314453348,0.19684199705404626,-1.7707593694313406,-0.1865786106410272,0.16972952981045747,-2.141703984486886,-0.27352700257029583,0.4590373811127248,-1.1867530875296577,-0.2226032867301373,0.8930191195791791,-1.158608931629644,-0.2589532475057485,0.7906562379470478,-1.0205852013036183,-0.20155843688031486,0.6240845102897475,-1.0017869166033844,-0.1668774466831915,0.508315015373786,-0.8087805637202311,-0.29578678958657406,0.9112172240753814,-0.775177753089494,-0.323571152865287,0.7684544242612337,-0.6859025859186705,-0.23130222895443264,0.5998282989382933,-0.6739977579573425,-0.17140053442027187,0.5300171238270481,-0.4044447664762923,-0.35071571628032033,0.8541816600116211,-0.4374864705030176,-0.3371357594013711,0.728761228583924,-0.35701645415405886,-0.20819959890294368,0.5843097697080486,-0.3542283950420834,-0.13123440560048596,0.5379563454261128,-0.019070101048198163,-0.4119270286530347,0.7913260710902452,-0.08525107175511443,-0.367834564259204,0.6836115624144011,-0.050402274400762906,-0.2708799481888266,0.5643589351538129,-0.04651724217021767,-0.20641143564240777,thumbs_up
0.0,0.0,0.0,0.05924705655257915,-0.6432965760453857,0.031538605330318686,0.19389474529808995,-1.2901571163542502,-0.0584338796431617,0.25963741413733227,-1.8214396659591705,-0.16028602161907277,0.24761275576492664,-2.2062917345405233,-0.2450768803810137,0.5501400213758999,-1.1717687314516094,-0.20494532887036268,0.9696903153324982,-1.0956272319755078,-0.21943212955110578,0.8332683431107708,-0.9571871855193334,-0.15320131783510338,0.6397531415299683,-0.9522490112449865,-0.11627405902521354,0.604009053801914,-0.7451443995567144,-0.282724011598908,0.9776948641016832,-0.6826977817687483,-0.27956194923146416,0.8263926738631184,-0.6112406575565827,-0.18380271971261364,0.6556146815041461,-0.6130126314361424,-0.13105697726344523,0.6174365355215484,-0.3101354619316456,-0.3381898093358689,0.9090274760292268,-0.32672093214684256,-0.294355076207697,0.7837790758118303,-0.2662916187277711,-0.16564316314253144,0.6427389367636651,-0.2683738484249103,-0.09898901358652173,0.6104610403739469,0.0887267482815124,-0.39825359700625174,0.8291924182550076,0.03732975414395552,-0.3274611233875777,0.7118982689240454,0.0631928741300022,-0.22380640938611912,0.5926327505354759,0.06589818168080845,-0.16186862461163085,thumbs_up
0.0,0.0,0.0,0.06306307354267833,-0.6793448036641242,0.021227470533959413,0.19372171471414976,-1.3446699855924327,-0.08475460617919948,0.2527994872967424,-1.9029160123820261,-0.19852913633096256,0.23641398933041038,-2.3035498657676015,-0.2950626787754554,0.5406406885374311,-1.1938691654518325,-0.2617234694930188,0.9773445785586727,-1.0828516878848273,-0.2850617567996743,0.8389778547057848,-0.9584287795005396,-0.21154479214225305,0.6419512269721576,-0.9612562998829911,-0.16584659216519512,0.5982547862387648,-0.7288209384257639,-0.33303337738821037,0.9960527111523907,-0.6647934703638939,-0.3292916441000764,0.8377008927960663,-0.6172506623397314,-0.21326181076777626,0.6517702739644031,-0.615032795176719,-0.1474163435928266,0.6132729686987146,-0.2670911040547159,-0.379421307627541,0.9316520840709166,-0.3046923472110975,-0.3318026266052938,0.7970361689043506,-0.2664045768741566,-0.18157043688239782,0.6431382356704264,-0.2615089333987916,-0.10168038228525726,0.6081429664113235,0.14436849821325975,-0.43148466491226234,0.8372364459476319,0.06225162617529869,-0.3539967797970306,0.711840868416393,0.07287624821844946,-0.23483975443219224,0.5826715267798867,0.08226234533244196,-0.16220003377901215,thumbs_up
0.0,0.0,0.0,0.0806913474506948,-0.739465295458598,0.022934344901247974,0.23090508640283036,-1.4323834928869148,-0.08866388576329176,0.29941872646035667,-1.9975241504133665,-0.2100144270436649,0.27035401361116346,-2.413648899455923,-0.3138555453374429,0.5732249525343543,-1.2008226402643407,-0.2893122359223143,1.016607486457662,-1.1164390899960772,-0.31704453915104325,0.8529063461375798,-1.0180933902038007,-0.24040541540510976,0.6358600309739589,-1.0140900625892866,-0.193563173078817,0.625583861771576,-0.6874409867984548,-0.368876268632895,1.029628624891277,-0.6655575999442114,-0.3742382923777063,0.8634085050788349,-0.6551951643208571,-0.25874450746315025,0.6674623908033286,-0.6523755251383582,-0.1940916609725375,0.6314612920265997,-0.20134497802468287,-0.42095979706972936,0.96658823569347,-0.27925260706488964,-0.3723976356528682,0.8207875191452807,-0.2738489350233965,-0.21507043480211685,0.6518722100691178,-0.27403278149431887,-0.1331841560006085,0.6113510336742206,0.21213478598275037,-0.47923520393704566,0.8767851743031414,0.09470271126076987,-0.40120323104333244,0.7630000478828103,0.07036964089166792,-0.27799758164485444,0.6348638659422846,0.06688334612153223,-0.20455286104137668,thumbs_up
0.0,0.0,0.0,0.09057925902402843,-0.7784364481533751,0.009606064317097651,0.2489911426290707,-1.4964311785605233,-0.10893592383470398,0.3156131020402156,-2.0964452460835807,-0.23458047698300633,0.2771582305354348,-2.540568058778948,-0.34040928022738437,0.6062752994761558,-1.1975866347112378,-0.3001116469357881,1.0794584205550029,-1.1329542125900094,-0.3183105099071334,0.8991948296759571,-1.0643414746584774,-0.22597300913361912,0.6651508946766123,-1.0632420547695007,-0.16733353863589098,0.6616934472018794,-0.6520723595197675,-0.3700856655970559,1.0890162054831347,-0.6463608375111574,-0.36119996818008326,0.915313448561931,-0.6597710915111623,-0.2342351821815786,0.7147731167217525,-0.6614697154096265,-0.1615504131445318,0.6704307787892113,-0.14340152837514478,-0.4128670010595161,1.0243651649048533,-0.22812295534888907,-0.35019882615737374,0.8850392167785991,-0.24381397033788038,-0.19258773014786928,0.7215859204650446,-0.25305865487990525,-0.11141736657822698,0.6518535926493954,0.2795843706432433,-0.46273308610359776,0.9263904995855838,0.1692346375361131,-0.3695889406782641,0.8153571587969928,0.14469054621844404,-0.2426243098335682,0.6892341791822209,0.14852408652564647,-0.1676924675782653,thumbs_up
0.0,0.0,0.0,0.09739979762580298,-0.7819541596595357,0.015890670851497393,0.26388696923199356,-1.5068211859894791,-0.10319856141586768,0.32847090934058454,-2.1174796439732226,-0.23005987936788527,0.28344081899670515,-2.5615258393362037,-0.3361062196764366,0.6100754866516794,-1.1811002334560423,-0.3106740953151445,1.0846047101204879,-1.183159278760061,-0.3289269001863103,0.8906623423498756,-1.1243488790259435,-0.22822578153771306,0.6503176594076029,-1.096802736186776,-0.16259977033885836,0.6694781412019613,-0.6356253657148969,-0.38442085389917363,1.1054843672924795,-0.6830885156290069,-0.37980460209348044,0.9219706564575049,-0.7014770521183433,-0.24481995036188303,0.7219493374202367,-0.6860765387318126,-0.16332234796360087,0.682569112560952,-0.13289700857613385,-0.4294972436531635,1.0457953408597802,-0.25574204938504047,-0.36526210292388483,0.8998394597510364,-0.2760451864596819,-0.19757295614748252,0.7380333669920538,-0.26515172593027436,-0.1086213847421733,0.6680267707385448,0.28257729762818523,-0.4810880430169908,0.9501251035260275,0.1421499673219788,-0.38083298397837584,0.831780506992342,0.11135523443644305,-0.24504279331708842,0.704259107751872,0.12923805706309296,-0.16401939600706741,thumbs_up
0.0,0.0,0.0,0.10286623063401416,-0.7968202053714166,0.001566032150486913,0.25974967706164004,-1.5109965732184003,-0.13102300691718607,0.323232124721665,-2.115197311864042,-0.2683138496197306,0.2985372097307775,-2.5487895666593126,-0.38597333232737696,0.6066398858386759,-1.1747719932053005,-0.3466467571529081,1.0853131758451515,-1.1306153071153449,-0.37405195207680536,0.9086822416183223,-1.1027965239732311,-0.2777543048687459,0.688429957386055,-1.1152697580532522,-0.21236927485927903,0.6594608946017719,-0.6288142735273538,-0.41195135380199466,1.1138906472130052,-0.650274127742597,-0.4077369921878153,0.9426465927674083,-0.688861835985244,-0.2686550014833437,0.7496558393653157,-0.6827227139275132,-0.18552777819656233,0.6763576613488634,-0.1228672053871445,-0.4484671325224673,1.042009288839864,-0.23696985359044132,-0.3828993397084084,0.8914225679289269,-0.2693488235235479,-0.21122749581267164,0.7337746319212434,-0.2593540569269346,-0.11979317630228463,0.671357538522129,0.28671807835005103,-0.49270878428086357,0.9440221583355727,0.14069831247681064,-0.39087668534112135,0.8091558184351292,0.11085292289312766,-0.253025186059695,0.6770895988852508,0.14568393191775136,-0.16972702425646227,thumbs_up
0.0,0.0,0.0,0.10042901822830513,-0.7869704168148232,0.018882254556043112,0.26637100729404717,-1.4977434355172916,-0.10610664849661676,0.3442007507595324,-2.1104088431280625,-0.23673397305718838,0.33373746501234114,-2.5584035360052595,-0.34772438067414546,0.6256757078571878,-1.1578355098965925,-0.3440074414845735,1.1097106807086177,-1.137607262658053,-0.36715254051179025,0.9365633151489635,-1.1180700620184982,-0.26345176067198084,0.7126301444117549,-1.1380462376876617,-0.1917475093385253,0.6777830693597512,-0.6091170536883165,-0.41180882190081664,1.126612377157598,-0.6552848547864907,-0.40189338658385165,0.9497593610465672,-0.679615054072617,-0.2516004272802999,0.7572908089350254,-0.6711504775408708,-0.1591488374277667,0.695438995701352,-0.1014938717477553,-0.4479838625779032,1.0474476798624324,-0.23062398381095797,-0.37307824855795396,0.8984403021028265,-0.24918068559010567,-0.19172555231698007,0.7461199364596255,-0.23654931970421406,-0.09432856720223701,0.6926099719988551,0.31548675562383943,-0.4901286080448902,0.9511474086910572,0.15083539284145775,-0.3772533079767115,0.8156433924300397,0.13295650555791527,-0.23252945153325041,0.687273133903394,0.1735741008936371,-0.14440005588650467,thumbs_up
0.0,0.0,0.0,0.09811766826352745,-0.7894278780033978,0.004906026464268519,0.2648165864521993,-1.4912038278642634,-0.11143370213696062,0.3398343674195303,-2.1083720556723056,-0.2301633978175287,0.3373283450889312,-2.5658079106368996,-0.3300818892929768,0.6457826646755835,-1.1465664871695087,-0.3182879873470112,1.1081101898670274,-1.1628653856486084,-0.3259068179104966,0.9307906453392021,-1.1498689481052087,-0.21748617343391344,0.7093030199266993,-1.1476741987232644,-0.14313985089807071,0.7073486859662655,-0.6011542599498586,-0.3718485877422883,1.1454956215298684,-0.672107152989418,-0.35302265975983704,0.9767853499118605,-0.702513868484725,-0.21026095643371429,0.7837094254774706,-0.6761625376723724,-0.12115320829488137,0.7263295001668748,-0.09965569341153988,-0.39610136868601964,1.0622658699755074,-0.2292592789896789,-0.315658777121427,0.912125605624266,-0.25552824834695087,-0.14713884132559815,0.7559676198971588,-0.23284450313958222,-0.05655900200978313,0.7204394890634621,0.30449730182373314,-0.4275097178488575,0.9546211154211539,0.14528560676210073,-0.3108672035718934,0.8174372749509247,0.12097997443929956,-0.17548495741020437,0.6906496508632929,0.16231942284038053,-0.09317899002553671,thumbs_up
0.0,0.0,0.0,0.09782537617400971,-0.8141579546005394,-0.015959542874736943,0.26456729995718864,-1.5319323761972532,-0.13923469716391917,0.3400594313394348,-2.1879081972783783,-0.25626027250588473,0.3304386206053976,-2.6729540608560476,-0.3527512664283104,0.654983887165572,-1.100196272053828,-0.3682045783139372,1.129741611302957,-1.2536950822143536,-0.3687447826796073,0.9470005622191547,-1.2981434750271001,-0.24371519978031686,0.7311386060199174,-1.276968784665213,-0.15721170025429246,0.7219467076464293,-0.5613221612219376,-0.4046113723557623,1.1600763660376285,-0.7712149036295936,-0.38053856028882665,0.9895446722025548,-0.8436463990398994,-0.22128986074848486,0.8091776267882741,-0.794535341102763,-0.11798556519267282,0.7419360894714657,-0.07660615207709467,-0.4095564795715041,1.093003819852217,-0.33283971704147536,-0.32322296598939876,0.9520926476934666,-0.38967424540473233,-0.14734356219430716,0.8056741934129246,-0.33482121425550815,-0.05048923945600108,0.7321098817009712,0.29586994377709425,-0.42150070670000817,0.9869576516559823,0.05577283057381989,-0.2992499738342455,0.8582399177456085,0.007558204550124852,-0.16008721643224547,0.7382846618588009,0.07444651992295288,-0.07443199036879704,thumbs_up
0.0,0.0,0.0,0.11600836788056317,-0.8423506181042418,-0.04325503116303488,0.2777515998436275,-1.5509307166999313,-0.16688852463564496,0.33979187892754015,-2.2424179799863593,-0.27348485821046864,0.30216652019634943,-2.7509279284554715,-0.3564978335592081,0.7258768987696027,-1.0261707824022173,-0.3890735674763062,1.2132931487273628,-1.2221610918125054,-0.3553701850035503,1.0241449004783623,-1.3015983420917803,-0.20588581200045677,0.796952676444699,-1.2450881192715804,-0.10376713893427283,0.7942138232000027,-0.46357337315971836,-0.3928410756722804,1.2360806975489762,-0.7315766842324083,-0.32718171087105563,1.0769569468538718,-0.831599169990108,-0.15279836324386845,0.895043111361927,-0.746262516769479,-0.04413296540810123,0.808663085476652,0.028066362396807414,-0.3621145658333434,1.1589682119881162,-0.2698502256019844,-0.22914709005144826,1.0279666151448041,-0.3596284582908642,-0.05433130770219982,0.873325381803751,-0.28582071073240084,0.03457138520036457,0.7975366753111607,0.39676383038006297,-0.3404682285063224,1.0495832679760926,0.11746890846997958,-0.18053276195499168,0.9325610534281641,0.044795466402143706,-0.0398203753762073,0.8095945129491539,0.1228995182765937,0.0425068422697742,thumbs_up
0.0,0.0,0.0,0.12284349586053525,-0.8360572572693741,-0.10042253477068311,0.2657199356412481,-1.5058838859954473,-0.25159921643430555,0.3203155929478768,-2.189928899982458,-0.36783604206109854,0.2698597774503247,-2.698136111949412,-0.4570951972552918,0.7487057737006654,-0.9309159377406004,-0.4938135182071027,1.2523906341242894,-1.1686368702229921,-0.45820291669678764,1.059453396219221,-1.2592989578069502,-0.2973140300584912,0.8174899472797099,-1.1697957869776254,-0.18674088969618494,0.8163945021256848,-0.3562899894043245,-0.45448590775646786,1.2642411553201862,-0.687308947707695,-0.3897302673339629,1.1083493037912389,-0.8148555024921152,-0.20487406093823354,0.9259087751773314,-0.7139173627696982,-0.08987459316366382,0.8309582475664015,0.1304755824713076,-0.3776211927061774,1.1840447879517975,-0.20740054887188147,-0.24273533740393688,1.054855438798696,-0.3183668281280285,-0.06975535586883558,0.8990046571289656,-0.2274956576244196,0.017160844071593698,0.8248616136468111,0.48428569910363634,-0.3113857072484639,1.0973463151446392,0.18777102297792125,-0.15382613941353768,0.9851539139096853,0.10255367863907242,-0.019144650414303375,0.8556651281466559,0.1942779821273261,0.05931427231113277,thumbs_up
0.0,0.0,0.0,0.13501302372041737,-0.7958732597622351,-0.08793846596953851,0.30009556120100306,-1.4676557643881556,-0.23203383046698628,0.35465897364550325,-2.16253006763987,-0.3483408500244852,0.2827800085655096,-2.6738256587157943,-0.43868839413993405,0.7696290968924907,-0.9071685377853571,-0.4651159044439443,1.2796015217421215,-1.1525237535950905,-0.4371523471098619,1.0722058174930535,-1.2154680503137525,-0.28378085972267314,0.831861385499078,-1.1292373821819128,-0.18080375767668014,0.8227923692607436,-0.3554267521627527,-0.4434912861977429,1.2833019683065785,-0.68569374620303,-0.39869339642553653,1.111377667190495,-0.7771946285338058,-0.22299154125988582,0.9217511623870659,-0.6734837692540714,-0.11042147293700412,0.8259383190171983,0.11651560176375397,-0.3865852049205272,1.202443077092364,-0.21337436295591428,-0.2717200418805264,1.0632782763400515,-0.3019163847488737,-0.10282849040735861,0.9040831692996999,-0.21393242336808102,-0.015172807963796556,0.8115705797466115,0.46672203018587416,-0.34042639699040905,1.0976520893903579,0.17668349447782533,-0.1955297393921701,0.9765397946147649,0.09861134172027904,-0.0636564680978405,0.8415226727495586,0.19027401168012562,0.013429128687408578,thumbs_up
0.0,0.0,0.0,0.14871432800886286,-0.7873146040518929,-0.13473682752902444,0.3246442435029345,-1.4465831010260786,-0.30417907607551375,0.38910378814539176,-2.1374663065341415,-0.4351123917979945,0.3257568749085911,-2.6630804036788622,-0.5390509179047656,0.7857344955102477,-0.8041219295258151,-0.5424216788092655,1.3150744391618048,-1.0318291469159937,-0.5244663029244598,1.1073419287293913,-1.1142018422575055,-0.37205297252207725,0.8700741770231891,-1.0295197023981995,-0.26900639189522374,0.8360500805838235,-0.2309415860191782,-0.4976808481373657,1.3270393463029302,-0.5768076795058895,-0.46506254141872533,1.1634001390650666,-0.6903394275062,-0.2895295784927132,0.9743004433671116,-0.5871018484383923,-0.17613017040384127,0.8392156709675284,0.24476708798354288,-0.41769362951450084,1.2418023236209064,-0.09823718570284931,-0.31109865562697214,1.105185444163373,-0.20841384492486642,-0.14310722058092445,0.9400270257885519,-0.12031500244252347,-0.05547357717908256,0.8278228412104445,0.5871584472027502,-0.35093144653477365,1.1318094312730367,0.29958800634396393,-0.2106102361608098,1.0111863596067963,0.2049057961947971,-0.08113350463952781,0.8717986482359487,0.2926901214929267,-0.0057598657696741,thumbs_up
0.0,0.0,0.0,0.12377386215021603,-0.8671933878796396,-0.13962764054045104,0.2757696497586427,-1.5872337396819813,-0.30723927351958225,0.34183029837613244,-2.2927348298304855,-0.4337541156381612,0.288228399454371,-2.8294786872386424,-0.5327806883841069,0.7104496514865317,-0.9644876357207948,-0.5499813507345928,1.2573851592043723,-1.2137254763998602,-0.5312625129416829,1.0609045143242182,-1.3177375817796158,-0.37221876693945405,0.8304571460975986,-1.2385666365011052,-0.2623511051256743,0.7808760198379465,-0.37491574675373995,-0.4996706960370313,1.2805180945372134,-0.7652051613566505,-0.45800133830823825,1.1227805271054936,-0.900516375723067,-0.27411228236544183,0.9376325386238338,-0.7902313110867335,-0.15565625067799627,0.8088644890946967,0.11898206265697046,-0.4145526537512053,1.2050710863551535,-0.27445643643377476,-0.30213903222556837,1.072818059461251,-0.39859939017550117,-0.1319897503090517,0.9145557037926363,-0.30833403809724935,-0.04228333942340273,0.8211089561781338,0.4685055861540783,-0.3428209501121387,1.1144748123304968,0.12275535399220931,-0.19947824324082494,0.9956851956981508,0.019537887363583452,-0.06971780513059438,0.8601737238448544,0.12054897097186842,0.006657344713381641,thumbs_up
0.0,0.0,0.0,0.136063508282026,-0.8547963263877579,-0.07874921326852549,0.29108055384525444,-1.55477641810846,-0.23047860424025915,0.35355930305282496,-2.246495687537547,-0.351708053443195,0.3121619760902898,-2.754938726139965,-0.4492268660442995,0.6932294959414206,-0.9770392404389578,-0.5245618688669321,1.2207832355340105,-1.2453899294340263,-0.5143809932761422,1.0334890950324318,-1.3502544959717322,-0.35505547972782825,0.8056382588598822,-1.2672108162343891,-0.2414089045729919,0.7667025994206993,-0.39592228173849286,-0.5053836669942227,1.2612096663439432,-0.7758311210269514,-0.475429812017478,1.0989517554335213,-0.9106958542371282,-0.27819990956217244,0.9083972715527907,-0.7966372953123625,-0.14507028949821255,0.7899327151723045,0.08942395112595537,-0.4467923934253785,1.1950462824955495,-0.28910746413837174,-0.34250245141186414,1.055892282679155,-0.42601955494373855,-0.14433418729887626,0.8909170806024844,-0.3357842398261669,-0.031463605313708086,0.7869633530411878,0.427814164873483,-0.39662925636577107,1.0906895797407523,0.10884221252829425,-0.2598652572522642,0.9711453475899388,-0.014615040708022126,-0.11290088511259755,0.8375633003231374,0.06478122292022316,-0.019645035026148113,thumbs_up
0.0,0.0,0.0,0.13656858525705912,-0.8494207298688816,-0.046743462885909616,0.29972768005026224,-1.5587973363254317,-0.18450078943057469,0.3552537802614039,-2.2449161524141323,-0.3005882911122934,0.3021826092034618,-2.742977818874162,-0.3929880957365309,0.7060516744023954,-0.9906783176206904,-0.4701989064177664,1.219699332653656,-1.2387963188219846,-0.4568843081268058,1.0202557653206932,-1.3651129197898793,-0.3008150286803672,0.7895842134567781,-1.3137285702011092,-0.18963639120537124,0.7739079242781887,-0.4229715189154874,-0.47134021568899687,1.2553285278227673,-0.7904964655940201,-0.44261582977461444,1.0840763018730308,-0.9327561058205912,-0.25333939618127277,0.8937933630667885,-0.8230982958790609,-0.12365442307436406,0.7936991233878623,0.05934907620364617,-0.43280046234790354,1.1871614561145247,-0.3289966254837288,-0.3269095031879273,1.0425577288487777,-0.45943973421227624,-0.12920400523354464,0.8830922114067442,-0.3604661762362753,-0.015717298711067088,0.7895272184086105,0.40321610739419755,-0.4014383157813298,1.08430494479882,0.05724324172047348,-0.25721495590462606,0.9544732073718385,-0.06506912574708097,-0.10590262980796626,0.8213778407041387,0.023881587915383147,-0.010569044170195052,thumbs_up
0.0,0.0,0.0,0.13144356389724962,-0.8376236393349472,-0.033749362841679495,0.2924217812669355,-1.5417669338982996,-0.1827927168587307,0.3438719574043296,-2.2068344443269363,-0.3145976954119034,0.2776418119836368,-2.70994211014483,-0.42390455445128006,0.6553119555139046,-1.023480725865474,-0.5088443803435984,1.1766716332816536,-1.1890046043077145,-0.5263839598130886,0.9835360993176003,-1.262563268302344,-0.379307304228581,0.7380920268091268,-1.205690104864749,-0.2720460425766451,0.7156631501929903,-0.45214306329796133,-0.53234658425445,1.2194007808239464,-0.7152115118334796,-0.5357132862244481,1.0474837659424017,-0.803098506751897,-0.34198687953369755,0.8363678684414131,-0.6995819966562511,-0.20718852843532656,0.7319793552958392,0.04507034764238521,-0.5150691712875707,1.1335761845726422,-0.23677527759472947,-0.4364097801813087,0.9784348315707306,-0.31964817180140903,-0.22375808352769128,0.8063102127581845,-0.2365427212681748,-0.09821699840168903,0.7257079865468342,0.42419538218269975,-0.5046457655058607,1.0121055941300439,0.1542427340633937,-0.3788240595013696,0.8717423805690899,0.07776330899462547,-0.2193394509421645,0.7310351566481111,0.15930075099130478,-0.11583797466483939,thumbs_up
0.0,0.0,0.0,0.11480370541149544,-0.8179485030783163,-0.03786767275173256,0.2842360469349994,-1.5238192607332433,-0.18069231978705116,0.3477129435607124,-2.1833556627217243,-0.30741517746831687,0.30775242621195437,-2.673669807815955,-0.411033803944126,0.6655083104393096,-1.0468011347123864,-0.46031216323519647,1.1646368902663704,-1.2078901152455301,-0.4670439910671382,0.9744093208871284,-1.276260640650378,-0.3243108233897314,0.7444500556179842,-1.233354295737831,-0.22194491149483084,0.7283158213915443,-0.48852950352780794,-0.48051531556614574,1.2185110788147606,-0.7118081770742762,-0.46832286259379674,1.0524172092134298,-0.7959073589603748,-0.28380076146125444,0.8563994620492327,-0.7230618817210377,-0.1582613915789607,0.7434800516076179,0.005865125103362893,-0.4639878980902051,1.127976044679371,-0.25712733656666253,-0.3764745093534316,0.9708101914770415,-0.32821718945356243,-0.17388676750500542,0.8049186133103511,-0.2612245671813888,-0.056284688611574256,0.7345483873302869,0.38553165889205215,-0.45512077638741,1.0138216616105409,0.13588247290103278,-0.32575387016780233,0.8749635148684771,0.06914785511435138,-0.17096494132249831,0.7414554791346997,0.127241975639463,-0.07135193915319277,thumbs_up
0.0,0.0,0.0,0.10467410562546259,-0.8093103733901231,-0.025022220421749355,0.27054897927755883,-1.5080608034404146,-0.15846935223135664,0.3381840796431933,-2.1565492836079603,-0.27859872826216125,0.3190011720364817,-2.64164333527452,-0.3760178231426469,0.6533482169907467,-1.0727988398321624,-0.42465225400937057,1.1392461555857654,-1.2173214279051159,-0.4267967482259626,0.9582044102123576,-1.264481931198359,-0.2855767807815849,0.7327939975666287,-1.2223318429506635,-0.18455002684119423,0.716079882230244,-0.535240767506007,-0.4480478803260868,1.1887595697237714,-0.7349481620558153,-0.4328240794267833,1.01978017441641,-0.8007804646569833,-0.25013933855506293,0.8234877213182801,-0.73595581255241,-0.1243183293742579,0.7330642796625672,-0.05039223556372222,-0.43592115618599236,1.1053320645225724,-0.2887447907746124,-0.35202599822059366,0.9533597250268344,-0.3431779864409651,-0.15486626530870298,0.7939120625088163,-0.2827341701285258,-0.03844548433684219,0.7247946186002472,0.3314768756791904,-0.4298762647412142,0.9900022086489085,0.10286192081814308,-0.305849050665243,0.8542189574720556,0.04498885948288191,-0.15534720964004667,0.723945900449887,0.0949852207911158,-0.05689839257384444,thumbs_up
0.0,0.0,0.0,0.10216325331301811,-0.8291676533309478,-0.02098166678617392,0.26612894385358005,-1.5454108886181137,-0.15879951421062874,0.3305050612228648,-2.1923090365998514,-0.2872528681532863,0.3077243476134098,-2.6738792707356933,-0.3930180630399503,0.6375725928838983,-1.1074392886537328,-0.42174140509513963,1.128681884744106,-1.2089673591721675,-0.4327923709358759,0.9408817794006651,-1.238514258903645,-0.2991365233590337,0.7075571896154688,-1.201320869936876,-0.20327958515603117,0.6957444870070598,-0.5545863019098347,-0.45647959706130986,1.172698704496596,-0.7257851219629354,-0.4468677770427519,1.003114716468289,-0.7792549660353375,-0.2715473204022553,0.8043282951441313,-0.7149189532124229,-0.15274918800097784,0.7146535310071938,-0.05952513134756601,-0.4568396643318838,1.0919767395078346,-0.28986767353545173,-0.37782185134826496,0.9428407450432733,-0.3366092727164218,-0.18241228275113935,0.7833844030402074,-0.2791253130110774,-0.06853087308976885,0.7106284323864489,0.32838368048790273,-0.46385221883938754,0.985464722251707,0.09515427659699562,-0.3443735780177276,0.8520064436486317,0.051350793062125685,-0.19376467752416282,0.7216157468206023,0.1127576763198696,-0.09627979219445451,thumbs_up
0.0,0.0,0.0,0.10341282655356554,-0.7711818161468811,-0.011829319671280227,0.2764555270066383,-1.4805177367275595,-0.16014584648165947,0.34283715936018067,-2.0999320949732736,-0.3073798837350119,0.3194330565481396,-2.545179600033854,-0.43222328329633347,0.604790193643628,-1.1457750178021238,-0.4159216770096316,1.112146978102371,-1.095451846787754,-0.4645218390278777,0.9399979695283939,-1.0584963595345986,-0.36372611097005136,0.7094369161925712,-1.052804660373657,-0.2908424884803868,0.6419463997349075,-0.601859730416658,-0.4750470132209836,1.1287535195652958,-0.6389246428367147,-0.5043296968380201,0.96364016750737,-0.665103341632175,-0.3511450398820953,0.7684485726974657,-0.6503602089707251,-0.24757449714956395,0.6477697908118292,-0.1043986073449229,-0.5029507886392671,1.0456043889626307,-0.23383840070379788,-0.4634561365121487,0.8971646967112815,-0.26442050817778684,-0.2682650387278936,0.7323449476447799,-0.24923140434193142,-0.15078635648385222,0.6327394170872634,0.29916904250082366,-0.5385489187258139,0.9436004114329187,0.129423570441689,-0.45610814907821623,0.8157428296442959,0.09011162494317196,-0.30807144522314045,0.6777650103993855,0.1208969960266083,-0.20963112171629866,thumbs_up
0.0,0.0,0.0,0.10072580965546574,-0.7046042756635572,0.016724793914828617,0.27961405484801793,-1.3961296234150469,-0.11594033731400374,0.3448337403972497,-1.9950981443568294,-0.25482482662107075,0.31464101730905847,-2.4304160373952697,-0.3752068809913678,0.5790494605268898,-1.1629228509114617,-0.3688140198797334,1.087117755260171,-1.0400269674475455,-0.4255464355366159,0.9391860605182829,-0.9459681827641272,-0.3472113540888326,0.7275406388082526,-0.9754370855636249,-0.2929688979204921,0.6106141184990076,-0.6534253804040767,-0.44742111096087855,1.094980991738235,-0.602465600810221,-0.4795436752705242,0.9338678894260588,-0.5795584736040574,-0.3439950931036561,0.7360125983012126,-0.5984710483666663,-0.25829301676603983,0.6153903476148759,-0.1704387512102534,-0.49588879607331304,0.996074272952866,-0.2025721251234875,-0.4600676547294027,0.8505814709779403,-0.19130274793315355,-0.27830599763346464,0.6839280044407012,-0.21008360709901028,-0.17469885159653814,0.6054430503396045,0.24278662019352482,-0.55126285617035,0.8893037021959902,0.15027272405145048,-0.47413679618586135,0.7626927003115351,0.14771596429019826,-0.33726236420659367,0.6259728341230825,0.15716348088994325,-0.2502113378183043,thumbs_up
0.0,0.0,0.0,0.06881605165325524,-0.6462771486286975,0.020419157280905875,0.23667671424718922,-1.3057982983219916,-0.09274659305621388,0.31269315941755654,-1.8772977681603793,-0.21293075154190602,0.3006259644941185,-2.303036360520137,-0.31744653195029193,0.5512443170240701,-1.158134481619449,-0.3130804905643576,1.0474127037685883,-1.0580321626383244,-0.3585152469253697,0.9699422388410466,-0.8934412178400469,-0.28893068372407643,0.8170249537696168,-0.8744600493717644,-0.2443685766829073,0.5842159320765121,-0.7123822936974956,-0.38884854678173414,1.0380675215101645,-0.6369872045077825,-0.4151102990527318,0.8880255422419677,-0.5304907057784235,-0.29279928960715385,0.7021848658889371,-0.5375585569920424,-0.21427188383552123,0.5959841396207363,-0.2657801983476297,-0.43756536914639055,0.9334120017658191,-0.25618337568499944,-0.4104817303809919,0.7975633011845915,-0.17608486137926388,-0.2540552526518884,0.6429222355045556,-0.18886240706045326,-0.16359903956586783,0.5981729142863604,0.1432205076837835,-0.4921861327888913,0.8356440055586754,0.0789680322111121,-0.4280872792528764,0.7090773579358616,0.13197267846672522,-0.31200524660724277,0.5782908380991852,0.15341822775762015,-0.2369611680161964,thumbs_up
0.0,0.0,0.0,0.07676860941066775,-0.645318904022953,0.01091857790453225,0.25186180924738183,-1.3369136597973361,-0.12300362776681123,0.31622485314226534,-1.921573790281176,-0.26733788161510774,0.286956629120426,-2.3516371848734243,-0.39448512889065673,0.552899453145073,-1.169853161250687,-0.3397095026645608,1.0545523605738347,-1.1005904867357925,-0.4146077248382394,0.9352075319492104,-0.9733763277107842,-0.35667325812913425,0.7393159611569561,-0.9786158655298386,-0.3167232409275032,0.5690112339081711,-0.7012438115444053,-0.42951520631634726,1.052220286005751,-0.6479672478774702,-0.49294791882159594,0.8829982649187075,-0.5578430682353827,-0.3798711764286238,0.6822396778415616,-0.5699187502239264,-0.30169779429691046,0.5722207537766015,-0.23388757042051198,-0.4941231943404706,0.9548542278967245,-0.26222344335765185,-0.4930745237807466,0.8029187020652471,-0.19180520405164414,-0.3266383354196639,0.6304716019774222,-0.2010407459580417,-0.22578662024474466,0.5705626589319731,0.19408042794383126,-0.5669637586625477,0.8517809603558756,0.1051599865603272,-0.5150121523598403,0.7134958802352699,0.14996400423421002,-0.3865123826226058,0.5669126959323881,0.18131296299385433,-0.30139807528947976,thumbs_up
0.0,0.0,0.0,0.090422192875026,-0.5863411257974993,0.0364463625158297,0.2789277585232157,-1.2489961499722795,-0.09356363505819337,0.3350778774572604,-1.7965533714947073,-0.2361437211045662,0.2778724041838671,-2.2095852051433176,-0.36141364941668097,0.4544707703722381,-1.1729697230037912,-0.360407298924459,0.9426317190710086,-1.0664844300512302,-0.4485766853348841,0.8340530994319103,-0.9627805232594612,-0.3988396524081044,0.664926449427137,-0.9915001203665229,-0.36564917292925075,0.44778993483189944,-0.7614925079924039,-0.46862918660139086,0.9505284918167235,-0.662549929976031,-0.5466118565067124,0.8145852682132162,-0.5938437284440884,-0.42879016197532627,0.6365869831178413,-0.6156468971632338,-0.35116659734263916,0.442265402893067,-0.33271352540066607,-0.5471610940320464,0.8846515437778274,-0.31431482040741615,-0.5556948833635003,0.7504267306607394,-0.24900960620293716,-0.36653077420082003,0.5803339093071592,-0.27600892091673157,-0.25274315592094687,0.4420493313597609,0.07525493393186843,-0.631399877184669,0.8025122712897219,0.029333047722661657,-0.5938260269791653,0.6863433367974447,0.057416463916683924,-0.45400912614217864,0.5357624701811177,0.05400023391917273,-0.3616313588684794,thumbs_up
0.0,0.0,0.0,0.09998239988872572,-0.5673363992651719,0.06553325952843699,0.2793531983136386,-1.2088647127763315,-0.05761687488308462,0.33559543087113824,-1.7309334717257838,-0.1954973151581704,0.29723825515086166,-2.1218056398765266,-0.3167584651672241,0.4029564983384416,-1.1727451079062454,-0.3676888257625921,0.8919770130990169,-1.0928654312507442,-0.4578368096604013,0.7856677110217691,-0.968917810018402,-0.40488365890802097,0.6169973662195718,-0.9806888389271695,-0.3703747315184321,0.38656931630383323,-0.7819795707600894,-0.48894999192785815,0.8960339027620131,-0.6736199806516161,-0.5691645868750391,0.7592954724679457,-0.6035513904157246,-0.4415443999701721,0.5839091838726131,-0.6289285355097731,-0.3587623889319454,0.37734088754322614,-0.3627584191050371,-0.5760909491838928,0.8318156710614172,-0.3363803643146,-0.5851857983769356,0.7038377856047998,-0.26801916264912323,-0.38288642584754445,0.5410627782343788,-0.301110705488348,-0.2621697563666098,0.3759740719389769,0.04458959637624964,-0.6647600579853595,0.7556682088161576,0.007073836219439856,-0.6327346959423009,0.6480733891975518,0.033658690533924215,-0.48736674769672284,0.503170901443208,0.025678038401537217,-0.39069120144721453,thumbs_up
0.0,0.0,0.0,0.11638018088572054,-0.55720457366743,0.07809117236584882,0.2941361666831094,-1.2110085770753247,-0.0426235238959211,0.3379744601048308,-1.71347880128273,-0.18058738702608507,0.2808456511550036,-2.100489128873365,-0.3014910418521707,0.35535713644684597,-1.1861244993473368,-0.3526485684956813,0.8478118204370791,-1.1429137744720654,-0.45342698890555894,0.7474590720180351,-0.9880674066015769,-0.40860935070656795,0.5724392551633325,-0.9713359853423297,-0.3787769685427505,0.32146955693237356,-0.8129860047524471,-0.48550083423446033,0.8458126767718287,-0.7366021610976465,-0.5893777029267113,0.7191252372742815,-0.62084830209857,-0.46813205814928444,0.5398413452183918,-0.6188419278064433,-0.3837995115700403,0.30661473267942596,-0.4061016758630519,-0.5838233348260893,0.7839121527477227,-0.4013648672633473,-0.6135079254698796,0.6622138457946588,-0.2980284879300822,-0.40598790563254855,0.4874053377771098,-0.31328660663034125,-0.2764054104000125,0.30586100216058676,-0.008357108676960595,-0.6825470105433584,0.7045011697514647,-0.050663257196840436,-0.6590062087565698,0.6021297051082122,-0.0014959917674611549,-0.5065298658436816,0.4479195077368362,-0.000684914897535899,-0.40252935966514936,thumbs_up
0.0,0.0,0.0,0.11800785075029065,-0.5151593886429133,0.0816098967893854,0.287207942354788,-1.123819215233331,-0.0340944532788221,0.32419983440468786,-1.589962593605139,-0.16509225044228215,0.2541669098555905,-1.9660009039119817,-0.27855371027871084,0.3024522184262842,-1.1770478961378095,-0.3509734397093009,0.7825578278303769,-1.117445477735673,-0.4534011617096474,0.6867729993366598,-0.9457777278270939,-0.4168378224161093,0.5218439823762849,-0.9143547115121091,-0.39511324818231175,0.2567743586925009,-0.8362376293696101,-0.4845343496021196,0.7760934634194867,-0.7341012166236915,-0.5937103114915684,0.6621911895384354,-0.6160976306693176,-0.48453911788088805,0.5072472444848228,-0.619566805214528,-0.41270621252179424,0.23987261707456145,-0.4540567098104892,-0.5824192643018397,0.7123858235477704,-0.4085833233476058,-0.615178405637592,0.5948805079163422,-0.3139036693291061,-0.41562167439714026,0.43529279244209995,-0.34445571954463766,-0.2947182641524484,0.24373000651475388,-0.07933705070781037,-0.6797683843978732,0.6257095329333592,-0.10208286586385196,-0.6613185810954119,0.5281849046386943,-0.05755792262624357,-0.516265171639072,0.39086961197372877,-0.06908827225352623,-0.4198318868495332,thumbs_up
0.0,0.0,0.0,0.11685250771480235,-0.5311712876342283,0.060413691435145495,0.28476878714956166,-1.1303578153079255,-0.04219637516725678,0.33514275169673413,-1.5883979366758738,-0.15656028256303506,0.2657912185351071,-1.957897750939808,-0.25204758450064507,0.28203782641852676,-1.2021145381969482,-0.29622374133978535,0.7326743851785542,-1.170872007299106,-0.3883612325498537,0.6601998169774569,-0.9895744109776596,-0.3672351840570792,0.5229973656582673,-0.9516178948238679,-0.360958720175505,0.2351600110021182,-0.8785461372379689,-0.4157600677911805,0.7310713850019183,-0.7733118760363675,-0.5210096695321067,0.6159648260099698,-0.6543720207797304,-0.44165145085923113,0.46791402790399234,-0.6745376480914065,-0.39541135947366735,0.21920044931520322,-0.5081689820171444,-0.504599371774019,0.6650077833137028,-0.44789617537562465,-0.5395413857676831,0.5494202093583566,-0.358041982678804,-0.3750656962819382,0.4039238695983737,-0.3939452796816185,-0.2808326988911431,0.22228774721811959,-0.14373821053399502,-0.5948224268770765,0.584919136639194,-0.15665827704727553,-0.5804455836799745,0.4932529217355364,-0.1070567402554686,-0.4585101002975476,0.369581285742446,-0.11820396901067447,-0.38164845385317686,thumbs_up
0.0,0.0,0.0,0.12462029333040096,-0.532934894561704,0.06351289584328977,0.2840666987171621,-1.129376586997499,-0.043299217482375495,0.33164824384151037,-1.5755126298665147,-0.16549437498650885,0.28897365311284756,-1.9437161306978623,-0.27058095414486455,0.25533589518567545,-1.1970253317569624,-0.2911333513566343,0.6762823393145888,-1.1716520239390105,-0.3876466027568581,0.5966564108014194,-0.9719287441760234,-0.3703833690803359,0.448857764374265,-0.9134118156220483,-0.36576340424619946,0.20277487304306038,-0.8869825158420084,-0.4149028168775809,0.6784839428740664,-0.7776644400037178,-0.522302144146239,0.5717771284294353,-0.6491192648023738,-0.447364624390675,0.424086092611751,-0.6609975540707413,-0.4050214139967817,0.18218113011425624,-0.52723477287005,-0.5086955480332535,0.6212050391823113,-0.46455131349084455,-0.5490258366060798,0.5142703763132677,-0.3655316735494923,-0.38653753183371226,0.36728802843458475,-0.39078519053322597,-0.29377961692829624,0.17717103491634786,-0.1745803905086151,-0.6032489007008773,0.5423510463806879,-0.1787460273723963,-0.5946377052944758,0.4599482501153601,-0.1272446847828483,-0.47305486947872966,0.33387711322519453,-0.14038882346354783,-0.3960918286329219,thumbs_up
0.0,0.0,0.0,0.12380386598686835,-0.5306241632713918,0.06952316589614105,0.25238102928801326,-1.1180459690080313,-0.027611720005202216,0.28299599522454993,-1.54235059773461,-0.13770560534674123,0.23488937746156252,-1.8687674530046066,-0.23230088341316998,0.16710033033358435,-1.2012077725318095,-0.28926819103759804,0.5811105159951437,-1.2211504313948813,-0.37928174726611574,0.5209465134277467,-1.0119819362130424,-0.3636401955057716,0.38712236293869395,-0.9325655260279226,-0.3619697244553846,0.12029480922499752,-0.9034102650743691,-0.4115568391264797,0.590408725914258,-0.8516941894440786,-0.512704191661433,0.5037480836651618,-0.7116737402517519,-0.4426237117094683,0.36868902499728956,-0.6952720123242755,-0.4082061365131774,0.11819182546320771,-0.5603786790253705,-0.5011107870541289,0.5498195328940287,-0.5517363552137455,-0.5379095968732649,0.458376137834144,-0.4367152220780997,-0.38253237920800337,0.32189550118535226,-0.43266359265887117,-0.298217488051833,0.1354333641561254,-0.22271171467464473,-0.5895562305237981,0.48509798100802864,-0.28253714946372227,-0.585375884345605,0.41898901293495744,-0.21979799834098732,-0.47095232842229307,0.30647063788673257,-0.20925318796242123,-0.40021896168700155,thumbs_up
0.0,0.0,0.0,0.11302204098269349,-0.5480896979755561,0.05396311442755619,0.2420688586130787,-1.1311158132452743,-0.041308248182097454,0.2779875989251219,-1.552352173938624,-0.14879144140057224,0.24136469855112627,-1.8642134235059917,-0.24030438509499147,0.19771507204088032,-1.2080065707042373,-0.26559065250722036,0.5955088423458268,-1.2231395866641885,-0.3526068350041723,0.5350715906885275,-1.0131836243841106,-0.3442464141277925,0.40397588887730534,-0.9420275367557401,-0.3486361827623186,0.15134943571558993,-0.9129379044450145,-0.3789956608407511,0.6015787445783806,-0.8528534917208994,-0.4814139407238284,0.516621969706215,-0.7149599486793241,-0.42637764429957614,0.3821655453576127,-0.7027426350020516,-0.40237741256882226,0.14307719927576557,-0.5682684017483046,-0.4631301651706777,0.5543908124141107,-0.5409272801245368,-0.5023267558990006,0.46604609571204253,-0.43820167014400807,-0.366299505167046,0.3315708505886849,-0.44978514869725833,-0.29445104575768527,0.15007599781076553,-0.23072893707507763,-0.5477839862814575,0.4838471082740196,-0.2631326447341386,-0.5448511328088811,0.4191691110790818,-0.21762077339271413,-0.44480723026360075,0.3098100886799073,-0.2301515642753219,-0.3851760845315125,thumbs_up
0.0,0.0,0.0,0.2119088808833146,-0.16035469136322908,-0.08138727230651593,0.3958814970006271,-0.42219513822816623,-0.15624660880005364,0.5453850355326757,-0.6197477616133144,-0.2362998838489987,0.6860343551162349,-0.7256007334367809,-0.32207400418353,0.21334185734478062,-0.9247896202608132,-0.11200324196414942,0.2900523075676372,-1.29009902917447,-0.19172770579182422,0.3298689255997402,-1.5185287148303457,-0.25309882018077134,0.3635349977653872,-1.744077583569242,-0.3013197808944558,0.07533054696366734,-0.9867158173921861,-0.14393465323619775,0.09724776849290692,-1.4143674404000355,-0.20890103990308287,0.11251615061405307,-1.6703641517227146,-0.2724290728400675,0.12120030798358401,-1.9241649265129812,-0.33129866446603107,-0.055410958799191404,-0.9411889774584777,-0.18711254493406018,-0.1023218988845259,-1.3484868962403966,-0.256559748183095,-0.11959031884006109,-1.6032063532980751,-0.32867737725688906,-0.12944720162233286,-1.8381820544973377,-0.3867256239176385,-0.18013792424113123,-0.8099582714209286,-0.2392818415019471,-0.30272517402226257,-1.095274211002868,-0.29729852403416,-0.3848748405611295,-1.283609409373206,-0.3438408370671094,-0.450203405930041,-1.4788815463303873,-0.38522628409451226,open_palm
0.0,0.0,0.0,0.21220027575768324,-0.16780074153773836,-0.08304799970207978,0.40071043918870786,-0.4512904017322326,-0.15050914022061093,0.5543863427016026,-0.6545018529776673,-0.22310730074449803,0.7020441554330378,-0.7435791896097569,-0.300762611203018,0.2051500645284289,-0.9375035481655536,-0.09251869615185583,0.28152074390363735,-1.3072393782575602,-0.16099289869073688,0.32010287983419466,-1.5326910727734693,-0.21522390831406568,0.3516044149476125,-1.7499908252742677,-0.2584213871471242,0.0654730251076927,-0.9907630758243209,-0.11875096027560378,0.07942894550870891,-1.408769259780599,-0.16984144192158812,0.08758660180530195,-1.6563273448522529,-0.22548580547662725,0.08893361379479917,-1.900611319794403,-0.2787465452557088,-0.06409618630045685,-0.9361392201715637,-0.15743731690820223,-0.11094472303582258,-1.325111659394719,-0.21499364874432222,-0.12852648490760304,-1.5631754657829784,-0.27836682692218684,-0.14005474476873614,-1.7828017966474332,-0.3301374812246496,-0.18581094465068262,-0.801570142336144,-0.2065654948125455,-0.30090328366264946,-1.074659117592067,-0.2551175151348986,-0.3801415799618924,-1.2519178607837873,-0.29524783173714836,-0.4470620931751518,-1.4374494117019783,-0.3310612684193362,open_palm
0.0,0.0,0.0,0.2102828995302681,-0.16943222646027517,-0.08108242129903394,0.3935505961256486,-0.44748767090394426,-0.14717122579241704,0.5402751951935375,-0.6529752535210519,-0.21864566635257016,0.681250166937885,-0.7414396470862304,-0.29489429470378503,0.19751174950874176,-0.939251093099835,-0.08872664817519561,0.27462682309694636,-1.3114368197029238,-0.15530245948898078,0.3125157031129703,-1.5391633002307643,-0.20815399861392156,0.34225055677004357,-1.755995968358658,-0.25043341514265094,0.05805185248274924,-0.9916113909381858,-0.11548511499304634,0.07240919897104568,-1.4123739630499257,-0.16483695423168818,0.0799711778228407,-1.6627344431090958,-0.21915475288952144,0.08045857352279072,-1.9060784991132413,-0.27135068430565557,-0.07076220766829786,-0.9360315161144916,-0.15444951701406845,-0.1195576899005076,-1.3260869492818996,-0.20983862481513163,-0.13839069431364634,-1.566138578198741,-0.2713352803546776,-0.15064601721939241,-1.7854118543688313,-0.32192125044278497,-0.19224083290858188,-0.8010213517101525,-0.20397648167575083,-0.3068951405904704,-1.0734371785334784,-0.2508837160546216,-0.38595335886151655,-1.2502652026521082,-0.2896967467116497,-0.45234719615133573,-1.433704524754599,-0.32445119275888623,open_palm
0.0,0.0,0.0,0.2076173046103066,-0.16852244593423477,-0.07635192642917511,0.38429775860355914,-0.4506853836338935,-0.13975958090936214,0.520606362739487,-0.6593708837086226,-0.20877538993578992,0.6549539130054982,-0.7465561024315132,-0.28357095748822875,0.19452932161767372,-0.9401431050189681,-0.0932979772048452,0.2715710903873275,-1.3084705584454726,-0.16395791344678634,0.3127371341167428,-1.5346089844307813,-0.21916503057645337,0.3464237558668379,-1.7513324350273514,-0.2625327566822307,0.055098023506923305,-0.9909867446514468,-0.12210429857608815,0.0657355662753149,-1.4132637595702935,-0.17708745234924947,0.0725472698208541,-1.6590038247652006,-0.2339396379865954,0.07399044185541977,-1.9012967924760629,-0.2871099593164853,-0.07269749149335222,-0.9344111491598894,-0.16238297120547715,-0.12148081371840465,-1.32537736375572,-0.22342307265454345,-0.14088520943321056,-1.5610537321154583,-0.28778341107527755,-0.15347828667654537,-1.7774088807590622,-0.33925363039528056,-0.19239943416197602,-0.796147138907041,-0.21235773398969154,-0.307840061622932,-1.0706548041363606,-0.2645475711706306,-0.3875414941937325,-1.2501713714258849,-0.3062622384818194,-0.4542160635836817,-1.437039858392239,-0.34268750700299366,open_palm
0.0,0.0,0.0,0.20568045096262672,-0.16757541660332956,-0.0749252622114993,0.3830178391761682,-0.45003881596116074,-0.1361930608705425,0.5187811496632565,-0.6618627963008448,-0.20276610647621954,0.651772130198642,-0.7488834315128867,-0.2743068873280249,0.19519840909321542,-0.9401892314943566,-0.08961707258886116,0.2719179967413848,-1.3027267708661685,-0.15739281516276366,0.31488533143079045,-1.5244945664613754,-0.20982959822795477,0.35077605206897455,-1.7367054210674724,-0.2512060345893271,0.05873541250146983,-0.9913495524320731,-0.11737204186265997,0.06929109212916425,-1.4027859606631101,-0.1692385782045358,0.07578183160525506,-1.6407504109196285,-0.2226244772320992,0.07733807687056732,-1.8823035765172607,-0.2730229403938047,-0.06817382812531415,-0.9364655560633786,-0.15628538226678104,-0.11796259273126804,-1.317820472898798,-0.2138314536679495,-0.13725742654803544,-1.54832797475393,-0.27348865462460864,-0.14970271730178297,-1.7655095903790958,-0.3217441910730872,-0.1891522140540973,-0.8003208070844212,-0.20494081973043568,-0.30409922592279315,-1.0758488375952118,-0.25368986505377605,-0.3844503781036031,-1.2485191886923626,-0.29179831800565775,-0.45341748957651407,-1.4298160290577524,-0.32548466219806815,open_palm
0.0,0.0,0.0,0.21096069515152835,-0.16432575182799264,-0.06979227288576721,0.3890317340230015,-0.44618754696446633,-0.1232677790863109,0.5206412349949382,-0.6625506590287814,-0.1830034893671576,0.6513084638897183,-0.7488940763580535,-0.24693536721773587,0.2080336663180234,-0.93580887735913,-0.06907133748408445,0.28585336910251946,-1.2988937559958047,-0.12828268446972596,0.3278331292412424,-1.5194640017273007,-0.17541143351282523,0.36221109657165956,-1.7278590148509558,-0.21327524105390228,0.07066527544875674,-0.9928724297224416,-0.09597258537106518,0.08465887085086364,-1.4065662969939046,-0.1397130988837289,0.09404422566074924,-1.647293042141404,-0.19015490262932885,0.0981088214374929,-1.886481626454423,-0.23814598667080691,-0.05805798287668083,-0.9448348519929458,-0.1344846859343737,-0.1017259234832208,-1.3270843647012485,-0.18643461666081487,-0.1155835649286416,-1.552535699500302,-0.24466450861291514,-0.12263290584125683,-1.7600479524674633,-0.29105571812919734,-0.18175628890680998,-0.8160549889383725,-0.18259611915449048,-0.2927661147662004,-1.0943199041113552,-0.22756607541319754,-0.3693267043499553,-1.2713608566204415,-0.26462928302301975,-0.4330981522563624,-1.4541232475595436,-0.29675287295940284,open_palm
0.0,0.0,0.0,0.20756706476162365,-0.16377921395293987,-0.07596692653146528,0.38102077540300705,-0.4632978899745124,-0.13178581199092498,0.5084891238106977,-0.6929354658799876,-0.19201880179344794,0.6363281500422728,-0.7831447306814217,-0.2568883935479575,0.19947591970876424,-0.9394320747492063,-0.08453240790131011,0.2733875385861413,-1.3041241664089993,-0.14878151284501695,0.3149225680686474,-1.5229979619455305,-0.1992383930443352,0.3498930565135669,-1.7288753684266638,-0.23920129778633367,0.060989568358870316,-0.9922553983728972,-0.10821033661920372,0.06797916683265197,-1.404625216841732,-0.15662091961872482,0.07492850917041531,-1.6399074472480855,-0.21160381368208642,0.07643134853396293,-1.8755829784119054,-0.2629019921525768,-0.0668133880365455,-0.9394322438926348,-0.14317275903686955,-0.11388684994673827,-1.320827164559814,-0.19919942662696027,-0.13160699210573443,-1.546124350942724,-0.26285427256276905,-0.14391961885081841,-1.7521264161307717,-0.3130568456171134,-0.18688784289012542,-0.8063830080566666,-0.18748463733043658,-0.2991253329782488,-1.082348123351992,-0.23567360015257033,-0.376848387590948,-1.2614652634148344,-0.2766288905333817,-0.44281267561567483,-1.4456157736274164,-0.31194398757124503,open_palm
0.0,0.0,0.0,0.1993267061175246,-0.16026447182391326,-0.06955875002118803,0.36509672067745513,-0.45217718039471916,-0.12195025894081407,0.4849266416456071,-0.6859067050080114,-0.17970491219885248,0.6036943340041904,-0.7938822515176073,-0.24098964343550816,0.18942016812234258,-0.94719257322541,-0.07013346653168709,0.25810444094616497,-1.3122769404662613,-0.12778045499892152,0.29309772032391385,-1.5302391395768373,-0.1732341528917286,0.31932565214731223,-1.7271883934323509,-0.2099059554679785,0.0541003731600557,-0.993983551497838,-0.09523564971000806,0.06081012555741596,-1.4042976897257662,-0.13792181262602787,0.06276931382739855,-1.6398617831438451,-0.18894542884931476,0.05799637996346884,-1.870108389857445,-0.23691772536424427,-0.07147865357120169,-0.9353895323040914,-0.13144119352364184,-0.11690946004516756,-1.3122040718841341,-0.18260291991611846,-0.13908717578052449,-1.5383389874687567,-0.24302357834385885,-0.15669587282507583,-1.7430502060312507,-0.29072073961957035,-0.191653469134257,-0.7945605219624727,-0.17661400723840578,-0.3067788592202131,-1.0655450064819498,-0.22177643947561898,-0.3853177104832331,-1.241983131709835,-0.2607069802921951,-0.4519620177514443,-1.4242200268547385,-0.2939972591384427,open_palm
0.0,0.0,0.0,0.20183706571681648,-0.15598589626577838,-0.07050432421270778,0.37049908508230883,-0.440709339724778,-0.12401393780087565,0.4941557603065704,-0.6707127884909835,-0.18223590692613575,0.6159444323352861,-0.7760643998609483,-0.24444384033113933,0.19720870695333054,-0.9402965926063552,-0.07489805171064583,0.2690090531433188,-1.309217092834043,-0.1324337414513978,0.3044484999223288,-1.530954733771793,-0.17782734267336117,0.33012101574074026,-1.7315503273831558,-0.21485458799949367,0.062204181222536716,-0.993100472786198,-0.09940860521234379,0.07362198908661309,-1.4068457954875557,-0.1414418456217686,0.07611710704507937,-1.6466198440149935,-0.1922856482174264,0.07146556813213331,-1.8785790970464638,-0.24088854321673103,-0.06424261688389972,-0.9393760571745455,-0.13454921150334614,-0.10905622450108639,-1.3221973094772177,-0.18577104648251536,-0.13121257013003323,-1.5574502282778824,-0.2480082469107582,-0.14867856260296228,-1.7700915783345674,-0.29766608885600976,-0.18591868174770088,-0.8023131675243992,-0.17833522141567576,-0.3030734918119798,-1.0744582947733148,-0.22410757418945662,-0.38208936826710077,-1.2462312069309611,-0.2641722529132304,-0.44854956667968604,-1.423043967195932,-0.298721515247494,open_palm
0.0,0.0,0.0,0.2076697457866646,-0.16000930417384865,-0.07296409964503975,0.38032123445177035,-0.44885777085805945,-0.1264600672112576,0.5078797378998752,-0.6750875753168626,-0.18480055134560797,0.6365086231433921,-0.768884342368525,-0.24731950813719025,0.20250779142146758,-0.940481043765306,-0.07333406528400924,0.27416281849720203,-1.3111851001823518,-0.1301615588611221,0.3088935722629876,-1.534000035007434,-0.17572273242660066,0.3336395982625333,-1.735576634082707,-0.21301758312890864,0.06580293193730191,-0.9931041118252797,-0.0970266830525326,0.07797794421283048,-1.410735501182803,-0.13809595885120352,0.08159081457079528,-1.6528749583057618,-0.1900285128646873,0.07778135363199284,-1.8863546832924418,-0.23968526131873757,-0.06148507282552395,-0.9409520316631943,-0.13185311919595377,-0.10639337073103339,-1.3270642273892295,-0.18304411404535953,-0.12833673670946258,-1.5631349249867734,-0.2472443143137601,-0.14504482086553824,-1.776347032060036,-0.29820247997051275,-0.18377163072269756,-0.80677622290441,-0.17558623883977853,-0.2987840882800476,-1.0853211864628207,-0.22178465206333253,-0.3772545458151241,-1.2589678216251023,-0.26296911376719984,-0.44343956440347354,-1.4365682500513581,-0.29835564642938045,open_palm
0.0,0.0,0.0,0.21114659463147414,-0.16165505029347527,-0.082311944362723,0.38951357166306133,-0.4457269557577595,-0.1415608490248868,0.5239647463156973,-0.6684317573203548,-0.20463293955926465,0.6600204077239341,-0.7634272048297911,-0.2722272110556637,0.2049462632314568,-0.935444704756276,-0.0831143706195762,0.2778663071475515,-1.3120371920867049,-0.14460378925677284,0.3133984321433011,-1.5412117738203317,-0.19439210972136278,0.33985574324018936,-1.752711419075446,-0.23479979025995332,0.06570428441408013,-0.9923419520054558,-0.10459625853554605,0.07847312977308053,-1.4161067010783293,-0.14965798105821215,0.08373770563665343,-1.664524172036472,-0.20555485898909934,0.08219976595574315,-1.9056458765196365,-0.2584488106248136,-0.06400624718539055,-0.9452965142734452,-0.13801014249084428,-0.11119673413170757,-1.3358570319369438,-0.19262255110775187,-0.1320478303942659,-1.5771239528381196,-0.26059303094096875,-0.14686007223515415,-1.7964611463741555,-0.3145671603135387,-0.1886006380106262,-0.8179013359824551,-0.18115643161729836,-0.30556184528368496,-1.0987052450275836,-0.2298135458642356,-0.3848799389812578,-1.2730584135127376,-0.2734495537429105,-0.4514546231834918,-1.4511481668010164,-0.3110156491116649,open_palm
0.0,0.0,0.0,0.21766578911698148,-0.1696062672487772,-0.074644235409313,0.4018202262092342,-0.44899743881060994,-0.13175061323841414,0.5422624398951645,-0.6628983871497612,-0.19416167264630516,0.6802885954373789,-0.756069975209515,-0.2609357543374475,0.212647184926644,-0.9315261803010196,-0.07251760441975773,0.28100700554920105,-1.3167641997529946,-0.1296059178183274,0.31611339553948786,-1.5525232886754834,-0.1764906018263142,0.34247818621525017,-1.7681344984668923,-0.21488867026281316,0.07215230489279441,-0.992675276239023,-0.09690108793216111,0.08406352226331874,-1.4262339513452742,-0.13596724970350202,0.09044807003259828,-1.684094900082323,-0.1875434655100126,0.09038331494029309,-1.9274864671560907,-0.2381119724608581,-0.05871655314285178,-0.9515529183782181,-0.1329747993820957,-0.10118253690065535,-1.3496411040391445,-0.17968863477187202,-0.11772957640151917,-1.5962713556315933,-0.24283281735110118,-0.1285083404867666,-1.8133212105416086,-0.29506621069441985,-0.1840928943935603,-0.8308634594089618,-0.17889724469796042,-0.3034319645318957,-1.1144040290787778,-0.22053360667102295,-0.38312747684819537,-1.295489108610427,-0.26052680817683777,-0.44758423923088647,-1.4762421280864948,-0.2966112452172898,open_palm
0.0,0.0,0.0,0.21595151567242804,-0.17387826556443384,-0.0784505579997568,0.4047828938944859,-0.4560762682685736,-0.13966287350143655,0.5544128709599655,-0.6640711270202023,-0.20527362141827793,0.7008349244098316,-0.7539429659767907,-0.27497724069368273,0.21562368563201112,-0.9295231938770583,-0.08317275126602096,0.2829593129639314,-1.3109824720778007,-0.1437418161205978,0.31679720386890464,-1.5476549372091755,-0.1925145348925691,0.34253113957461306,-1.7686854386166677,-0.232112527951814,0.07587025787855232,-0.9914282490175533,-0.1063659297868906,0.09124146645756878,-1.425215389386502,-0.14985714893993748,0.10017685371681824,-1.6858930541094959,-0.20220513393989653,0.10257238440365148,-1.9358173070335714,-0.2532340428821053,-0.05535125920416079,-0.952345502446514,-0.1408097899151981,-0.10116136379152674,-1.3545131506802288,-0.19047923901745434,-0.11959566259521279,-1.600728555346949,-0.2519931207580245,-0.13113528851750628,-1.8193463143530155,-0.3028420079150106,-0.18080498198361183,-0.8335882415932439,-0.18523100475556095,-0.30111843682443584,-1.1224837686750824,-0.22770131424489,-0.38219568459694975,-1.3028238643724457,-0.26610398559920995,-0.4487935455947191,-1.483305818596502,-0.30088522720708166,open_palm
0.0,0.0,0.0,0.20947697506476748,-0.16425041058041834,-0.07980535076325627,0.39528957975770557,-0.43845380884135315,-0.14132074666956296,0.5456582848047548,-0.6493735135970422,-0.20696067592208056,0.6937013325979227,-0.7484635655149219,-0.2755714770978,0.21730929876324268,-0.928569791943363,-0.07753425793369786,0.28795230093227625,-1.3111835499900362,-0.13359780558316403,0.3238015453646859,-1.537820769524056,-0.17781218175707808,0.3517671212978233,-1.7498429072101966,-0.21401388244767508,0.07899401831970948,-0.9920345879502657,-0.09811881256951478,0.09386582417157277,-1.4268821646789862,-0.1357894968926269,0.1024234037547786,-1.6780743796385245,-0.1826211467961171,0.10526140937509455,-1.919888936194882,-0.22919117717610765,-0.051617004370004556,-0.950205492862954,-0.13061890839146878,-0.10080972209942465,-1.3541057733486763,-0.1758610053124674,-0.1260500479632545,-1.604491697301304,-0.23384760924638795,-0.14286212900568782,-1.829007877494338,-0.28175907541457507,-0.17546963019965456,-0.8255516512950061,-0.17310272370327312,-0.29819757650476814,-1.1149708740319237,-0.21104243955675475,-0.3790180571164116,-1.2898660684124506,-0.24594580194845672,-0.44489001073233186,-1.4675486849027881,-0.27776149779801135,open_palm
0.0,0.0,0.0,0.20160172766322706,-0.155880747152489,-0.07952012140994923,0.3879553900895853,-0.4248581531842257,-0.1438873820608898,0.5417529543253236,-0.623217124115326,-0.21283137850743988,0.6916067305744833,-0.7064419211071052,-0.2851720594757623,0.2177269716017322,-0.9291971863827472,-0.08199418178180104,0.2893403559434882,-1.2961751863071023,-0.14036386120990388,0.3271345318769106,-1.516705944018613,-0.18719340987791072,0.3568884537708821,-1.7233364737177908,-0.22545724879190365,0.08124354066423606,-0.9911670275349451,-0.10482075475725133,0.09840270826699918,-1.413272230813486,-0.14438766326355043,0.10940213774674178,-1.6566329346944066,-0.19282262984771065,0.11453354418795439,-1.8965669818748914,-0.24103085637073762,-0.049194618336457156,-0.9449742023232107,-0.13928799767726846,-0.09610186166972065,-1.338182073746759,-0.18434920898587803,-0.1183712539619911,-1.5825471315665556,-0.2414865182134302,-0.13380605752189748,-1.8045533677383814,-0.28976432679081016,-0.17429573845037882,-0.8140943614359506,-0.18386973885426805,-0.29106781252209385,-1.1059872031869808,-0.22220563808756366,-0.3711174649331907,-1.28192961101496,-0.25666703484411013,-0.4390240850899549,-1.4623786483358407,-0.28867132722104516,open_palm
0.0,0.0,0.0,0.20409442812849127,-0.15368641659542162,-0.07127443933533034,0.3854501134211375,-0.4143347924753797,-0.13091047636354658,0.5321981218219418,-0.6070376616905752,-0.19631478382469422,0.6743133295899796,-0.6847595980027206,-0.26550601515701344,0.21292212735355612,-0.9274765217110439,-0.0745433432382155,0.28320101894840843,-1.2860510423837936,-0.13318250168918322,0.3216454985769898,-1.5096541268123922,-0.1804836188846634,0.35272175178662957,-1.722531191190849,-0.21857316308580535,0.07522644506896058,-0.9920364573763679,-0.10101796473119085,0.09212411475268004,-1.4083061198455589,-0.14188542850203995,0.1040953864811357,-1.6549384915019347,-0.1897054041467363,0.11083703115089238,-1.8974282513768144,-0.23706059261243345,-0.05570248111700639,-0.9489648529859295,-0.13881900699394714,-0.10342614970208566,-1.3367775906721444,-0.18559099972369897,-0.12308521658129316,-1.5809525682188639,-0.24203173105013132,-0.1345543457303514,-1.805557443862979,-0.2892100430386618,-0.18218625440239475,-0.8201296351811942,-0.1862991721172071,-0.29958063641457516,-1.1073658543540401,-0.22603136495836834,-0.3782182799001106,-1.284762533689306,-0.26069623054952534,-0.44325017283135937,-1.4680623767645247,-0.2926372585909472,open_palm
0.0,0.0,0.0,0.207500287993724,-0.15371958601254682,-0.07597416481965955,0.3928858499688749,-0.392326637663512,-0.14333379191708648,0.5407364689773871,-0.57272856301482,-0.21572801715650491,0.6756951771507506,-0.6567271341410813,-0.29224986362498906,0.21301863351566783,-0.9262679108423705,-0.09255278034602407,0.2850202473432785,-1.2955277537360665,-0.15860913803867313,0.32767150174616994,-1.5238147721780761,-0.21024203840797143,0.36335986794156316,-1.7452466283012398,-0.25103684784923835,0.07117197300937762,-0.990185716959382,-0.12027791230141446,0.08952440132533247,-1.4130851222084273,-0.16972867287493001,0.10578210018195489,-1.6666704829954049,-0.21981313611188405,0.11740232873186851,-1.9151910786046784,-0.2687385547716204,-0.06189970549493396,-0.9451186939103797,-0.15883988216969203,-0.10913416629536153,-1.338925871992296,-0.21146460249955895,-0.12826990171400032,-1.5873730019314338,-0.2671103924623765,-0.1380061301070326,-1.8150368318993024,-0.3137532741840312,-0.18948743235076732,-0.8150339361996255,-0.20758843078064795,-0.3089992371379748,-1.107498140462425,-0.251112897515049,-0.3887306067170771,-1.2915568652101765,-0.2863043791628237,-0.45323181668516593,-1.4795274920997918,-0.31869556687707606,open_palm
0.0,0.0,0.0,0.21313219101379555,-0.15369048497380558,-0.07799105659736856,0.39452840785018506,-0.3843436454522666,-0.1478467182835605,0.5367320677022196,-0.5586387051775678,-0.22349477851391433,0.6593611976201802,-0.6575693555286294,-0.304683824186651,0.21454828423256847,-0.9227474553860646,-0.09928832637297183,0.29246642493256453,-1.3113652212761604,-0.17196750151199017,0.3371964498863746,-1.5442239522305647,-0.2298721868325457,0.37459504969741825,-1.7735423581779604,-0.27580755549969815,0.07354323201826961,-0.9887351555550187,-0.13036167072379704,0.08971560696034857,-1.4298143059146011,-0.18640185399731846,0.10465819979874226,-1.6895022052819275,-0.2455125037617332,0.1156939607450424,-1.9442026498976366,-0.3018825363348256,-0.05877214472263906,-0.9517674806626822,-0.17278917629096216,-0.10638208339372404,-1.3620006464656966,-0.23271646602015783,-0.12589610359742864,-1.6227472821943278,-0.3020419491275225,-0.13503500404475915,-1.86238319491014,-0.3592605892870059,-0.18480094671052774,-0.8291041415962453,-0.22480201399207292,-0.3073858438316684,-1.1247363841240747,-0.276117070127342,-0.388470445847465,-1.3147945964508136,-0.3210080941851696,-0.4508582768598448,-1.5087095224279268,-0.3616672994403804,open_palm
0.0,0.0,0.0,0.2043445631913773,-0.15328675215427814,-0.0762516189387224,0.37767068063975784,-0.3740973167223834,-0.14516210191453585,0.5128739927819368,-0.5457954264437926,-0.2205986255886759,0.628180944034618,-0.6496089041546664,-0.300227563256229,0.19828286749079468,-0.9305930753122647,-0.08672645606908286,0.27341532299486127,-1.3094648642834998,-0.15748763868069315,0.32199325752203223,-1.532590519437718,-0.21459483012903233,0.36586528103803506,-1.7531096068405254,-0.25961033745100626,0.06188947563446018,-0.9910389049393147,-0.1183704426889379,0.07854103349762567,-1.4240604697189316,-0.1732833298871227,0.10022072180804201,-1.675776574560203,-0.23100860640748486,0.11881993349021922,-1.9221268435013186,-0.2853431804848631,-0.06529318265536957,-0.9470030145509406,-0.16241614395147108,-0.11475506086087478,-1.3495385400887654,-0.2204552305872078,-0.13128705013124398,-1.6033630867990845,-0.2857953308187667,-0.13678012870374884,-1.8358529111582953,-0.3397652712359462,-0.18541403346382732,-0.8161693324967626,-0.21666264992427864,-0.30897709954867597,-1.1043358906851166,-0.2651687376048558,-0.38856153215007877,-1.2939134109981738,-0.30733316353888257,-0.44842210981792424,-1.4878060616486337,-0.345861431365659,open_palm
0.0,0.0,0.0,0.20707464014431243,-0.15107126837917045,-0.074433819552147,0.37480590256139523,-0.37386271549841266,-0.13880274859131403,0.5018889381468522,-0.552997357934442,-0.20865824408872533,0.6086463250904393,-0.6652248018409113,-0.28258305396856565,0.19510992565254617,-0.9262774318832449,-0.08179822334903988,0.2708242043287573,-1.2948682741461257,-0.1473362677373185,0.3221044763907212,-1.5189720138900404,-0.20023120217416973,0.369390927648556,-1.7399107222905652,-0.2418965162685188,0.05516234701794851,-0.9923987807596582,-0.110007978884328,0.07581327749588293,-1.4175479092242627,-0.16018345807981574,0.10259487736120143,-1.667350402721333,-0.21285645930743538,0.12725349219977927,-1.9040643497309548,-0.2630535828642257,-0.07489083924567004,-0.9524570370462355,-0.15013160036349646,-0.11790545421706407,-1.3574245489863122,-0.20513331853998715,-0.1331527611505805,-1.614512760129607,-0.26641619314894355,-0.13700915596161262,-1.845719293008961,-0.3170655570845073,-0.19473300439456598,-0.8220995968913323,-0.20017956275225432,-0.3147779124269819,-1.1075358967420459,-0.24515384726333203,-0.3939647793999897,-1.2925859047414736,-0.28384931307253086,-0.4532378104904017,-1.4764291320161427,-0.3193545791354062,open_palm
0.0,0.0,0.0,0.20821147330165812,-0.15991564194894808,-0.07972123371730311,0.37607374884245454,-0.3935399001982393,-0.14567770563256527,0.5026728699500751,-0.5830327036386762,-0.21690598645371997,0.6082913397149217,-0.7032965418338921,-0.29270145791842705,0.1860574992038857,-0.9322824746852197,-0.08473106025232809,0.2594678115109132,-1.3086065386674508,-0.1544938307826802,0.3083589309210806,-1.5367746811148528,-0.21047121387982787,0.35360402883013914,-1.76358192944357,-0.2535410685101943,0.04643143139448609,-0.9926500954210355,-0.1117581775051286,0.059065227763734844,-1.4231439584220806,-0.16633504503820945,0.08243787361169673,-1.6737534424045573,-0.22249345877858268,0.10518826713478988,-1.9140567779757431,-0.2740369287235025,-0.08161951752383902,-0.9495834463329484,-0.15172755386110004,-0.13697263304711146,-1.355144224360441,-0.21209050770447943,-0.16014464966063077,-1.6120697580016445,-0.2779240022900064,-0.16907133066414703,-1.8435383362082147,-0.330243661299708,-0.19883158518819558,-0.8194955638572315,-0.20192137265547797,-0.3204519334516251,-1.0997308581493233,-0.25095905134428326,-0.4023941736584982,-1.286673935548283,-0.29248946786502306,-0.4638671407968533,-1.4730232333802706,-0.3292737254883191,open_palm
0.0,0.0,0.0,0.19920526495683383,-0.16177514445529773,-0.08359543215217065,0.36803260645085817,-0.417117926378344,-0.1502187056420977,0.49665175229239805,-0.6273079514000615,-0.22130196557277435,0.6025677360615083,-0.765903643669522,-0.29778775710543104,0.16377274341524503,-0.9365394494519199,-0.08916493494557619,0.23349171932645077,-1.311686320147384,-0.16211089109537297,0.28038708872454976,-1.5423151896026612,-0.22065588948230866,0.3209167849343166,-1.7719038656716046,-0.2656036164520219,0.025457299718671614,-0.9929910870332523,-0.11541493388445545,0.036974361765683035,-1.4191695008649416,-0.17430686051400887,0.05897661856196573,-1.6740101628770117,-0.2355606524794768,0.07824952674850068,-1.9159188954690276,-0.29069851843392763,-0.09912643697965241,-0.9439856218645499,-0.15472166487106395,-0.15810825934698908,-1.339063445589368,-0.22091830319496988,-0.18050714072718216,-1.59352886592687,-0.29100480968732995,-0.1896842880354801,-1.820687554116861,-0.3451623260172133,-0.21201182997476942,-0.8106998925956184,-0.20423558913183074,-0.3351947968818738,-1.088082114869689,-0.25970912418636916,-0.41691999254496126,-1.2743092784606318,-0.30530299820753004,-0.4786012652948233,-1.4559100698475036,-0.34427396547940775,open_palm
0.0,0.0,0.0,0.19636005570590792,-0.16107172640055856,-0.08284619117179216,0.3677581851718513,-0.40225481463192575,-0.15342037631937577,0.49960198612985585,-0.5971477054466445,-0.22964083094491344,0.6058645488048056,-0.7201402216421162,-0.31130979179048646,0.16801907940010818,-0.9413897604648916,-0.09594297473923265,0.23607996849521157,-1.317960421583331,-0.17477428047943064,0.28471575158271917,-1.5403118433062295,-0.23762782900271903,0.3275848320935329,-1.757260982025368,-0.28511007992641424,0.03385201981844219,-0.9914094371817217,-0.1263382310357132,0.03703012645949627,-1.4227657850877293,-0.19129968518825813,0.05932938462869632,-1.6754816077028263,-0.25672329963537577,0.08121449044601124,-1.9178448672358643,-0.31461474576513787,-0.0881829247776792,-0.9357543370927518,-0.16980494335601823,-0.1499695303132244,-1.3305119592537906,-0.2347313258378576,-0.16942788733102493,-1.5755743958918524,-0.3035020808799224,-0.17369925269088074,-1.7938628699701542,-0.358256744570794,-0.19988475861183264,-0.7943286873900822,-0.22430672688570857,-0.3243739535634587,-1.0772099797815713,-0.2796892309767547,-0.4027244492169769,-1.2731937337091699,-0.32665271343792746,-0.45999811649143935,-1.4696707908083337,-0.36736915037888174,open_palm
0.0,0.0,0.0,0.19442939928932956,-0.1597996052173625,-0.08444976790774,0.3648907170930598,-0.41029416892523823,-0.15953837321038156,0.5073930498606322,-0.5995175366005229,-0.23977575443153634,0.6316130701192987,-0.7069128557315073,-0.3242453362507622,0.1745984473166623,-0.9430734015913373,-0.09982665043594968,0.24311296092119045,-1.3094116588735107,-0.17942748873844686,0.2936916497607683,-1.5292788558278736,-0.24315354995277144,0.34270388087362014,-1.7373106589614522,-0.2914829251890152,0.045378854882216026,-0.9905559735640207,-0.12938161680166707,0.060841427276952464,-1.405073845518987,-0.19340684810374534,0.08992054192024675,-1.6588405782789195,-0.2583955971337224,0.12116651228147005,-1.902552145681178,-0.316274762402384,-0.07809454142287338,-0.9305682734952048,-0.17165149952129002,-0.13164093942993682,-1.3181374752917911,-0.23233791275236845,-0.147296317050558,-1.5623488740217262,-0.2968459318262442,-0.14576423695074747,-1.775929710331421,-0.349880611593789,-0.19228801206683374,-0.7863044504921509,-0.22528229218147186,-0.3082653426133672,-1.070157417106428,-0.2755387997118993,-0.3805909308862498,-1.2694304787705961,-0.31776384625895326,-0.43148047094385356,-1.4653843079272675,-0.3559706808306875,open_palm
0.0,0.0,0.0,0.1938029221906543,-0.16359326936114274,-0.08251354160444122,0.3592489348835294,-0.4183258377727568,-0.15489138984162992,0.4980526229156892,-0.611824344589164,-0.2324269627861429,0.617749409208134,-0.7286023989956619,-0.3145243425501989,0.15877813955929362,-0.946550195282264,-0.08933310591071769,0.22544559265064457,-1.3120453330732138,-0.16584952904472222,0.2793773798612439,-1.5251992921057025,-0.22788464982879644,0.3318052715084914,-1.7239891428737713,-0.2748839626790455,0.03391854241156358,-0.9923703968418132,-0.11853483856106073,0.04848254783646017,-1.4073429014118282,-0.17825249886710515,0.08113316278218023,-1.6615351835779324,-0.24371891614942562,0.1173754124580388,-1.9034465270128713,-0.3021175930575274,-0.08609899326434996,-0.9313696782354893,-0.16114867654102238,-0.14267825113631938,-1.3334950956475615,-0.21969299836468534,-0.1635848106777959,-1.6004819627991103,-0.2892053643151874,-0.16618891843373165,-1.8300924361225828,-0.3462331754701619,-0.19632730442538868,-0.7858750744495959,-0.21455950122237888,-0.3111897101194012,-1.0734570854787076,-0.26332278984233926,-0.3828580923674997,-1.2780536765251336,-0.307490339683123,-0.43305153044370015,-1.476736967328279,-0.34776502357905736,open_palm
0.0,0.0,0.0,0.19597229727567356,-0.16040625297673985,-0.07676767415889489,0.3668486197649584,-0.41517973400020264,-0.1422150969636677,0.504369690037413,-0.6156279979228328,-0.2131935823881371,0.6153049838708134,-0.7392792484448684,-0.28846922843538453,0.1645121801341255,-0.9386955376491356,-0.07498092501215545,0.23084767410173004,-1.2903348583399277,-0.14943670790767086,0.2854745300556949,-1.4995775750214142,-0.21056008332060036,0.34031633103288705,-1.6944412451213207,-0.2563053204430379,0.04079272781471056,-0.993637951190392,-0.10497406971054733,0.06655362041578228,-1.3966224879985671,-0.16650940237226083,0.1110689136813272,-1.644914014524167,-0.2327638694231539,0.15975972777505273,-1.8790712653503263,-0.2895582451089168,-0.08089071195582644,-0.9422744418795426,-0.1483972891520212,-0.12051883939954483,-1.3360004355641868,-0.20764207041392369,-0.12720321205989168,-1.5886610527423084,-0.2729683070257037,-0.1159866012987737,-1.8099474512525484,-0.3253716949075272,-0.1962980950745247,-0.8075500429777569,-0.2027174358568388,-0.2922051327973559,-1.108047559908947,-0.2533892710720727,-0.3460390185823743,-1.3223533155603124,-0.2971550902129182,-0.3786923689194707,-1.5354349185423908,-0.3356985008777638,open_palm
0.0,0.0,0.0,0.19184059458355135,-0.15315981929868341,-0.07591235127129083,0.35629087078102284,-0.40079982861235297,-0.1413419479002737,0.4897177980465664,-0.5956398996514164,-0.2124239977834448,0.6003421270157581,-0.7193883867889856,-0.28767882746797374,0.17052460976245884,-0.9424136904691234,-0.07707743926498356,0.23407456229719237,-1.2936284022580657,-0.15208466925547615,0.2879872814740548,-1.4926161922503234,-0.2122957466642358,0.34580592699396256,-1.6662596394249636,-0.2573798658191331,0.050296230771897245,-0.9928927762833532,-0.10786196722883763,0.07638487087450259,-1.3928031924227349,-0.17341059669567724,0.12140098895325621,-1.6318423780794684,-0.2418420656665953,0.1744574789936486,-1.8523870540103446,-0.29832597338494715,-0.06943568588271021,-0.9374120206383836,-0.15165926631063445,-0.10451275082353424,-1.3252837204045564,-0.21385038597932265,-0.11090802173259398,-1.568058953532396,-0.28098522845829355,-0.09689256905126435,-1.7777397022569457,-0.33316117142457075,-0.18333555685615785,-0.7977698049187739,-0.20592216874232167,-0.2679002687603407,-1.09954639711227,-0.2603491553439026,-0.31224618249650327,-1.3109028548027692,-0.3064137430376781,-0.33504036114031027,-1.518387460979346,-0.34538415437009795,open_palm
0.0,0.0,0.0,0.1957525454762507,-0.15716769939472178,-0.06920603652666847,0.36397364988603886,-0.40159776349458687,-0.1300880218744128,0.497459344654187,-0.5922562919029876,-0.19835101235925376,0.6063425615883151,-0.7071802286338965,-0.2703635663143384,0.16647612957738134,-0.9400780464543842,-0.06262156883719347,0.23573080947044375,-1.284366948790322,-0.13380899211629405,0.2923481465781706,-1.4855933310718887,-0.19340003768182534,0.3497029602318239,-1.666608443742236,-0.2383678200252792,0.044258860901585796,-0.9944260216296369,-0.09569754823163659,0.0720645936307046,-1.3973928034820187,-0.15645590916804278,0.11706977591685688,-1.642833517477535,-0.22275673065783513,0.16673334155162917,-1.8690558204153904,-0.27876196934898023,-0.07584530465771147,-0.9410790381928995,-0.1417976859587543,-0.11088753870183389,-1.317430887258599,-0.1973547861587986,-0.11562755889445422,-1.5448782511805204,-0.2572420956944704,-0.10093984018159714,-1.7403289538300744,-0.30524339082136165,-0.18843339066912754,-0.8033913334170003,-0.1991867606540366,-0.27431250394280193,-1.1038574152298297,-0.248402619873159,-0.3189262767029251,-1.3174376988010001,-0.29007949954550727,-0.3422428979953301,-1.5241939351992706,-0.3260415459757981,open_palm
0.0,0.0,0.0,0.196850811472691,-0.15902263693709087,-0.06672767912768171,0.36993885502476026,-0.4067130715348088,-0.12548247913614013,0.5082096207419347,-0.5983017138386931,-0.19203905564392978,0.6171479333774686,-0.7130270119512427,-0.2619641861201582,0.16388274902833735,-0.9378698116178882,-0.05749153388076935,0.2349430419373035,-1.280824189819025,-0.1270677415836006,0.2907607990313646,-1.4841130638292679,-0.18604770745859361,0.34576393740526645,-1.6696729096883833,-0.23067183351782627,0.04176038338175952,-0.9949635644063582,-0.09112384914830324,0.07042147117430764,-1.3997160927584018,-0.1496393870908186,0.11359636632868268,-1.649378604963241,-0.21511051762442385,0.15905909395693132,-1.8788172548202566,-0.2708679635822025,-0.07726004600044402,-0.9427735897441972,-0.13771731081422436,-0.11963927184610194,-1.3142953385399876,-0.19079071167219624,-0.13256029878745074,-1.5371192020005644,-0.2488982579728343,-0.12536065528459142,-1.7300191641734488,-0.2958161510702574,-0.18741256277133544,-0.805884689259273,-0.19557416361049462,-0.27694709003358825,-1.105904541470744,-0.2431539086715642,-0.32534090026543416,-1.3187085946733614,-0.28359529973240843,-0.352799627304776,-1.525573449191834,-0.31846018281425587,open_palm
0.0,0.0,0.0,0.19993176773760318,-0.16750353723525127,-0.0721936623458788,0.3732277942950406,-0.42306785972586797,-0.13512279798873889,0.5157908546131352,-0.6104775280171801,-0.2062431553775898,0.6461089249941332,-0.7180498453562313,-0.28190331597524854,0.16203287587873014,-0.9399966541352573,-0.05785076088638321,0.230130182798209,-1.2868547406601547,-0.12714955930899,0.28207915821439883,-1.4929583799953254,-0.18781132299392753,0.33446041204313826,-1.6840265770066425,-0.23395599544477189,0.038087392574690196,-0.9951999324091418,-0.09014668634897423,0.06139409310648546,-1.404353623701179,-0.14603719387657443,0.10202215650435983,-1.6524334015699127,-0.2124723224975106,0.14669113283104127,-1.8787033050192712,-0.26994617522294523,-0.08008537276176009,-0.9446169402142176,-0.13656573163264057,-0.12644567978351992,-1.3236606182091348,-0.18732252542111635,-0.13594638499956735,-1.550487846125248,-0.24809678397311283,-0.12670291442317183,-1.7471341530065507,-0.2984263198238974,-0.18796906305697714,-0.8121534190720839,-0.1948528624670301,-0.28502695331836764,-1.113216907752564,-0.24156752702608897,-0.33525406113054623,-1.322238115827608,-0.2836773551118086,-0.36536573066679473,-1.5275964475549346,-0.3209888772909857,open_palm
0.0,0.0,0.0,0.19426592865506404,-0.16926488797704772,-0.07193531064193773,0.3605422278896298,-0.42669241922547774,-0.13707142500833128,0.4970332600061875,-0.6086952997471192,-0.210738532968585,0.6184950137026374,-0.7196981315520575,-0.29131786522329595,0.15959063884854335,-0.9424075161966206,-0.07525603309392631,0.2265671175187347,-1.2912745794120781,-0.15740758352229953,0.27607562107344585,-1.4977031429314203,-0.22677314748658708,0.32555824491961466,-1.6925841804991208,-0.2781156424668679,0.03435106881790095,-0.9932265681919213,-0.11099985724660189,0.051325052056722775,-1.4058445667236736,-0.18267217021225823,0.09070196027356744,-1.6533777678021544,-0.2578622084412553,0.13592768262100574,-1.8824196065705519,-0.3202894743047291,-0.08290336890138586,-0.9407802001234715,-0.16022277821754732,-0.1328992391273683,-1.3239734876366294,-0.2252927246391249,-0.13732177076077062,-1.5598179630736613,-0.2946844012293318,-0.1231014920296993,-1.766994553688714,-0.3495499526929132,-0.18810976710582053,-0.8061684489224321,-0.22056276794794688,-0.28883131533868284,-1.1053059958722258,-0.2777489011171125,-0.3386456135295315,-1.3192554097316722,-0.32650104430996235,-0.36731463705868633,-1.5318125987903688,-0.3682426332557476,open_palm
0.0,0.0,0.0,0.18946262216879795,-0.14660427545732463,-0.07193754305790191,0.3418211371460145,-0.391512959548897,-0.1366861091944921,0.46951226423448267,-0.566911709454842,-0.2096202576485709,0.5846168905559538,-0.6809792003406689,-0.28985460792065276,0.15908896531016686,-0.9387775914604786,-0.07364763244351828,0.21856556547064257,-1.2898424714266397,-0.15301833570897172,0.27106599273398524,-1.4863974483309899,-0.2188300086786661,0.32740932659005595,-1.659757652268924,-0.2674622537272029,0.04089236379062807,-0.9931407738788238,-0.10954085011074849,0.05200027861746508,-1.4023875551736695,-0.1777904061666354,0.0965995312387696,-1.6332346946873049,-0.2520553578696273,0.15419698124613831,-1.8416395106845642,-0.31341809123795805,-0.0703756305670192,-0.9473454960254307,-0.15938986714823436,-0.1134697818808589,-1.3470037335214768,-0.22509712320870484,-0.10611783967531951,-1.5958270776234074,-0.30361170649212227,-0.0765177838383574,-1.8097357552065436,-0.3649826373595053,-0.1728417374238036,-0.8185716918399173,-0.21896481199641374,-0.27011012386301936,-1.115244343928129,-0.2777367561503973,-0.3153161938215725,-1.3320914707085647,-0.33241035559303783,-0.3338901074148356,-1.5427415918165965,-0.37951477910525533,open_palm
0.0,0.0,0.0,0.18977902651230658,-0.13438892910140723,-0.0693092905705177,0.34524903583035904,-0.3711355216121988,-0.13686921525031054,0.4747717238983268,-0.5402292960688921,-0.21371994357495713,0.5919334798155366,-0.6465243661730213,-0.29751789350489743,0.17399500582480962,-0.935371368208929,-0.0798618772447029,0.24625004693251304,-1.2749505781605992,-0.1630435512072652,0.30911356292771713,-1.4619624855069981,-0.23015312443463357,0.37421526748992123,-1.6264540369100862,-0.27943303465258756,0.06058158950985782,-0.9909380077629706,-0.1198820911696719,0.08139944698154768,-1.3964729051325522,-0.19469524135109634,0.13191992361077165,-1.6166852722518519,-0.26926670225702337,0.1916329178240205,-1.8108874945656246,-0.3300814943951538,-0.0498206699356869,-0.9436145741561244,-0.17348592951020894,-0.08076226503473347,-1.3501098170464818,-0.24356617718142423,-0.05941617279465482,-1.5856972553167428,-0.31964562707778205,-0.020429385233288855,-1.7835471206162172,-0.37875101214128015,-0.15384514565149626,-0.812498831816761,-0.23669562118868626,-0.2530667009111076,-1.1098381471257168,-0.2962522771949379,-0.3016857709445962,-1.3327505354680071,-0.34995510985236794,-0.3233268953247909,-1.549357407050193,-0.3966680764341168,open_palm
0.0,0.0,0.0,0.19510485496778718,-0.1342867904112426,-0.06698687913058574,0.3515554270659214,-0.36510523639135295,-0.1290767869921842,0.4786083603354391,-0.5339997486667446,-0.20109558976056952,0.5972767481226572,-0.6295208992721496,-0.27976735246168655,0.19042648155839872,-0.9291614857591399,-0.06475013981997457,0.27105818310076096,-1.25807492812498,-0.1417656655367212,0.333924899376901,-1.4455272515127804,-0.2072636953737499,0.39766075259113465,-1.6170156498681822,-0.2561854234099662,0.07447488710788396,-0.9918514920035687,-0.10336386699694469,0.0967889216820744,-1.3953771419544494,-0.16986879232227736,0.14343918540563805,-1.6196987794502413,-0.24225627984048387,0.19887223386732464,-1.8208642949022902,-0.30278543830328364,-0.037061325846359176,-0.9501254162027796,-0.15595928182964214,-0.07580860360420888,-1.3530835209177334,-0.21932082321483226,-0.06583919619504029,-1.5900800062802651,-0.2936374363795089,-0.03770222055354948,-1.7895663815483027,-0.3522532891861076,-0.14103119038133347,-0.822214995036365,-0.21842668526247547,-0.2438272659347157,-1.1161842754329874,-0.27215662909311317,-0.29434165483216157,-1.325500861939963,-0.3224442318898055,-0.3202104239437071,-1.5251385760228695,-0.3665767478640612,open_palm
0.0,0.0,0.0,0.19483497014432893,-0.13742467048692988,-0.06256800655551416,0.35313075418507833,-0.36297334212855453,-0.12252603774293938,0.4817120016180732,-0.5254819340319403,-0.19403566003990683,0.6069640888023049,-0.6093786380437171,-0.2723536437975891,0.20586528210429594,-0.9229064180372225,-0.05617911472102828,0.2917575371290737,-1.246727740012551,-0.13303266394342095,0.351367230139871,-1.4374676028861182,-0.20019696597024716,0.4119846228217451,-1.6183221046668854,-0.2503150515230146,0.08811109974074546,-0.9913712446161546,-0.09705395123689044,0.11489701538203559,-1.3791126220027017,-0.1629069051696194,0.15940471019050434,-1.595550116630123,-0.2355258629881308,0.21414362322725677,-1.7993948388266854,-0.2960392256148338,-0.026356794765011224,-0.9593890364027172,-0.1518971238251198,-0.06310835799052364,-1.3508944509297607,-0.21520040481312744,-0.05605326939323668,-1.5832545729283245,-0.2880825018553791,-0.030105548692060276,-1.7825485694584275,-0.34571941981087806,-0.13444950518860313,-0.8436484670316966,-0.21669153535112692,-0.2320908794136086,-1.1358871276594291,-0.2694966504889542,-0.2811043434230061,-1.3402844273396,-0.31771764514652334,-0.3063668005601895,-1.5376310050548971,-0.36042844590639683,open_palm
0.0,0.0,0.0,0.2053276235803084,-0.13104048356654213,-0.06515139887272062,0.373287049230404,-0.3448616470304314,-0.1290247888695922,0.5057377648047342,-0.4968680138430406,-0.20440025015455385,0.6293732586596282,-0.5685334774146849,-0.2872374939673772,0.24017445445807448,-0.9169155160478788,-0.06851364549956991,0.3274932695021106,-1.2392251503247105,-0.14960784834958607,0.3850368801329775,-1.4282810852415047,-0.21971264126234455,0.44416041451806065,-1.6058325708458852,-0.2723295195951917,0.11563210674966573,-0.9870661654083007,-0.11103864640199188,0.14243892640426928,-1.387108557060879,-0.18211644548128408,0.18480102628212983,-1.6136484628140226,-0.2583022026588319,0.2375383318361007,-1.819065205081304,-0.32212957089084115,-0.0055162025628534995,-0.9545620572743913,-0.16722509184595272,-0.03986555583868029,-1.3512287225900468,-0.23471609267531113,-0.03129978505584045,-1.591292083890388,-0.31080257051650095,-0.004930827077872188,-1.7936696347710979,-0.37094936749661594,-0.12003208758481414,-0.8375111728894196,-0.2334085099314,-0.21422687730367124,-1.1369021462986657,-0.2906950650345165,-0.2603845583371054,-1.3463100018178251,-0.3415626076342865,-0.2829443028489358,-1.5472535150140898,-0.3861459093980246,open_palm
0.0,0.0,0.0,0.19815247910975323,-0.13388362622513517,-0.06155562630355185,0.36006486159463863,-0.35374539376058955,-0.12397884887927126,0.48965076700946664,-0.5090791730063595,-0.19798676754661226,0.614752423208762,-0.579455808528307,-0.27932210027061893,0.22692162224112158,-0.922454343678627,-0.0690886089285178,0.312307249527386,-1.2549225117942595,-0.1483330518009411,0.369515225072536,-1.447402441212209,-0.21646969746318118,0.42666593312485385,-1.6248242924434138,-0.2676793888851984,0.10442829581357936,-0.988284962903487,-0.111299340215135,0.1267830706942049,-1.3960101840909436,-0.1793867844086447,0.1649062451994563,-1.6288783196190435,-0.2528891896225151,0.21067156209642382,-1.837458186539766,-0.3150820703261158,-0.014426295024747727,-0.9495884998896318,-0.16631857263690897,-0.05291434527004505,-1.3502964079375253,-0.23086876486298838,-0.04929851667796297,-1.5946811385375896,-0.3044657253546449,-0.029554321363451777,-1.7956636544270612,-0.3628815336816571,-0.12595596447629784,-0.8249838437174172,-0.2308802694932448,-0.22354253337387328,-1.1253500028822192,-0.28545031001811527,-0.2731529533610124,-1.3371395082494344,-0.3337908744833873,-0.30075036268367894,-1.5361044699137463,-0.376399883286562,open_palm
0.0,0.0,0.0,0.2003133841007811,-0.13476538049488593,-0.061450492660616356,0.3650207681973281,-0.3572546318156769,-0.12529299849523656,0.4973818492628807,-0.5091951097331955,-0.20125806243273642,0.6220569166639938,-0.5783855044217886,-0.2849974887185161,0.22584657854585166,-0.9247413869867377,-0.07118766204617821,0.3132429554890668,-1.2574895897694256,-0.15269581741194999,0.3711741516849777,-1.452545873169051,-0.22250058496026678,0.4287107074536974,-1.6364396614583363,-0.275053775480721,0.10335645146396837,-0.9879217540004813,-0.11544709573388323,0.1262960591349306,-1.3951598821979707,-0.1850727715016976,0.16332573065938694,-1.6302034776305347,-0.2588875754863185,0.20707252828590947,-1.8467084476509015,-0.3219176094197927,-0.014910858270172885,-0.9475180716003366,-0.17280188209916,-0.05012716115110569,-1.3464758568261528,-0.23843257018652228,-0.042577088343631705,-1.5914858737987547,-0.31197253162415284,-0.020674956576511826,-1.7975056843271624,-0.37098646585014605,-0.12575765095294855,-0.8216337484852156,-0.23994460326377184,-0.22387986449625116,-1.1210383366771703,-0.2954116912025594,-0.27460763706995034,-1.3338128630143047,-0.34414896007668905,-0.30442286552394104,-1.5369780185319313,-0.3875891183838063,open_palm
0.0,0.0,0.0,0.2011507382187629,-0.13695660785195912,-0.0626126017135519,0.3677977037003766,-0.35727378368142476,-0.12715120783172396,0.5021019919979886,-0.5080542760783194,-0.20331654065669502,0.6260628141379075,-0.5742271835161722,-0.28672503197953136,0.22881218119479116,-0.9246157511571642,-0.07383002472291506,0.31637539736476233,-1.25994533012705,-0.15432279937467075,0.3735102804127665,-1.457856807587164,-0.22302266946167237,0.43042513820169265,-1.6439459673836545,-0.27468043597331476,0.10568070096832727,-0.9875423537131963,-0.1165833138379705,0.12868908622907005,-1.3951741595909852,-0.1843775997371848,0.16454802395645413,-1.6304784325991843,-0.25567093728328216,0.20741234217838136,-1.8463547031288974,-0.3170060859526784,-0.013786799308235767,-0.9465093003358931,-0.17219149972724843,-0.048864460903808984,-1.345212576503139,-0.23518020451624577,-0.04443847257077351,-1.588739516644029,-0.30521593299853794,-0.025149177164747658,-1.792140645036149,-0.3621673321764189,-0.12542330641847996,-0.8206505013613096,-0.23788095241740043,-0.2238983873320955,-1.1205673049347193,-0.2904001996544702,-0.27763748506096786,-1.3327188917471964,-0.3363415048269738,-0.310608435877883,-1.533330754543302,-0.377889245351042,open_palm
0.0,0.0,0.0,0.20334226411556902,-0.13839813735881085,-0.07153180902888358,0.3720930276317686,-0.3596876723626597,-0.14401205022768312,0.5092719267517677,-0.5109116499094599,-0.22667947454336473,0.6369098928422643,-0.5797247840042287,-0.3172662765357934,0.22693268625283997,-0.9225243790080363,-0.09610488100296267,0.3161067838871244,-1.2631675710836991,-0.18673540255777668,0.3737176284547158,-1.4646597645659223,-0.2612695574238519,0.4322198506425515,-1.6616707061853915,-0.3165482019218884,0.10172773579686449,-0.985223049087596,-0.13779329198543533,0.12527720161086792,-1.3952892044098602,-0.2158549545902242,0.16099069543534206,-1.6323235052561151,-0.29149025696302255,0.20440670845567202,-1.8584430509677734,-0.3556628295991479,-0.01892056115505892,-0.9417841425327217,-0.1923986644116543,-0.056320825400876275,-1.3484227786785574,-0.26493092145370645,-0.05484156701742215,-1.5953493968047074,-0.3385524854244091,-0.037797855630153296,-1.8056662077241044,-0.39729445962768006,-0.1315422588762453,-0.8142205279213878,-0.2572914907481147,-0.22951104432685443,-1.1178121095800753,-0.31679695907763206,-0.2840524750060748,-1.3321218469694205,-0.3655862579322947,-0.31757365035738466,-1.5391567962005228,-0.4090346947085448,open_palm
0.0,0.0,0.0,0.2007221902633152,-0.13697034506349967,-0.07584834973629996,0.3665155373026693,-0.3596231851765603,-0.15323620930684714,0.5031687611801586,-0.5089967019180379,-0.24019151491027899,0.6324625503381226,-0.5804542563599338,-0.3348340991842165,0.21550523899001064,-0.9268349054495123,-0.10386367713727664,0.3044617166544021,-1.2632476302756421,-0.19802803002610245,0.3633604751325927,-1.4603622524437367,-0.27426898632583185,0.42134520310242773,-1.6504673847989586,-0.33069526920793507,0.09219249802084364,-0.9850654442857523,-0.1454186844349442,0.11752423064330479,-1.389218987748691,-0.2270448020652672,0.1547769513414698,-1.6249053617914186,-0.3048256680130375,0.197776025382436,-1.852356232864644,-0.3705042551277242,-0.027668823479415364,-0.9364127203174721,-0.2002049741597806,-0.0648028334690605,-1.3365717323332127,-0.27542269291574434,-0.0658563385731152,-1.5857461387249765,-0.3507438509606796,-0.05254249216652795,-1.802869597629447,-0.41092047987938984,-0.13981206129978024,-0.801620276309219,-0.2653688816644174,-0.2401090820119099,-1.1037587446981196,-0.327063293058467,-0.296181330130795,-1.3146118242788056,-0.3767673461173728,-0.3317027830843015,-1.5209714099112894,-0.42117278025929483,open_palm
0.0,0.0,0.0,0.21024752882622033,-0.15027610708216912,-0.07426189646899571,0.38106873631108745,-0.3758662733294744,-0.1516867625275831,0.5225893597620641,-0.5301142902002502,-0.23869012162783845,0.6551736108102058,-0.6165595904551263,-0.3340380634127858,0.21964886180405274,-0.9260420200101195,-0.11077624297635523,0.30288593409144776,-1.2726830796272213,-0.20586475427609238,0.35678739106875407,-1.4731444622143388,-0.2823140391008222,0.41366438341527795,-1.6737081785901082,-0.33984930097372884,0.08919854625330721,-0.9839848123961347,-0.15432915576792267,0.10757531681470524,-1.3887421222941252,-0.2375557717501497,0.14174928214470828,-1.629021858049871,-0.3162025791463448,0.1841029443116606,-1.8674714750127048,-0.38380163666107264,-0.03427502525406628,-0.9327552863943263,-0.2102790268126635,-0.08429140754558513,-1.3306754465768267,-0.2884901327111408,-0.09036413235227293,-1.5852618493766255,-0.36720580841168055,-0.07893034842263738,-1.8125999701508497,-0.4304422247139613,-0.1456492185840344,-0.7939099908910848,-0.2759506608570699,-0.2558147267297746,-1.0805936412746147,-0.3402621923336495,-0.3192921422889933,-1.2851743834765195,-0.3924492398848815,-0.3598616509436217,-1.490528786105497,-0.4389366457209387,open_palm
0.0,0.0,0.0,0.20005073905211557,-0.1446598886376026,-0.07180480013398682,0.3731925280626413,-0.37223869591002473,-0.14736718561875276,0.5185976173206629,-0.5202709818441662,-0.23379678924446542,0.6534037729818479,-0.6039414668252884,-0.327299625550145,0.20225081605601958,-0.937480040242615,-0.09648606696930058,0.2820026833905579,-1.2841145545712709,-0.18497132519292497,0.34347115925630733,-1.478466326189249,-0.25755095740905076,0.4099320069830717,-1.6659621083571763,-0.3134434680924208,0.07544370833305361,-0.9870932757064239,-0.14126249299838456,0.09525425797601031,-1.3870809921287286,-0.21793850832322958,0.1304123673792608,-1.6210391807938875,-0.2936212907324262,0.17071624210273087,-1.851447861240736,-0.35963818041528167,-0.04165607810882636,-0.9237243226453105,-0.19884274242499614,-0.07879392826199648,-1.2838650591858178,-0.2677951814656018,-0.07948348011742955,-1.5044409519478668,-0.33811845904072424,-0.06760626769388937,-1.7068264749774313,-0.3961296270404822,-0.14634988618680272,-0.773042457321457,-0.26746436906563065,-0.24822449908215846,-1.0466423825451534,-0.3270483077189756,-0.30812382351750556,-1.2435369536347896,-0.37567947595568213,-0.3492943610181808,-1.445737459921726,-0.4189610473026342,open_palm
0.0,0.0,0.0,0.200642667520622,-0.14136737407629282,-0.07242702163068304,0.3729368404096259,-0.3703651627112414,-0.15727688623391597,0.5257577886436572,-0.5177339212937901,-0.25298254848374224,0.663272565833778,-0.6249841463370289,-0.3571905653556721,0.18816259095059806,-0.9425225872917622,-0.117608715065802,0.2728709274373484,-1.2847027086115264,-0.21552316723463047,0.3371578498343035,-1.4731317644880053,-0.2907100261790986,0.40483472014287947,-1.6562094335711721,-0.3494857731883408,0.062416045445612134,-0.9833834876969209,-0.17047326299443766,0.09074144778900396,-1.3884430062456206,-0.25809867004059195,0.133220213987548,-1.62554458162795,-0.3378908842667828,0.17844435205243964,-1.8642436413492733,-0.4083003503822421,-0.054767678782555444,-0.9006683168878596,-0.2359448574278718,-0.09353380744182944,-1.2855980869871877,-0.3191480034275933,-0.09256774658394477,-1.5189830087801206,-0.3991108495835259,-0.08090915306725824,-1.7410532113484325,-0.46465702959789984,-0.16134722345469996,-0.7241783756293902,-0.3106537311063688,-0.2701797722477062,-0.9921738182133949,-0.38567942093920504,-0.32912595038418385,-1.183559289390359,-0.44304816988700674,-0.3686360523293573,-1.3898695072504872,-0.4931731943222915,open_palm
0.0,0.0,0.0,0.19568842921150634,-0.1462286227854161,-0.06747505587104312,0.3708007601266468,-0.3974734874728482,-0.15280399425116695,0.5316846536392316,-0.5648741122221093,-0.2499045789874889,0.6802761037573252,-0.685263678871873,-0.35682177338622567,0.18560201723452838,-0.9469449747004366,-0.11599228028755705,0.277570146539805,-1.3050120059592336,-0.21379600907935684,0.3463213938209753,-1.499077934005683,-0.28799173219819235,0.41733648111464366,-1.6852842688299052,-0.34628484536828213,0.06845626506703642,-0.9824691482170609,-0.1734015356757667,0.10120879361864353,-1.4074567552576347,-0.2594777664561678,0.1412828203199837,-1.656312956921823,-0.3385551482569601,0.1835640662866794,-1.899160331289174,-0.4087355744668776,-0.04353086189663755,-0.898108392442195,-0.2429917004954555,-0.0775007365118083,-1.3040508390802936,-0.3266624156613527,-0.07920074474856557,-1.5725691891136335,-0.4091841602550995,-0.07017864443815422,-1.8231288635707852,-0.47687916333629826,-0.14405565313284302,-0.7229899243132034,-0.3208549285737601,-0.24922334563473283,-1.012804604384533,-0.39829763376911337,-0.31029080117431435,-1.2191563436750215,-0.45634523363832863,-0.3534645168197455,-1.4374817871890249,-0.5072922750564505,open_palm
0.0,0.0,0.0,0.1980036827098381,-0.13133210536503287,-0.07927953989368677,0.3735663286583832,-0.3649460617728482,-0.1676670442926591,0.5286376364452038,-0.5327142255146542,-0.26472231093676335,0.6637973998229412,-0.6539422780889814,-0.37103792314671347,0.18551185186143243,-0.9299889832279676,-0.13559486249575745,0.28373671470537437,-1.2913506337923804,-0.24090651811306776,0.35972458585107264,-1.487799869458499,-0.32068208599651415,0.43719781097159044,-1.682780999915935,-0.3816170275377388,0.0696912874709688,-0.9802938336134929,-0.1848434587157466,0.0943105689831417,-1.4178385799948787,-0.2796337712576103,0.13502569342276552,-1.6671584200093605,-0.3632893559793781,0.17896672914736927,-1.9060214895665115,-0.43542695460790565,-0.03983622140147509,-0.9081632177951199,-0.24598970989268998,-0.08105450018965547,-1.3245072705074086,-0.3366938901912251,-0.08188753719057687,-1.5835364997828654,-0.42090084740324996,-0.0673983776270208,-1.8143643884421872,-0.4874257122315401,-0.1385877596387055,-0.743662519183987,-0.31606071522954976,-0.24618046657324472,-1.0389464987830752,-0.39517722833982616,-0.31649604177313934,-1.2500106335977126,-0.4539462001753901,-0.36561523549547076,-1.4567623808694623,-0.5041540752535729,open_palm
0.0,0.0,0.0,0.2058133647475337,-0.13495221208693023,-0.0993629554344455,0.3916074487271982,-0.3711180309636467,-0.19549783754084601,0.5581008124561018,-0.538789247524535,-0.2960556800381445,0.7121884638252126,-0.6526134106448941,-0.40494275201471813,0.1995146134734731,-0.9282986521706175,-0.15362903529167324,0.3002416154189459,-1.3040401320512207,-0.26073696458208256,0.37508858993059774,-1.51209613662395,-0.34209260523098883,0.4496991905661633,-1.7207836430262067,-0.4043094427383902,0.0769345755668061,-0.978533221938216,-0.1911904407797864,0.1055900379772727,-1.4212896076868962,-0.2859010422552854,0.1433214940852467,-1.6792065426079728,-0.3710297532047055,0.1823484878946926,-1.9327990606439471,-0.44483543753155946,-0.0370026533923265,-0.9075983656136161,-0.24163842733875562,-0.0761537585487743,-1.3243905772385178,-0.33364417212484493,-0.07965397969262081,-1.5896045765500735,-0.4213057436281603,-0.07006366696651804,-1.8309781517290251,-0.48992209756877814,-0.1392816496575908,-0.7484627161567364,-0.3021959533725564,-0.24565170134320594,-1.0373760583367078,-0.3805300701421751,-0.3173687804777939,-1.239861110213912,-0.44036552117897665,-0.3688034949212558,-1.4431523837780735,-0.49149251780456854,open_palm
0.0,0.0,0.0,0.2054102897668592,-0.11028913937236824,-0.11252021766715055,0.38498352889187315,-0.31600568639307347,-0.21257593548457437,0.5437671836247483,-0.45805766534726877,-0.314829626942218,0.6943402960097383,-0.5449280306954245,-0.4256042841527465,0.2064751734796928,-0.9175395094740462,-0.16407400360111596,0.3078343548795757,-1.2892126110739368,-0.2737680669684542,0.3790302923678203,-1.4976811395501914,-0.3578985236705953,0.44855564193835407,-1.7020093134743681,-0.4214078219922519,0.08188522368784375,-0.977474301699075,-0.19452192590938655,0.10990219034880956,-1.4131111087572878,-0.29015032777886063,0.14889261857227604,-1.6697555129714492,-0.3770551057935114,0.18986917874386483,-1.9175772730756597,-0.45210183098120477,-0.0313742395757676,-0.9171403844545463,-0.23882716346293614,-0.0747410096624803,-1.323792026801646,-0.33296009764446116,-0.07578504972124493,-1.5900589761472605,-0.425244344171032,-0.06275343209903685,-1.833222901871886,-0.4968827191728136,-0.13022557855736477,-0.7629119968134109,-0.2945805845393893,-0.23920259958744702,-1.0375296156466416,-0.3735889196268783,-0.30193374342272694,-1.226651105690585,-0.43554536572039226,-0.34401295353184874,-1.4138369219390778,-0.48823915507096477,open_palm
0.0,0.0,0.0,0.20080968538094476,-0.09745907104631589,-0.11590722529774071,0.39259346476136975,-0.3136136093410342,-0.21644632190599367,0.5633927889355902,-0.46414950051397225,-0.3176112725607269,0.7172668462069819,-0.5499557274339737,-0.4276878414658317,0.2052252170283719,-0.906425771340817,-0.1727447571043607,0.30405297993651714,-1.2652888379326968,-0.2866247441889207,0.37709607188979183,-1.468598969971694,-0.3724022656728736,0.4490749267330844,-1.6679219117338477,-0.4357030660519371,0.08128754325192772,-0.976216136243042,-0.20098350840497348,0.11326571159191245,-1.4078534743707543,-0.30013187612880465,0.15797158895213936,-1.661360713863015,-0.3874350837241918,0.20191476652334434,-1.906617250419008,-0.46165330120964343,-0.0338436570042807,-0.9227006595437721,-0.24355137779787336,-0.07410253614108528,-1.3306025093328289,-0.3368369597664202,-0.07345069872576822,-1.5960317259507268,-0.4259550959068927,-0.061424006670080654,-1.8363851031253278,-0.4952139153209078,-0.13648429369377363,-0.7753301808831952,-0.2980448971535094,-0.23427532669744255,-1.076486360336873,-0.3793369207457279,-0.29283462462444043,-1.2959832324884548,-0.4428536891558975,-0.3345386739898969,-1.5194401002932563,-0.49614936869602255,open_palm
0.0,0.0,0.0,0.1947177739176022,-0.1127430493528665,-0.0937125416643941,0.3734104432129655,-0.32325854674457843,-0.17982241880802627,0.5241189160198616,-0.4633651928128621,-0.2703821628331024,0.6525797646830541,-0.5228252597874535,-0.3692093207025525,0.19643170320763323,-0.9138858290250693,-0.14076539546200706,0.296189037908304,-1.2654469265177346,-0.2440952705825097,0.3703553575415075,-1.4671115972293383,-0.32395063659615947,0.4417520054421401,-1.66866206106091,-0.3829270797709042,0.07526914917998824,-0.9816426231153446,-0.1752492387000462,0.10596209329685011,-1.4086583268915585,-0.2622355516774968,0.146585872916837,-1.661172526694965,-0.3426987130762005,0.18734884862568763,-1.9091558318491375,-0.4124697458225592,-0.03813353267707864,-0.9315384333183635,-0.2225817302635336,-0.07184872540585943,-1.3369633574028492,-0.3045520662275449,-0.07130453891601343,-1.6030856270717915,-0.38669071793699217,-0.057684800535609905,-1.8436293762776825,-0.45164461600568195,-0.14147361774809022,-0.7900146306302229,-0.28095530877521485,-0.2400420030665813,-1.0903152194808794,-0.34950589747537086,-0.29612005943103314,-1.3038036066340082,-0.40466743330144495,-0.33151097480824293,-1.5152984331850559,-0.45268368176546847,open_palm
0.0,0.0,0.0,0.2012634427488858,-0.10866109834488971,-0.0958647813002912,0.38064988405757233,-0.3133202004170534,-0.1848640900186485,0.5312966339838312,-0.45390465972633537,-0.2782166295818455,0.6599803545688568,-0.5248456034791429,-0.3800927020618293,0.20008963983255693,-0.914238152634747,-0.1411413519078383,0.299167654831414,-1.2748366322778868,-0.24245209628446945,0.3711447568588963,-1.4858617990265572,-0.32206528970520293,0.43811014951108657,-1.6959176118829606,-0.3814942665013275,0.07470089406441394,-0.9817237485699789,-0.1750378185412672,0.10444275739024353,-1.4201798152090501,-0.25766366126292833,0.14184683910149015,-1.6815656621193074,-0.3371352803724542,0.17587756501935659,-1.9301995720178573,-0.4071541059230998,-0.043571538764378755,-0.9327766342711207,-0.22196232130026244,-0.08014762847999563,-1.3536424379163245,-0.2999393118366101,-0.08361041080753695,-1.6289456343790862,-0.3830215272628915,-0.07624663489360778,-1.8746740315756802,-0.4501434694535066,-0.15065099821766798,-0.7908355893076339,-0.280001416458264,-0.2514869562016024,-1.0997533915447428,-0.3476326491333635,-0.3089695251850144,-1.3207568389477755,-0.40364236203706866,-0.3473553870408994,-1.5406696437388119,-0.4530858360834355,open_palm
0.0,0.0,0.0,0.20093647517194435,-0.10402824097333492,-0.09014069399040499,0.3773801611068696,-0.30757390191690787,-0.17462648432855923,0.5237922337899746,-0.45615546977115073,-0.2644547683113858,0.6540234794497918,-0.5335808324755718,-0.36213826327337867,0.206164215425333,-0.909195311110495,-0.12850369888321808,0.3069915514121418,-1.2675031205671214,-0.2229582226517708,0.3775509271415396,-1.4800381653445036,-0.2976592336506453,0.4428793687390949,-1.6905580857426876,-0.3541629624643452,0.08110875626272053,-0.9832425085741971,-0.16326517996876747,0.11580045110405139,-1.4204869175570278,-0.23945039959300904,0.15322504127579292,-1.682466554373585,-0.31454274054945114,0.18661001397900687,-1.93072331979369,-0.3815292042994016,-0.039317495468769184,-0.9417470009250797,-0.2107469873119081,-0.07111063915054572,-1.362529947431137,-0.2837179541992515,-0.07342918198286683,-1.6360414017934457,-0.3627163552735395,-0.06626786771347047,-1.876142332424908,-0.4270872721106075,-0.15133021965169285,-0.805587278079082,-0.26899619731633295,-0.25184647187708903,-1.1166220666886657,-0.33344243645360605,-0.3079026584724322,-1.3358259296778487,-0.38644407754257415,-0.34563322220006,-1.5514919335036166,-0.43335536503905536,open_palm
0.0,0.0,0.0,0.20025094631603055,-0.10157632177937291,-0.08742762351726856,0.37507815231998587,-0.3032067427047054,-0.17030045152449075,0.519366797699038,-0.45292615735661873,-0.25913184640631676,0.6445965728129504,-0.5365769224430194,-0.355878976095181,0.20310104279151142,-0.9082165392103542,-0.12440931447158522,0.3035554708406457,-1.2670119002466975,-0.2197671754506045,0.3749736819141918,-1.477756412424074,-0.2952653629666283,0.4417080659684493,-1.688582978280496,-0.35244186802277055,0.08065580580126591,-0.983646921414925,-0.161038364936708,0.11377821140186285,-1.4201861342999382,-0.23888203466297903,0.15226667383772377,-1.6811398319551334,-0.3153540544864549,0.18755969531903127,-1.9337382762805326,-0.38330071291806916,-0.03726844265645526,-0.9422463992871912,-0.21052617063119725,-0.0701700646464266,-1.3630346894524732,-0.28560676730705664,-0.07369562362414728,-1.6333195082260006,-0.36522315601423727,-0.0665358056918269,-1.8734860271315361,-0.42970719677283603,-0.14859942422866276,-0.8065106868165095,-0.2706670234517483,-0.24860551774281012,-1.1172107491335705,-0.3371054961389867,-0.30706538040535275,-1.3388651227063133,-0.3911671864393793,-0.3467838021126685,-1.5575466365028392,-0.4385361356293081,open_palm
0.0,0.0,0.0,0.20232979950672259,-0.09864907657811955,-0.0965589338037306,0.3798213157242872,-0.2999667681970825,-0.18199988559953648,0.5234622420392052,-0.45802725762407454,-0.27144738990201234,0.6407856014330441,-0.547734985614422,-0.3682426880582974,0.20737419280793357,-0.9043412360001029,-0.1317413543301436,0.307370622077945,-1.2669402528211169,-0.2278766658344409,0.3802120097640836,-1.4786971659629176,-0.3030095569191656,0.4478728242254064,-1.689516647103303,-0.35941035245539227,0.08374640403347498,-0.9830613049125645,-0.163024509185176,0.11756618880519683,-1.4258177155651495,-0.24153802438355762,0.15653085533969768,-1.6869157380319553,-0.31754493138982826,0.19064743161419037,-1.9398658033691836,-0.3846512269383593,-0.03488436760664291,-0.9472900682090588,-0.20763878361896818,-0.0655157151030711,-1.3713489328608472,-0.28384430405126043,-0.06718790258933419,-1.6423810258156206,-0.3630174739497882,-0.05988984839950957,-1.8821348635245467,-0.4264818594508965,-0.1478223510518803,-0.8190249387599527,-0.263748576892546,-0.24897067976929593,-1.1281025899894825,-0.32993371935798743,-0.31104854226117284,-1.3464276881673714,-0.3831605241630784,-0.35514959259130113,-1.5607328229841786,-0.42944911057492163,open_palm
0.0,0.0,0.0,0.207990761928697,-0.0979973100850001,-0.10046547852421925,0.3893476801038727,-0.3072691909556704,-0.18240765205281229,0.5360264607463947,-0.4701372859528777,-0.26679051586303104,0.662327161235586,-0.5517998573708602,-0.35820039838587653,0.21202822768521887,-0.9016836180271502,-0.130192008718696,0.30899749490425227,-1.269186384004819,-0.22239636073283972,0.37776871516035077,-1.4882258262633823,-0.29543886931402624,0.44204710060110985,-1.707796077754333,-0.35027390774287026,0.08506126140720442,-0.9842329000248718,-0.15508114107281248,0.11376462113218207,-1.4263582737407001,-0.228838022980487,0.14923787081408027,-1.6867915503738888,-0.302576307154135,0.17947815357444077,-1.9397904025031476,-0.36844704159924485,-0.03318024613088387,-0.9521253942758666,-0.19334124414848747,-0.0685471031340629,-1.3714288039402116,-0.26743194095492456,-0.07148161046978026,-1.6389273833379483,-0.3468409339195544,-0.06583587353041101,-1.873766663005038,-0.4100570975839989,-0.14442019208028453,-0.8295052089583819,-0.24331054876774397,-0.2474332769320407,-1.1261332434147038,-0.30725606362345703,-0.31220522367526016,-1.335052160802917,-0.36041822407268753,-0.3595107242241793,-1.536832591113559,-0.40634353143221674,open_palm
0.0,0.0,0.0,0.21077034859701685,-0.11687700573714398,-0.11085211578236873,0.39369737569574276,-0.33311938875601427,-0.20361846816721685,0.5472249799206409,-0.4969964960741312,-0.29632964304870574,0.6804580317768311,-0.5859910396209458,-0.3960233931336775,0.20717168295918062,-0.9073483397790123,-0.16318706521280252,0.2994126259154859,-1.2905192508929286,-0.2640814663807322,0.36068665447394993,-1.5175160050099652,-0.34019232823174994,0.41645965550534697,-1.745568625890799,-0.3982271021102223,0.07218827592252246,-0.9794658932341741,-0.18824291968176346,0.09716666443849052,-1.4327357128527545,-0.27474466451768215,0.12560227365757412,-1.7018081414036328,-0.3526256589887955,0.15153577789672237,-1.9670624368648881,-0.4222634218003563,-0.05019534886912247,-0.9321467639490469,-0.22590401848966576,-0.09531317664090562,-1.3532410708695952,-0.31111692919538547,-0.10785310883301348,-1.6294461657168395,-0.39416345954752263,-0.107977779185432,-1.878062767751259,-0.46025658226640864,-0.16441451523261222,-0.793218637854467,-0.2749776707141355,-0.27618500676720315,-1.0926653306685794,-0.3476391814191671,-0.34923282471250516,-1.303117997669898,-0.4052216369696057,-0.4020730696047401,-1.5071957021155682,-0.4548557880459373,open_palm
0.0,0.0,0.0,0.20616395034772048,-0.13967241684281742,-0.10547409156239185,0.3810618649733941,-0.3613046130196264,-0.19829361812419988,0.5276345793164549,-0.5128581786897187,-0.292442087856449,0.6624303360093207,-0.6106374544118935,-0.3943259631597783,0.19193613205485166,-0.9272489857586309,-0.15904213280596424,0.27520816769108003,-1.2997306678331442,-0.2627210859314548,0.3302649168432436,-1.517429252411639,-0.34163862596025135,0.3790928885247146,-1.734806334196086,-0.40101676831462874,0.05527184078666551,-0.9806154895939813,-0.18798474721213268,0.0678075391108605,-1.4042438903694288,-0.2804516418924223,0.08756972435899751,-1.6623055054869806,-0.35909397809482646,0.10475475662860634,-1.9162667636565358,-0.42772762201430026,-0.06899429240434204,-0.9189646031901338,-0.22904594990357047,-0.12072639581513925,-1.3149595502194333,-0.3202865386027725,-0.13644308234866623,-1.5645392536619411,-0.39927371208159185,-0.14038182457312445,-1.7985208669675596,-0.4610924784928268,-0.18261615233234865,-0.7701421092828923,-0.28121704251382085,-0.2932028522325804,-1.0324990451419165,-0.356373019585433,-0.3649810026495249,-1.2186352016726563,-0.4093349439495556,-0.4178434224662187,-1.4099660185083935,-0.4549419924037753,open_palm
0.0,0.0,0.0,0.2029958313258576,-0.16969399281745834,-0.10835824178647752,0.3736274629646116,-0.393661811267833,-0.21269657864615873,0.52112657354369,-0.5543326658468702,-0.319836161042538,0.6501068218214082,-0.6682793722790465,-0.43344208135660445,0.17512337752707033,-0.9419170709871599,-0.16819398281705292,0.24323917059647832,-1.3292115613756226,-0.28133027840171654,0.2968804369315607,-1.5481087955955701,-0.36665109958689424,0.3487746819279375,-1.7697780113076076,-0.4299655822385345,0.04317935799836034,-0.9782962678595746,-0.20266212111511211,0.04130427858807811,-1.4220701165502416,-0.3034735459026557,0.05975375958130839,-1.6889974533683598,-0.39006468928161087,0.0799246899453908,-1.959333939877585,-0.4645158382705732,-0.07952991030213286,-0.9033644550795055,-0.25015723188000644,-0.1546131725662338,-1.320910286090213,-0.3434615124012818,-0.18793860071939703,-1.5890288999689186,-0.42784152304822115,-0.20415975232781053,-1.8365775418456411,-0.4951718205934465,-0.19397873917285943,-0.7448541344356269,-0.3089335822830379,-0.32422281753623716,-1.038382958603751,-0.38432009042174275,-0.41142778725983126,-1.2471152364857718,-0.44052239429316226,-0.4754051835316121,-1.4573904555444426,-0.49047891846963126,open_palm
0.0,0.0,0.0,0.19937643158820464,-0.16237908599851764,-0.10944134720015011,0.374533703089225,-0.40701189362990464,-0.2077099471278647,0.5212793370900839,-0.5981138974698501,-0.30678756701625715,0.6481999243277768,-0.7224549965109506,-0.40974912999071317,0.1570709421828166,-0.9449080500717355,-0.1616874943752435,0.21649096604137794,-1.3475320089099159,-0.2630280630111169,0.2639103187470138,-1.5755344632616741,-0.3383669036981495,0.30552185109669927,-1.796525852611296,-0.39471703061830926,0.01718857876875486,-0.9821334129246372,-0.18739928488901436,0.011276409867401858,-1.420561966404023,-0.27648855952630863,0.01892464827130524,-1.680304325723351,-0.3526729764900891,0.021248070629508897,-1.9407529010910274,-0.41873085257867354,-0.1076987809846496,-0.9068867353443169,-0.22534056065344776,-0.18100481099314358,-1.2902565241888684,-0.30602689652257514,-0.21784936049849113,-1.5420191619431463,-0.3794794460111738,-0.24264086843432986,-1.7668872370551854,-0.43817425238278535,-0.21884734057181354,-0.7485570397966131,-0.27539383148302415,-0.3521620222297575,-1.0156069355962276,-0.3384014250214406,-0.4435159373555178,-1.2099755196525868,-0.3871136846454755,-0.5151931885650993,-1.4034306616489098,-0.43024337064443685,open_palm
0.0,0.0,0.0,0.20682326160290257,-0.17546049830577798,-0.09788393231495691,0.38003009049867226,-0.42524864528054707,-0.1841470849443746,0.5171518685202279,-0.6223066285768557,-0.27332662879466024,0.6323313786341004,-0.7403468147416526,-0.3679750680704638,0.1580680282318543,-0.9439552803248445,-0.1376489855209147,0.21815588688208254,-1.3461128072078008,-0.2290285353055059,0.2578277415700273,-1.585077935353058,-0.2990027345081095,0.2892605818967781,-1.8163868777285452,-0.35186307634328845,0.009584336074416404,-0.9861483355232794,-0.1655885891197756,-0.003195532207919483,-1.4309956487515596,-0.2438196536520245,-0.001973361291502052,-1.6980929203288313,-0.3158391831572722,-0.003271604607542142,-1.9477974269779168,-0.38011556945661795,-0.12049347191024914,-0.9179768507079857,-0.20531190816205167,-0.19359973594085475,-1.3156168171565055,-0.2830544114675901,-0.216193828337294,-1.5624846292346513,-0.3567971921365109,-0.22507631298315084,-1.771102079022451,-0.41555511063752293,-0.23556594992697813,-0.769245284400873,-0.25649821492414016,-0.3736106217889166,-1.0254872014645557,-0.31873241603297087,-0.46517505748144056,-1.2076163203315662,-0.3672637813055169,-0.5341228935688519,-1.3829463947687408,-0.4101238214160174,open_palm
0.0,0.0,0.0,0.20539413709693194,-0.18061856175416474,-0.07886813804365937,0.3742288095930751,-0.4264624141660476,-0.15207916066355534,0.5079727658470479,-0.6183572979818243,-0.23181365677291824,0.6186884758910847,-0.740997543766552,-0.3165931189682759,0.15506846211702877,-0.9488137644028402,-0.09913852176646155,0.21819538861905508,-1.3330633452941947,-0.17559067332173312,0.2590176427579357,-1.5665186835549278,-0.23625017183901806,0.29315851092224454,-1.793228899349632,-0.28337662365803923,0.013814739227473385,-0.9911318888115979,-0.13216168870300854,0.002269910244401769,-1.426189236655476,-0.19323649148643965,0.006079667000507402,-1.6857072786761316,-0.2548970912290669,0.007145073793123748,-1.9286654565940748,-0.31246010293235776,-0.11216944448749458,-0.9226289151782857,-0.17703606535587957,-0.1856094777455794,-1.309550391784481,-0.24115407977047557,-0.2156989135516755,-1.56103715156164,-0.3086709782016025,-0.23266318472404662,-1.7819047264874424,-0.36406111314121714,-0.22509820562625923,-0.7702801027127066,-0.2322607324208246,-0.3674268279773717,-1.020508599535407,-0.28364314486813863,-0.45669191527100045,-1.1877840527260908,-0.3259557964626604,-0.5241893440444023,-1.3510720037779567,-0.36455194708701993,open_palm
0.0,0.0,0.0,0.20208290958704375,-0.17372912005068356,-0.08745837659830208,0.36543541399902063,-0.42126342100067804,-0.16871422381463128,0.49699922629866317,-0.6070175449914363,-0.256299285409895,0.6172423986410808,-0.7166354160828178,-0.35008449134402525,0.14929661702163055,-0.9525339771991371,-0.11152301989651406,0.20880330716992807,-1.3287278152799358,-0.19629566549068855,0.2466622826430933,-1.561278293057721,-0.2645311715813248,0.27912894961412893,-1.7901139865822242,-0.31696013186156685,0.008210549240194508,-0.9893757451321676,-0.14514889536383677,-0.0011145235667345335,-1.4175222148972855,-0.21198848791011923,0.002382182534197198,-1.6786831139912544,-0.2802042266828521,0.0032394857161085664,-1.9317002705124833,-0.3430326600959518,-0.11814607082969089,-0.9205260297244533,-0.19183424805802346,-0.19010538645026975,-1.3213557338616653,-0.26021596117803825,-0.2230382285809848,-1.5796642531275935,-0.33433077283234497,-0.2425030035142833,-1.8113201494068265,-0.3955089540282449,-0.23182492401495006,-0.7677310388877256,-0.24951789363392746,-0.3703810694072905,-1.028949228868322,-0.3067282394771358,-0.46051071946622324,-1.2063650763339737,-0.3541054728231389,-0.5294903203771817,-1.3887166710237353,-0.397313347179714,open_palm
0.0,0.0,0.0,0.2073236682706913,-0.1644711456397406,-0.08522444798899977,0.3765904097137145,-0.41078151206777663,-0.1654471323132928,0.5123931012599053,-0.5946413745392543,-0.25235372652573296,0.635097711249959,-0.6979299128617708,-0.34528333046620185,0.1691534142661371,-0.9467164781047679,-0.10961243203092755,0.23219331723834533,-1.318582903067491,-0.19257911168547626,0.2695432192564231,-1.5517089225107774,-0.2592868585071876,0.3003702629821265,-1.7794267932205432,-0.31078812537950845,0.02960985122844133,-0.9891899408682031,-0.1436192800267077,0.029133193214624948,-1.421570049716996,-0.20896605049548225,0.03386147658267072,-1.6838922761930895,-0.27594236318724497,0.03321375314926144,-1.937051316547047,-0.3378698524528898,-0.09766301634022763,-0.9271364728141145,-0.1901449220826367,-0.16142342614824173,-1.3292025388042976,-0.2560086501001121,-0.188204298875743,-1.58101523275768,-0.3275804042385667,-0.2049747671380428,-1.8069671534248657,-0.3870360665781862,-0.21455912003565805,-0.7816982357490255,-0.2476492320952487,-0.3497083240937531,-1.0504567620013545,-0.30314183817436946,-0.4381422096183978,-1.2312939151169222,-0.3489535922877976,-0.5072235257728986,-1.4170973386719963,-0.390802290140727,open_palm
0.0,0.0,0.0,0.2158659321475738,-0.15858199635090017,-0.08886036567912926,0.3977920163803407,-0.39410861136675607,-0.16825574526066395,0.5441180766619734,-0.5751511422863225,-0.25328716179307503,0.6701450155522375,-0.6839864334956479,-0.3435234591959479,0.18594060060476852,-0.9367725106291617,-0.10465770799987537,0.25690703268662757,-1.3191892251329305,-0.18373412016695975,0.29728777786290134,-1.55054033820092,-0.24714997984040887,0.32943015007747195,-1.7771245877764903,-0.2960048514277778,0.045277144071005915,-0.9900029121822717,-0.13358216233986567,0.05244296783282508,-1.4189902574261262,-0.1944616760834373,0.05986805896285574,-1.6756154179323022,-0.2579358660006445,0.059333307730694985,-1.9252880261660525,-0.3166045676810404,-0.08336183001446658,-0.9385974069494627,-0.1754828231495634,-0.1381776151599276,-1.3366473147529223,-0.23829881990342175,-0.1587299104483826,-1.5864550604511494,-0.30633087708162143,-0.1722860163486096,-1.8130242729124908,-0.36241196659220704,-0.20189999117325916,-0.80868086784527,-0.22874428174905467,-0.3246935573770961,-1.080452628497226,-0.2793517388280055,-0.4080383846414866,-1.2607250232919607,-0.32167794751334167,-0.4747195831543237,-1.4450325736350902,-0.3604244630464678,open_palm
0.0,0.0,0.0,0.21884601490795874,-0.15229501684635602,-0.09135891197815657,0.4065841949249485,-0.389292367779652,-0.16678967954615004,0.5575987250216698,-0.5744893091845453,-0.2463661370119167,0.685264007654442,-0.6769925115014997,-0.33060517230915665,0.19074026295417554,-0.9284619808012536,-0.10139451738118709,0.26539575440490526,-1.3071386651767345,-0.1786257401095652,0.3093964208370581,-1.5367897787376101,-0.24058483156568278,0.3456824322794662,-1.7637309650276896,-0.2879558993820587,0.048918025127989304,-0.9907579785159056,-0.12651337804617013,0.06252260182113517,-1.4213247223595098,-0.18589834354366488,0.07684348549945852,-1.6795297384024825,-0.2490849896085699,0.08409799035612546,-1.9292268363275875,-0.3071907699664506,-0.0798132389229846,-0.9450121133678238,-0.16492825325350416,-0.13611409525940904,-1.3412037580350296,-0.22741082746742752,-0.15678961260742694,-1.5901141380709727,-0.29529318663605075,-0.16698679739918648,-1.811094000050794,-0.3501389669320463,-0.1979268361640415,-0.8183960523746997,-0.21491777614692653,-0.31620832870149945,-1.093237578304482,-0.26538613037629794,-0.3966344400000061,-1.27392723015153,-0.30774364431815554,-0.4591764791974528,-1.453664847240485,-0.34551745799580147,open_palm
0.0,0.0,0.0,0.21347262016558755,-0.15347430202535822,-0.10328239878221276,0.406451344618599,-0.39945264431379895,-0.1851908411128581,0.5727493387681999,-0.5800552474113033,-0.26812875506376666,0.7188920333686425,-0.6820340950328687,-0.35555360765820193,0.18861101050144152,-0.9250694363690554,-0.11906769159726309,0.26656551869377726,-1.2960813761731278,-0.198065673322472,0.3134472570666688,-1.5232146644370144,-0.2612140907563616,0.352126964389451,-1.7479520807751652,-0.309369022307179,0.049789133761031584,-0.989303639595376,-0.13711065182059345,0.07227939323781309,-1.4046001714180614,-0.19929389363222677,0.09205274219011504,-1.6541658478561747,-0.2635024348593426,0.10547348960019846,-1.8948762341339935,-0.3218472521812605,-0.08121070078705575,-0.9461398871941945,-0.16789066886650358,-0.1360196305664015,-1.3300743907716188,-0.23215139235287166,-0.1575403005080199,-1.571222539122825,-0.29923847914293533,-0.16822412765511346,-1.7854103112662447,-0.3532615117292503,-0.2030744222270312,-0.8240318311530971,-0.21075056014666918,-0.3144801126868271,-1.0948357851937562,-0.2611146060637933,-0.39086179658008985,-1.275006021000315,-0.30232027313436527,-0.4527411772707072,-1.4535288864231546,-0.3392935862491712,open_palm
0.0,0.0,0.0,0.2155874801067353,-0.15934260822933144,-0.10096574467155993,0.4110967661590922,-0.4065551710258142,-0.18502048016036513,0.5768373893965602,-0.589737954160023,-0.2710874912145669,0.7203657466005734,-0.6932187566275869,-0.36134933757185395,0.192695640520522,-0.9269660716337317,-0.12169301280076399,0.26710259430591954,-1.302053352874685,-0.204237276146692,0.31085732242261205,-1.529779661834754,-0.2691593624570569,0.34579146718905307,-1.7548070203968205,-0.31871826029142536,0.052521871741044016,-0.9882314445609778,-0.14366643647609553,0.0743965003106785,-1.4032645789759273,-0.2097529250773236,0.09134353675063679,-1.6573515226004505,-0.2755093842927101,0.10013373663698517,-1.9087161664768972,-0.3352046843955774,-0.07793172868619866,-0.9428530085019557,-0.1782594389338046,-0.1287548619373974,-1.3259540016192912,-0.24458993557049968,-0.14738432163095738,-1.5678049088451969,-0.31077364392901463,-0.15791517160205232,-1.786088603861223,-0.3645376473611397,-0.19892512988482483,-0.8193441300410491,-0.22489510071983362,-0.31268067219286894,-1.0908984391368688,-0.27590378314729397,-0.3927805687710125,-1.2699413531942894,-0.31641725022892797,-0.4581864457992124,-1.45025734415884,-0.35323372874096776,open_palm
0.0,0.0,0.0,0.20959051893977634,-0.1587491468859141,-0.09821383813448856,0.4041428410740945,-0.4214715547973304,-0.18303176572416713,0.5766907767050186,-0.5979472513008047,-0.2709630405591833,0.7278185035578183,-0.6745484241107084,-0.3643618186201152,0.18623828595750555,-0.933047214345505,-0.12397613454005171,0.257040645833926,-1.2967865662197289,-0.20832426834086681,0.29889131815049413,-1.520446187001716,-0.27447194825369303,0.3307546946874788,-1.737642271259999,-0.3251386737753484,0.04808558777037288,-0.98739932913029,-0.1507657821981844,0.06519928416031727,-1.4163724149150898,-0.21760820689694788,0.07738157709559665,-1.678163896620648,-0.2851403606154532,0.08124699566441153,-1.931561872839137,-0.3475051741308949,-0.08028543658403363,-0.9331507593334987,-0.19034261196118019,-0.13334754523767775,-1.336356117004953,-0.2572363809787778,-0.15328798065241112,-1.5964360724817432,-0.32773571517554256,-0.16568597600124313,-1.8269136120195013,-0.3859820463672495,-0.20002219867399454,-0.7970789435043302,-0.2416010877917027,-0.31621088115881757,-1.0810073258094486,-0.29574471797282614,-0.3976511673253916,-1.2700099106193992,-0.3396934485881832,-0.46485886213893796,-1.459465137744541,-0.3800523341696437,open_palm
0.0,0.0,0.0,0.2151779232744726,-0.15475614979631624,-0.0949126954758732,0.4002477365015683,-0.4008741477610475,-0.17529787230058047,0.5518755354220115,-0.5842156743811994,-0.25962676947495555,0.6918843025811684,-0.6748752476600177,-0.34859281885137594,0.19181680075291832,-0.9270161157762108,-0.11260301774058791,0.266145508760287,-1.3092440948808346,-0.19307109727741664,0.30671597398738926,-1.5445083281397582,-0.2566287909300168,0.3383876744061461,-1.773071209064241,-0.30540730114035214,0.04954255837715508,-0.989162275417603,-0.13821543980364762,0.06590930773071695,-1.4231881469623477,-0.20151476562726303,0.07882036147022495,-1.6883380674662083,-0.2661345622903947,0.08307818333279625,-1.9457080654393175,-0.32543837109079105,-0.08062928975082853,-0.944832952589255,-0.17666881731945375,-0.13539327460857653,-1.3451963372467612,-0.24193455183837664,-0.15884030440279573,-1.6061803888484627,-0.3116625158479352,-0.1738207385514987,-1.8351787543129259,-0.3682193152782193,-0.20190778493611114,-0.8170037109522006,-0.2266185576419338,-0.32380177013849115,-1.0946959957540856,-0.27795532012469554,-0.4077779818794714,-1.277165480672257,-0.32020034334666636,-0.4754925124692694,-1.4556589507857485,-0.35857897860992083,open_palm
0.0,0.0,0.0,0.21433925733363982,-0.14766529543650475,-0.08375861288632827,0.3973619265524972,-0.3950303712579002,-0.1549332878064503,0.5442982127950999,-0.5776806914480213,-0.23241940831563115,0.6810833288875792,-0.6652040120218892,-0.31426397832317365,0.19816498983282754,-0.9269410377139397,-0.0834687433036121,0.2751991165596471,-1.2823115782943681,-0.15382900575014652,0.3157431335543353,-1.5039758234029712,-0.21110178460333429,0.3466744412134387,-1.7158180792443627,-0.2559028796438144,0.0588330482207616,-0.9919056741540798,-0.11252460183441546,0.08038174987664562,-1.418062655651529,-0.16452516185579338,0.09386751666563013,-1.6748174687777668,-0.22407483457663896,0.09969112773892166,-1.923060265202907,-0.28027201109154964,-0.07114557326674896,-0.9494639702555313,-0.1553303230243044,-0.12051348255350901,-1.3475975987276463,-0.21127536048483522,-0.14027836042144406,-1.596995856183737,-0.27695074998672325,-0.15146894155410853,-1.8211899067720534,-0.33143829202156866,-0.19455992669441538,-0.8218229894400023,-0.20933253244170166,-0.31469892082870127,-1.1020401652416199,-0.25670981019344946,-0.393894735245461,-1.2800225255574436,-0.29727686129237946,-0.45656185647075065,-1.4601664309371745,-0.3342457428444663,open_palm
0.0,0.0,0.0,0.21396603684970747,-0.14689915954735772,-0.08356571764210757,0.3993534312031052,-0.3959119150920279,-0.15250903832625548,0.5465120209916323,-0.5828970177710513,-0.22707527194456562,0.6753134630591827,-0.6724246543788177,-0.30567693870975643,0.20158438822953728,-0.9276421795544815,-0.08335911416743025,0.2790915363925216,-1.284590773484101,-0.15252459090448867,0.32122947440550437,-1.5057893737518828,-0.2080633559527376,0.35441347640530874,-1.7174875705159773,-0.25135036477242956,0.06217145512396227,-0.9919137527349634,-0.11064265589279099,0.081580221858249,-1.4105084177323586,-0.16230351083008007,0.09523434555709852,-1.6624979083875278,-0.21970668255729242,0.10119225937187765,-1.908428228016441,-0.27348321994740304,-0.06851548887494234,-0.9482753927367932,-0.15151269241962978,-0.1158254864153143,-1.3409444298142075,-0.20857985282136263,-0.1334361576533638,-1.5896865988609816,-0.27287172944364163,-0.14321055125869442,-1.8166130860569667,-0.32517084280999553,-0.19323194463411322,-0.821200334125419,-0.20347886715833172,-0.30974056268483846,-1.1036801580481956,-0.2508005173143101,-0.3892317281987461,-1.28549320119983,-0.29042874665039986,-0.45312810133838277,-1.4704256471856962,-0.32604445807455934,open_palm
0.0,0.0,0.0,0.21307866420043653,-0.15583467456776354,-0.07979090993872294,0.39770016021017873,-0.3997114133179129,-0.14916303012861862,0.5406854401875018,-0.5836532060613295,-0.22354604971106348,0.6594382316673982,-0.6674329131951733,-0.3026184717795397,0.1945924917443704,-0.9305522988201906,-0.101547469750383,0.277924886517477,-1.3067221640129616,-0.17690258162405875,0.3230649077314761,-1.5364401492547943,-0.23530268296172385,0.35793865228367283,-1.7563229283281252,-0.2801553317159779,0.05030295204011064,-0.9901599523121852,-0.13058660671439837,0.06500108663445835,-1.4112778636230345,-0.1904491489312653,0.07509295208024197,-1.6632083967440705,-0.2483339959103997,0.07676369254858012,-1.9079224415323568,-0.3017407263243699,-0.08091306474603058,-0.9398150735910173,-0.17083265581697188,-0.1339203349290516,-1.3290222480032907,-0.23315396416491613,-0.15656371722790072,-1.5783053567321759,-0.29621537522371516,-0.17098451249282373,-1.8043425759809404,-0.34722066999362805,-0.20271691935271402,-0.8071764297475229,-0.22149069804465005,-0.3187706807395631,-1.0822337767972994,-0.2708275658680394,-0.3998689216602625,-1.2644387284490897,-0.30998968278551503,-0.4658617773250626,-1.4485871328550126,-0.34516475175044375,open_palm
0.0,0.0,0.0,0.20674364345417306,-0.1545399007709189,-0.07757375318519676,0.38431074656199177,-0.39960013917357756,-0.14258204741783312,0.5232495925492258,-0.587914372491481,-0.21280959075915928,0.6422533346082437,-0.6693398498246104,-0.28766427675966566,0.1833484035145867,-0.9320328195702834,-0.09167052356270013,0.26635859420153574,-1.310273905398051,-0.1614569643943219,0.31136714067888277,-1.5435640814026115,-0.21746199665817154,0.34627480729878174,-1.7671252674735005,-0.2613454774590899,0.040668483953553436,-0.9920781027711325,-0.11885744576991934,0.05326237931063998,-1.4138460948013514,-0.17315561791367556,0.060424689848704076,-1.6654852519945427,-0.22999023812838598,0.05812880043802049,-1.9080473071497588,-0.2831221083172155,-0.08856678802329968,-0.9408303934315947,-0.15707729813054033,-0.1432431570921297,-1.3256132842247583,-0.21723597816104043,-0.16811735947365872,-1.56990352820464,-0.28201115998819676,-0.18643279728108994,-1.791821464432949,-0.33384888518836003,-0.20894148659515935,-0.8058469416134442,-0.2053434401399902,-0.3282529915256612,-1.0707297210012452,-0.2538662430420719,-0.4111319214183919,-1.2402906673341527,-0.29369517938536044,-0.48041330886123645,-1.4124693128273489,-0.32906791981784533,open_palm
0.0,0.0,0.0,0.20233929580805254,-0.15910724069832452,-0.07217508882483784,0.3761048190862022,-0.41010646999947503,-0.13273216287467682,0.5158593054814055,-0.5982341996259505,-0.19997978959577137,0.6354939901112155,-0.6795849079113133,-0.2712302884405557,0.18354551781769576,-0.9394957901615739,-0.07239175603567925,0.2642255474581338,-1.3032178202663487,-0.13370119454572513,0.30364810697531525,-1.5281504461052737,-0.18462213611224057,0.3328578951136243,-1.7418772463877368,-0.22524187141482385,0.0446607669688213,-0.9939080220393481,-0.10075832283035899,0.05636451356997115,-1.4145274285864786,-0.1459984527168686,0.05815063571981997,-1.6633164943553786,-0.1995062860117955,0.051541240322237,-1.899938927236532,-0.25042888870908264,-0.08243418373515922,-0.9413843216043014,-0.14077140852866507,-0.14159497282484682,-1.3253941716246733,-0.19200925435096886,-0.17038332163175304,-1.5594524691073546,-0.2539556668140966,-0.191113397286743,-1.7713446375749207,-0.30437644539019826,-0.20056172325434293,-0.8042735190238173,-0.1908086517573317,-0.3214963646840053,-1.0727878970406224,-0.23451047000272518,-0.4035186344530247,-1.2405486300568251,-0.27279228571553976,-0.47155815590016864,-1.41229682036781,-0.3069280584182386,open_palm
0.0,0.0,0.0,0.19878235439579692,-0.1539575979751387,-0.07806711476739721,0.3715407359740462,-0.4025595358153072,-0.13981861572011176,0.5126119527085015,-0.5898861706027577,-0.20798494128559863,0.637051942290556,-0.6701978509404053,-0.2803062468857256,0.1753588557408469,-0.938361478806869,-0.068281994868894,0.25538508031924845,-1.3005810184164621,-0.12963646439607623,0.2951667695464892,-1.525560009291974,-0.18131836862820333,0.3243662986649853,-1.737846877131795,-0.22233066875520596,0.03848652640010414,-0.9947727269385666,-0.09458323860421362,0.054952597006083896,-1.413241879990207,-0.13850330648204437,0.05944982274038474,-1.6619860823077917,-0.1932521223677898,0.05531432876853065,-1.8984192635643673,-0.2449852672989082,-0.0861536529351879,-0.9421691620577967,-0.1340673541045071,-0.14149212495868074,-1.3296558923413913,-0.18587632322167508,-0.17051495881581225,-1.5690126781192049,-0.2503699777691178,-0.19125174415752252,-1.7839469627651487,-0.30219843294907184,-0.20228048497273707,-0.8036956854129201,-0.18426172566849555,-0.32150794117443254,-1.074466970176183,-0.22880082938397006,-0.40601730406005526,-1.2438442765748712,-0.26829643725898616,-0.47596779763115993,-1.4144139168510586,-0.30296172589362036,open_palm
0.0,0.0,0.0,0.19307886494116577,-0.165399092528632,-0.0767881632951145,0.36174839294948075,-0.41711138769935885,-0.14140682262430962,0.5021814985149355,-0.6012407747157656,-0.2121323791784866,0.6294575232630817,-0.6743042147767087,-0.2863682808485321,0.16712936968320014,-0.940247915999153,-0.07814204899073415,0.2441347684262402,-1.3070760901299059,-0.1418160932653256,0.28358036954511,-1.5339699991746425,-0.19411313051148535,0.31274873789301477,-1.7486663727056038,-0.23536191175685958,0.030910533756889173,-0.9940171387275283,-0.10475899397570342,0.04290391763893943,-1.4149755655560745,-0.14946696587750177,0.04565816977391728,-1.6638675938143572,-0.2024207709044174,0.04059218829188947,-1.9036281373037949,-0.25347483287557254,-0.09417520832167775,-0.941992459059021,-0.14350173119007484,-0.15749983698521033,-1.330009605173308,-0.19246857699538145,-0.1915526927977173,-1.5689402086426554,-0.2530362495288137,-0.215964966828718,-1.7838469343458803,-0.30365732262587714,-0.21112556148968722,-0.8052503068353553,-0.19281338299406617,-0.3389574437178657,-1.0752412360672399,-0.23302374852646016,-0.42554251442125446,-1.242089763222577,-0.2690572108350627,-0.4974063596806624,-1.4122739014641625,-0.302637520189664,open_palm
0.0,0.0,0.0,0.19713909715024613,-0.1637789311408965,-0.0787083798383138,0.37029426247810177,-0.41288877267777097,-0.14799545690785756,0.5116590965403034,-0.5993736835066513,-0.22261452050574762,0.6405807620393137,-0.6818926092813146,-0.3010281051326239,0.17816305310433256,-0.9382026615241497,-0.0942379443663371,0.25463695625324484,-1.3099390012190926,-0.16255967364458454,0.29242473082970755,-1.5410556648753537,-0.21639286556180293,0.3204903083588792,-1.7606569095015632,-0.2590119191506653,0.03789588797031631,-0.9918570541444739,-0.12158727654975657,0.051109982760268395,-1.4162193195252684,-0.17185690732544656,0.053920365701674154,-1.6700010729236026,-0.22554618359202308,0.04845995624268786,-1.9159434511158424,-0.27745827822904445,-0.09212123236994671,-0.9382237660123616,-0.16006816632975668,-0.15225776490646564,-1.3313159634485134,-0.21425947503132187,-0.1849261936280818,-1.576062734696959,-0.275107365434459,-0.20917892502577926,-1.7984102008517509,-0.32606014802248784,-0.2147547025464422,-0.7986245485086076,-0.2087087590904109,-0.3426581707056904,-1.0705366589609326,-0.25295992450648713,-0.4284545339940307,-1.2407811950283762,-0.28985443277608486,-0.499864396353188,-1.4172174487579365,-0.324185240364371,open_palm
0.0,0.0,0.0,0.20254255673000462,-0.16190748698630184,-0.08243826131682346,0.3806626173973699,-0.4086132647833173,-0.1532966609055023,0.5271602092629648,-0.5952533973007511,-0.22909409850171034,0.6582157269357479,-0.6823435951999681,-0.30901505940787255,0.18454584278938604,-0.9351357605526277,-0.0975377466971307,0.26028051936444857,-1.3161290652380402,-0.16645394999562207,0.2977256019749332,-1.5525325238120267,-0.22191331490042973,0.3245561337186421,-1.7752542927259964,-0.2660685858437438,0.04167724578041601,-0.9914180933959756,-0.12390783377675114,0.053528987325293695,-1.4204501151617799,-0.17456035514156612,0.056932113489041654,-1.6790558084675002,-0.23107034308951482,0.05231952743579964,-1.9246709996531506,-0.28546946672117296,-0.09100568114190505,-0.9412696595617913,-0.16153330847968267,-0.15250324780798763,-1.336778281163396,-0.2156962235254418,-0.1845554018666878,-1.5861775419399171,-0.279884599468716,-0.20726327392995178,-1.809174252631724,-0.3338438635780002,-0.21562599958186018,-0.8051008873315469,-0.2095899843216389,-0.34361953657737165,-1.0784301150788436,-0.25460796199143493,-0.42698245148354935,-1.2504027425978956,-0.2940396290827458,-0.4951260139658291,-1.4253324375547243,-0.3305566057349123,open_palm
0.0,0.0,0.0,0.20312465688199022,-0.16639931702215677,-0.07909071892903521,0.3807108590341968,-0.41059220985960904,-0.14786459682653597,0.5245708819786562,-0.596315357149126,-0.22183686360420002,0.6504060158006363,-0.6826209719053399,-0.2995487295688589,0.18690397737133185,-0.9393744105263448,-0.09433798746942257,0.2633709312225323,-1.3209978949480794,-0.16161224997227466,0.3005888213350721,-1.5538922442158138,-0.21555811035199213,0.3259441711864055,-1.7703835572246884,-0.2583731603017315,0.04258824958893147,-0.9916782535943244,-0.12149264317258504,0.05448562466485834,-1.4182030193024335,-0.1710491649335584,0.05720713547827283,-1.6724196417652537,-0.22629635112332555,0.05159456883375707,-1.9130927688135746,-0.279246204661344,-0.09135479256506837,-0.9396499094905507,-0.15952652128565056,-0.1490756129755828,-1.332951613583386,-0.21152980302608176,-0.18029078651873673,-1.58237403037785,-0.2738622151869776,-0.20275133988772373,-1.8030722668095913,-0.32645425205432654,-0.2179338484034292,-0.8033396429541932,-0.20783527868659085,-0.34249075493679854,-1.0794292559916672,-0.25118987082030386,-0.4236698305405941,-1.25705239707492,-0.28973283987830023,-0.48975011807936497,-1.4379232650854996,-0.32549835200769667,open_palm
0.0,0.0,0.0,0.21154456434443505,-0.17439954619325593,-0.07375950123320117,0.3924453288055544,-0.4252265066276446,-0.13891446468861368,0.5379155104838712,-0.6171496411469687,-0.21053218760665207,0.6682659935315832,-0.7145525966865459,-0.28571628974042795,0.18479503424985788,-0.9410304868313865,-0.08156823776684795,0.2570689438752676,-1.3244025966924822,-0.14493106029560712,0.2931970922125339,-1.5602464052154321,-0.1964847932353515,0.31766602326778604,-1.778377981438449,-0.23773367529070327,0.0386487933570949,-0.9931286685276429,-0.11046129874553927,0.05173294471491593,-1.423859407703781,-0.1563940322249573,0.05496288180650253,-1.682731037101292,-0.20997670758090645,0.04968645887264011,-1.926746652282773,-0.26165396292614196,-0.09571095350863293,-0.9428652001143037,-0.15032756415705967,-0.15210229198111747,-1.3310817057642013,-0.19843243797829854,-0.18446242757750983,-1.5796012769339836,-0.2578717207749542,-0.2077440603441803,-1.7996236497834992,-0.30852628939750076,-0.22133101509966435,-0.8073480042767436,-0.20054374411478826,-0.3438907569510396,-1.0808038058984628,-0.24093024047536557,-0.4258131105915845,-1.2595668216218419,-0.27740948908340063,-0.4926127760348624,-1.439624111135443,-0.3113989616855121,open_palm
0.0,0.0,0.0,0.21374899066686087,-0.1728709040283512,-0.07716039780643627,0.3983429886623268,-0.42263646116971637,-0.1439533879199643,0.5470264055383474,-0.6158366724864333,-0.2163418571359064,0.6735391403858313,-0.7191548598345388,-0.2917265295781278,0.18305189497216326,-0.9394992873925222,-0.08416905332677037,0.25631258040091087,-1.328886904727158,-0.148158355731409,0.29560235937153295,-1.5673129953090381,-0.19992768015739626,0.32407537332967684,-1.7915335967708599,-0.24101545948818784,0.03760933813693865,-0.9931316507383997,-0.11079278851316214,0.047566208942176405,-1.429211638577584,-0.15584566497936492,0.05033250494416749,-1.6911006685783831,-0.20806970707664932,0.044302936887523035,-1.9392104519074767,-0.2590368815959866,-0.09570808909860795,-0.943634695123997,-0.14877389225778778,-0.1549085263020285,-1.3353221440407907,-0.1960080168221508,-0.18987080771398718,-1.5859299695140217,-0.2538067137173922,-0.2151473714739895,-1.8072227428000542,-0.30336356509367474,-0.2196663605925312,-0.8095197315431749,-0.19745478825057539,-0.3475257031145163,-1.0830349362068101,-0.23633183180789052,-0.43539522488191196,-1.263564490177923,-0.27130347840428465,-0.5075645556851526,-1.4450367293479176,-0.3042617484087783,open_palm
0.0,0.0,0.0,0.21977812451969098,-0.17371801950253193,-0.0695450898860622,0.4094189262459858,-0.4347385709980322,-0.13296518492800125,0.5611213928641859,-0.6381035763189972,-0.20345780001200398,0.6957165472447866,-0.7457816121015993,-0.2770970822754295,0.19212144137832918,-0.9361239132124213,-0.07804207108753647,0.26308472944528954,-1.333101576039399,-0.1402053901129008,0.3008427511588017,-1.578066658465998,-0.18981204943131022,0.3296293922260946,-1.807821327370043,-0.22974246870199036,0.04438541843195587,-0.9931095306317963,-0.10845909274428353,0.05185254879065307,-1.4329182545043129,-0.15168370423532698,0.05466684489419366,-1.7004951237012826,-0.2015240989632972,0.050025466267407136,-1.9552240997730026,-0.2513107559699952,-0.09169021806234387,-0.9456752914210047,-0.1497143622011104,-0.15094526762329072,-1.3390030286860064,-0.19646398103886134,-0.1842170578029041,-1.5924901966020384,-0.2521077790588057,-0.20741524646331044,-1.8162663354229225,-0.30018452567810733,-0.21824257420819643,-0.8133225537434174,-0.2010393770502715,-0.349805482390379,-1.0896395261760468,-0.2397101958605715,-0.44042455409921205,-1.2720878169182352,-0.27329437741776796,-0.5141831169655195,-1.4543464132788293,-0.3051759774836707,open_palm
0.0,0.0,0.0,0.219487794203614,-0.1778727426469736,-0.0694134778003416,0.40647250980708416,-0.44347061750671085,-0.13529352589174962,0.5583710112408463,-0.6436285247825818,-0.2083464569553061,0.6980017957684218,-0.7475158928469341,-0.2852873091721753,0.19378857206807037,-0.9370715703160453,-0.08864689701041346,0.26278272804242203,-1.3329118159227504,-0.15477590623295404,0.29650139985177254,-1.5797011405037515,-0.20659295486511037,0.3206294144489253,-1.8109746351396239,-0.24810846195591668,0.04584621340212157,-0.9916086087203483,-0.12087378470281347,0.055066861102394116,-1.4369135457166535,-0.1696266254199753,0.05607772282373444,-1.7059091724285127,-0.2216935237747915,0.04861937426977644,-1.9601645763097582,-0.273003553188923,-0.09069018442071712,-0.9434419718336787,-0.1631951443422413,-0.14853918116519116,-1.3435575867143432,-0.21435935588675958,-0.18217863503989212,-1.5950995430785608,-0.27169567974961706,-0.20754556837384044,-1.8178754369398413,-0.3209495972289656,-0.21786327117359133,-0.8110713355199194,-0.21517394995452993,-0.34958341405986554,-1.0917161750054596,-0.2576983416505281,-0.44250016448507,-1.2751811795696992,-0.29298213414630847,-0.5193464150264749,-1.4584298120970665,-0.326284856261778,open_palm
0.0,0.0,0.0,0.2244382392715225,-0.18086537190869528,-0.07028505032713027,0.4135022476726477,-0.4470229320015144,-0.13579393069876616,0.5634147925207394,-0.644485081224177,-0.207860923421096,0.7003562511971905,-0.7489063776093458,-0.28358784001964266,0.20514441389552995,-0.936841629825864,-0.09204809508286414,0.27357787749486145,-1.336312609319902,-0.15742146318256817,0.3045760148237582,-1.5842143927168633,-0.2075100297454782,0.3256675533588545,-1.8148837070415256,-0.24749703725749195,0.05486564728201846,-0.991015404095583,-0.12197626651768453,0.0644889916730712,-1.437207097048444,-0.1709128347286147,0.06502740985158292,-1.7091187568269266,-0.22069720937036671,0.057164469396797105,-1.9658218641621397,-0.2701124270805672,-0.08343655441334359,-0.9434694523721991,-0.16159319306436434,-0.1387558261856088,-1.34626425747834,-0.21269425062008682,-0.16890376546683508,-1.593181173057089,-0.2666814570336513,-0.19109096890614316,-1.8119649778396156,-0.31313402675981505,-0.21277632416275075,-0.8145544337750859,-0.21098454896100807,-0.34332755655577973,-1.0934820972563863,-0.2519522498327352,-0.435674557861581,-1.2785788916292193,-0.2851469133012086,-0.5119362726004096,-1.4637975280094975,-0.3166686190421851,open_palm
0.0,0.0,0.0,0.22915594300258366,-0.17694251431071287,-0.0742743886963942,0.4198726444472646,-0.43945468326609993,-0.14150559498405552,0.5641749966790759,-0.6377381505253502,-0.2146847585465645,0.6925046385383867,-0.7431762434823639,-0.2919780323768816,0.20602684971371096,-0.9344491548910774,-0.09740579446032827,0.2744677735890581,-1.3357173837792116,-0.16595169167542878,0.30873418104062533,-1.5864919504447321,-0.21819129584792257,0.33279338871188835,-1.8209736646503965,-0.2598210364488102,0.053854916857898054,-0.9903825634181307,-0.12744412896465918,0.06270038367113644,-1.445467754174425,-0.1797988683391472,0.06539336401854431,-1.721804007612989,-0.23209357021556606,0.059530360346300035,-1.984846178481715,-0.2834487123889214,-0.08486145101464221,-0.9445538675137364,-0.16756853515418324,-0.14104039445242628,-1.353172510089581,-0.22290207896499054,-0.17283277928914714,-1.601787681028873,-0.27972373847614174,-0.19598666925895872,-1.8248092030985,-0.3277465715161357,-0.21535053202694335,-0.8171130846131873,-0.21771963778894682,-0.3462507124790097,-1.1041980261238673,-0.26356576953816935,-0.43905224746529625,-1.2908888061970907,-0.2992992849941012,-0.5157534733964761,-1.476748398051108,-0.33224458521418604,open_palm
0.0,0.0,0.0,0.22382963447289955,-0.16413893338213048,-0.07931033894218842,0.4098142501638969,-0.40786212148149753,-0.14983631604655667,0.5516746469523028,-0.5885293200578722,-0.22482536725837626,0.6772013509184626,-0.6640100711468143,-0.3046338172988186,0.19993133481442277,-0.9301627452245872,-0.10782359254342018,0.2746480777505078,-1.3249355470119337,-0.1801417960630648,0.31617534405104575,-1.568442394522418,-0.23426513503599208,0.3480253180046378,-1.8010521505584822,-0.2764591665801618,0.04693980576250321,-0.9895240235182823,-0.13652414260916665,0.05787671186820419,-1.4396669464740772,-0.190730540528926,0.06529963054920299,-1.710650650013252,-0.2430118469302993,0.06653388411890303,-1.9704228779595956,-0.29466514243838055,-0.09060087663904534,-0.9402380107772476,-0.17584635994593384,-0.14289337008627315,-1.3554148590069162,-0.23311635309322606,-0.16446121551163825,-1.6195270332315563,-0.29433660681515555,-0.17744662767350153,-1.8580741894341197,-0.34577957720581926,-0.21784198997279483,-0.8036025919160562,-0.22532990951792572,-0.35298189338489355,-1.0960404527975807,-0.27267742576009724,-0.44344054090904306,-1.285966630431816,-0.3120376076460934,-0.5161993777135157,-1.4774342401714358,-0.3485572536124681,open_palm
0.0,0.0,0.0,0.21645772732041643,-0.17653497889310635,-0.06769513346176621,0.4018101932539573,-0.42954261355337314,-0.13073839759968578,0.5509577813416072,-0.5988013856560657,-0.20155578691386533,0.6895928082620557,-0.6522375179464872,-0.27753516702815834,0.19642922357894474,-0.934592622809605,-0.08070553316579339,0.2695310088765648,-1.314950498035869,-0.14508585620702524,0.3114364559678211,-1.5542874421156394,-0.19817116495840978,0.3438885918630254,-1.7816252080056891,-0.2408269890817234,0.049667796754460015,-0.992207321879364,-0.1142703827530885,0.057514711630114214,-1.4349759517957892,-0.15936204056298986,0.06301770500930857,-1.709465806468699,-0.21341680765163487,0.06296475536260711,-1.9682117519914382,-0.26804694162331844,-0.0850030751841754,-0.9460458541566369,-0.15858060487894324,-0.1416375203576378,-1.3539022459031986,-0.20703485442114802,-0.16388819567977175,-1.6182545565668556,-0.2703873502791394,-0.1762871951095132,-1.8529863807667981,-0.32547190445906415,-0.21063703606101342,-0.8152328095112115,-0.21271843779683927,-0.34760166441820634,-1.1029395985689365,-0.25424623309966765,-0.4380796730959861,-1.2902233557424414,-0.2933920654122896,-0.5104355152518671,-1.4773443227400036,-0.33125676045999985,open_palm
0.0,0.0,0.0,0.21562930591592075,-0.16224239034249766,-0.08041755978996895,0.40300516117889174,-0.40321641429131666,-0.15239502115382786,0.553790985489484,-0.5765511591629967,-0.22982700873314257,0.6831495841011735,-0.658083897671054,-0.3116331886411482,0.20110643750012466,-0.9299455106495406,-0.09801230991660526,0.275749174887987,-1.3170272509617684,-0.16915193691221975,0.31948770490002315,-1.553742062395764,-0.22551135039596124,0.353059809387172,-1.7800093285329432,-0.26960924126779723,0.05379828489613562,-0.9904241966873569,-0.1271441510980256,0.06224379801959918,-1.4349718299880003,-0.17973223321244808,0.07031996622451085,-1.7115472238033305,-0.23609723689902046,0.07203852943563961,-1.9741363651711028,-0.2913268964927604,-0.08093012769394835,-0.9451847080911175,-0.16794655214578713,-0.14212944960641918,-1.3566502605986723,-0.22151650879633697,-0.16646723507338027,-1.6191663160461658,-0.28403542310155744,-0.18029974606720875,-1.8516705954086667,-0.3376393777560942,-0.20654637915916751,-0.8178359722870971,-0.2196369825464986,-0.3436185005999085,-1.1081995470053245,-0.2638206623676144,-0.4372265992648989,-1.3011504658728064,-0.30316309602663816,-0.511528704060033,-1.4957020534014434,-0.34056116143333814,open_palm
0.0,0.0,0.0,0.20934629853400424,-0.17168699912748842,-0.07487538549295514,0.3885258276778976,-0.4095327963899501,-0.14750537596969124,0.5314364756549278,-0.5774428799200794,-0.22643621391203125,0.6529805849249044,-0.6595125853043134,-0.3104843562997466,0.1864661322883121,-0.933742842900105,-0.10539843546724359,0.25793905760525365,-1.3230304699452757,-0.18238763228664934,0.3020792875269259,-1.5560355117131832,-0.2419603037896503,0.33886268240257567,-1.7844891360799346,-0.2879615273682331,0.03916000774350133,-0.9895095739550529,-0.13905853747547542,0.04289174948810057,-1.434691910186983,-0.19893697786860687,0.051359895994438506,-1.7044673842758615,-0.2575404274529627,0.056492894235110454,-1.966979752560241,-0.3137435283879063,-0.09368346072795972,-0.9404277060480665,-0.1835146808952876,-0.15222608601728446,-1.3534466059391053,-0.24347930710347365,-0.17471832938918003,-1.616922451866227,-0.308061225635339,-0.18532000834837445,-1.8555818553616508,-0.3625907480433925,-0.21501869512020363,-0.8071050132307238,-0.23785587775978145,-0.35179146507429376,-1.0999079671465601,-0.2862339960008825,-0.4440287555715748,-1.2956514735185785,-0.32696542086625585,-0.5155172446247361,-1.4939906989502418,-0.3656374252761752,open_palm
0.0,0.0,0.0,0.21070957625460066,-0.1586211597628951,-0.06716978574543164,0.38393370803142546,-0.39483707261047785,-0.12933367867895304,0.5191507477788958,-0.5739036740429763,-0.19938466228611487,0.6362303523507225,-0.6678757180930155,-0.2733296970474017,0.18545718954185994,-0.9334125953076249,-0.06956757983154782,0.2621592754953977,-1.307916172547422,-0.13414817006394186,0.31036031192726,-1.5325302305602793,-0.1868048143559383,0.3507719011582646,-1.7524066802155256,-0.22805807153652796,0.04658485977304491,-0.9936780442410809,-0.10214585274569825,0.05647302256118052,-1.4258520681074995,-0.1486912623355987,0.0690035791099283,-1.6861381003285902,-0.20246775387185248,0.07609223052492906,-1.93812689232585,-0.25452498166357246,-0.08090233499831827,-0.9488330912467149,-0.1469369032982676,-0.13210909966975204,-1.3525964082186592,-0.1967396427827934,-0.15222766839330204,-1.6090940700927978,-0.25846622147020876,-0.1638571042002259,-1.8416298871220584,-0.3105771809237112,-0.1984924864208382,-0.8192052543947319,-0.2015127520357341,-0.33062225047223714,-1.1047070837106474,-0.24263822307113847,-0.4200309244735533,-1.2941147565273807,-0.28062877078667414,-0.49079255573860703,-1.4860642336767083,-0.3166494564352018,open_palm
0.0,0.0,0.0,0.20485084095056766,-0.14482323015668158,-0.07886449244630389,0.3817259526129509,-0.3782069655103652,-0.15120301275771447,0.5210223649311579,-0.5565855331616282,-0.22894761005292677,0.6425711175764011,-0.6521244629753506,-0.31148216319934824,0.19997196712551119,-0.9282174882931269,-0.1015926014142078,0.2783179211483496,-1.2917458224893443,-0.17618003310950786,0.32785907187138036,-1.5135728308153722,-0.23445994690311764,0.370470738156705,-1.734670100003616,-0.2796769076831721,0.060684709700931115,-0.9893200718302572,-0.13252600304199993,0.07099209320766577,-1.4189179043750342,-0.1897360028127927,0.08455742100899188,-1.6731703908705158,-0.24733583421056768,0.09355899155748137,-1.9238863932938164,-0.302209346842257,-0.06769590370324997,-0.9407453185232516,-0.17515459946355275,-0.11970322876178423,-1.3425749041821342,-0.23462180456684217,-0.13908661980257211,-1.59458906196574,-0.29973213529854925,-0.1501575385497326,-1.8276791562453378,-0.35363120789738234,-0.1871262824110541,-0.804768539081925,-0.22768205295871355,-0.3162406562614357,-1.0939483564995822,-0.2775650576769394,-0.40330724538207563,-1.2840580219561775,-0.31933530795619547,-0.47285727172401304,-1.4797816050803323,-0.35760152269979384,open_palm
0.0,0.0,0.0,0.1935432042093128,-0.15083581039363772,-0.07103457711211311,0.36137277782671207,-0.3876918258195346,-0.14108879331881213,0.49469040815114745,-0.5690248989783042,-0.21832351499667457,0.6122354161180041,-0.6747606903158438,-0.3004838859888412,0.18753016928360255,-0.9373187526580042,-0.09285100353384874,0.2611755165836416,-1.288533498680106,-0.16670170555442695,0.3077424889171524,-1.5031312258213572,-0.22419669407372286,0.3481394504850719,-1.71636655087535,-0.2688698206124664,0.05394347402255049,-0.9902227621390962,-0.12864277263801896,0.06310556524347692,-1.405500259779381,-0.18732249010187574,0.07632330572744041,-1.6496243076962231,-0.24360827277374258,0.08514171951270762,-1.8933818515224479,-0.29627524277442796,-0.07146156891766749,-0.9308580427380373,-0.17602999271000774,-0.12586864548849439,-1.3227036383672954,-0.23764316956474016,-0.1485706907594558,-1.5693437713617318,-0.2997778141121976,-0.16297328794910884,-1.7997365642321348,-0.3503501404111603,-0.19072087570670884,-0.7826162942974205,-0.23273558780335787,-0.3149719801343345,-1.0734637367560977,-0.2850679514085075,-0.39816304273713626,-1.2624018336757474,-0.32541355300277053,-0.4655908947188255,-1.4558810721467255,-0.36155393963956856,open_palm
0.0,0.0,0.0,0.19763609804208618,-0.15549590941345257,-0.07587540949441961,0.36873985436154666,-0.3889219779834478,-0.15094665674354632,0.5046478580582674,-0.5721648960115885,-0.23193157771902584,0.6216264710056973,-0.6859063991700369,-0.31807528914013233,0.1877183645068333,-0.9387568928767299,-0.10854470929855638,0.2614400689693631,-1.3043969752677462,-0.18666589387894603,0.3070746439562049,-1.5235954640872014,-0.24565906675411617,0.34597913591810503,-1.7412280368158937,-0.2912530586364062,0.04877179469693693,-0.9884939383890055,-0.14318179287267102,0.05768303191124583,-1.4154461272637124,-0.20643598196545923,0.07070645486644132,-1.666734723446035,-0.2637133153113966,0.07948980451733102,-1.9145156410890058,-0.3171002789492707,-0.07902612377979559,-0.9263620443613516,-0.18886846570238042,-0.13788160555595308,-1.3268443338527547,-0.2545957843289546,-0.1647902793971768,-1.5850873020567748,-0.3185440041256754,-0.18110000645960253,-1.824463012730334,-0.37024456092113267,-0.19749937846461874,-0.7745222354833317,-0.2437536038832667,-0.32292961061528425,-1.0657785656387582,-0.2988779130045809,-0.4070185539680547,-1.2579076379613106,-0.34047678749219457,-0.47374048985667794,-1.4532411416208657,-0.37747215129741507,open_palm
0.0,0.0,0.0,0.19960666384497192,-0.14941407371042645,-0.08025462861902616,0.37120506368858336,-0.3817096058329891,-0.15549169131899543,0.5056306221749539,-0.5644642579681527,-0.2352364935195373,0.6213546720978825,-0.6729514071526161,-0.32038084701297487,0.1933609188791867,-0.9372508255526646,-0.11517793249850089,0.26643981670030914,-1.3040709135601534,-0.19399619086486022,0.3131093175960945,-1.5277832166865797,-0.25346337819146686,0.35381106622102787,-1.7476377120972209,-0.29961948348730666,0.05493719272903312,-0.9875272316665197,-0.1475528772071648,0.06897046032772729,-1.4145935547106876,-0.21106219695134362,0.0851802161874042,-1.6683146147242485,-0.2690845813352612,0.09749752887780695,-1.9160834675130114,-0.3236629653112201,-0.07332189143575797,-0.9261656623021317,-0.19095138451237095,-0.12286940761240804,-1.328725174788606,-0.2574259786080645,-0.14511800478395698,-1.5861910454872779,-0.3232446126682894,-0.15776858144415182,-1.822796782528482,-0.3767984781119092,-0.19363391170550603,-0.7737560309450628,-0.2438575851570858,-0.3161179658078352,-1.065163009742353,-0.3009510621325666,-0.39714360935054366,-1.25896728060754,-0.3448568629253418,-0.4599078236745354,-1.4537323444069148,-0.38377236303460727,open_palm
0.0,0.0,0.0,0.2004075487508829,-0.1453244839940221,-0.08267121558452038,0.3703211300455326,-0.37736977178093994,-0.1575771898987005,0.5040444890679163,-0.5587272754578606,-0.237635954994729,0.6238678784175721,-0.6640335568611484,-0.3230866322685794,0.1889961414592826,-0.9354615671191409,-0.10732275505980647,0.26228321048356834,-1.3005486939225628,-0.18369299113257573,0.306773210715166,-1.5270402004246484,-0.243994623727038,0.3454041954062062,-1.748589413144799,-0.29143705903643885,0.05167361201574294,-0.9889656583133785,-0.1388407162831998,0.0648463923387146,-1.4199659688633863,-0.19842333461836653,0.07917906283344363,-1.679969417576573,-0.25913204271586504,0.0894791210003275,-1.9323647056151763,-0.31666874623794805,-0.07533996624466092,-0.93406351085589,-0.18211888093821502,-0.12700811276083274,-1.3365881054608921,-0.24462097924148085,-0.14982055215840617,-1.5896750107842446,-0.3123715666766119,-0.16255396189718763,-1.8185977382397516,-0.3684825158952428,-0.19376789312747258,-0.7900944707555789,-0.23555742087594034,-0.3181080083771809,-1.0778071685755697,-0.2909653586327497,-0.4006858708593576,-1.2670555567354111,-0.3357066097323572,-0.4644671855485408,-1.4561200632571296,-0.37568245470141315,open_palm
0.0,0.0,0.0,0.20581586802895852,-0.15080199775052547,-0.09444779700180445,0.37518242304719107,-0.38510833230776226,-0.17354824892245588,0.5087260508575491,-0.5672409566309946,-0.25680224756877146,0.630483345930004,-0.6758095641244101,-0.3463136194212483,0.18099321701927396,-0.9395070349801282,-0.11161927632700795,0.25204045027895616,-1.3152035363142909,-0.19269068792365557,0.2975053956358343,-1.5444853344468208,-0.25773961662987804,0.3377253206082596,-1.7729582110364055,-0.30843829397675526,0.04324358147137004,-0.9891798134319536,-0.14019011862557934,0.048678054739752216,-1.4251195457839303,-0.20328161571575412,0.062492359550105125,-1.6867284234871986,-0.2690411728706667,0.07351069717942077,-1.9439240193164715,-0.33038036288272454,-0.0814259272271295,-0.9312245238090608,-0.18267904690989145,-0.13849476565325797,-1.3369470976029072,-0.24895731779885955,-0.15838645382289454,-1.5914126792961825,-0.3228785762863299,-0.1674717379646093,-1.8267377554260305,-0.38350018467907143,-0.19517153652395217,-0.7848800488316433,-0.2366755686516238,-0.3253790835054772,-1.0664835072190961,-0.29584868389313407,-0.4109095670272375,-1.2520936295340135,-0.3454564700143414,-0.47632264252601814,-1.4405849343991592,-0.3891928499482454,open_palm
0.0,0.0,0.0,0.20925515003414702,-0.15156755443263512,-0.09664751601058699,0.38432401299500274,-0.3822078047228515,-0.18145856832692367,0.5196116807338351,-0.5611172302265909,-0.27054287579859443,0.6357314437056769,-0.6764979280354063,-0.3667193596584812,0.18949794011521173,-0.9383574865319654,-0.12619103993009267,0.25882453371518516,-1.3129278256863965,-0.2161792542841442,0.3047046881803615,-1.5401638136104652,-0.2876544566314174,0.345461634282202,-1.7678516382061813,-0.34251740929246777,0.04960055500310812,-0.9862441104824461,-0.157677897887027,0.05409719029315957,-1.417777828244551,-0.23081202668666576,0.06872775022013984,-1.676206869665206,-0.30250267498553424,0.08186808495477536,-1.932982454364694,-0.36767669782518314,-0.07696868078396871,-0.9277973899396672,-0.2027643021687156,-0.13082308876106766,-1.3343989666579592,-0.2764186454257576,-0.14822406139468686,-1.588444749868521,-0.35366742561324954,-0.15396223962624578,-1.8222467752055636,-0.41673047637286204,-0.19257839439436575,-0.7823856307885338,-0.2593605327518485,-0.3197908214043477,-1.0652751134676053,-0.3232528930935088,-0.4029035959325112,-1.2534908994235974,-0.3752635960359548,-0.464592625631818,-1.4444730664641305,-0.42126865703696575,open_palm
0.0,0.0,0.0,0.20431791097104066,-0.15128746639460605,-0.10677446548516113,0.37828916743261226,-0.38411256679433203,-0.19785241643805074,0.5119932517965438,-0.5678829216869071,-0.2911764334933828,0.6267788455480172,-0.6888103764604614,-0.3915843519939712,0.18457891207566055,-0.9343871999567869,-0.14421844131985093,0.2549781210327568,-1.3111517485102013,-0.23863731469995006,0.30081882411905564,-1.5434050038471419,-0.3125094730978959,0.33939265592803525,-1.7722558111893296,-0.36845018623609244,0.04158822056196817,-0.9844343888974555,-0.17076104317607704,0.049231902987086906,-1.4065277518323884,-0.24901262687309167,0.06265931515681997,-1.6550409304298257,-0.32127844195913147,0.07465440307550766,-1.8954723535140037,-0.3861143386200765,-0.08798982190531922,-0.9289772684776606,-0.21068288874607558,-0.13548389437494124,-1.3257564946579883,-0.2901052031874109,-0.15191685750954767,-1.5746378474739313,-0.36632369390040104,-0.15669980817958154,-1.7952883925985943,-0.42782395323185907,-0.20710673526828297,-0.7907661130340486,-0.26271453772878545,-0.33043385037380146,-1.0682612108831058,-0.32915986590600615,-0.4118592042981005,-1.2536241753657156,-0.3802000255345972,-0.47190032472593796,-1.4372927952655608,-0.42547320202275707,open_palm
0.0,0.0,0.0,0.20513961159978086,-0.1472411975634092,-0.10736611595366642,0.38256515328583357,-0.38203251403218574,-0.1971318098778299,0.5194203922923879,-0.5660521783397695,-0.2887731335262907,0.6331377577897939,-0.68580902821038,-0.38754545157540415,0.18881980439532112,-0.9311967636643658,-0.14393313383539402,0.25831179000519305,-1.3055660242092095,-0.2373002000485564,0.30169745711427914,-1.5404280010433826,-0.3099208583509394,0.3372668915518292,-1.7699518255098197,-0.3655447588176796,0.048315570852070805,-0.9842694903933734,-0.16993868274765192,0.0591085614994085,-1.420148041437556,-0.2482512894617988,0.07087589471751284,-1.6826820163753577,-0.3210670241029392,0.07934753522590353,-1.934618862682961,-0.38698001658544984,-0.0808754008885847,-0.9296568340368607,-0.20924153413120078,-0.12518451888489548,-1.3290994741111506,-0.2899267121458676,-0.139476363464694,-1.5826389015610578,-0.3668209286092164,-0.14379364082591364,-1.8089860509203282,-0.4285328480975596,-0.20068790720195373,-0.7898468360491835,-0.26077796816327536,-0.32620109309490536,-1.0675473437054348,-0.3299442520673691,-0.40561503081626743,-1.2503149914955936,-0.3822899981934251,-0.46362992800879504,-1.4301449117843805,-0.42777925580749665,open_palm
0.0,0.0,0.0,0.206877978863562,-0.15343383521505008,-0.0958349069814455,0.38768826024403136,-0.3934795321344498,-0.18122225255986288,0.5228513033772286,-0.5809867792861958,-0.27043957382802075,0.6313177604668734,-0.7057706997684375,-0.36680374643195696,0.1938607445947479,-0.9349234560838643,-0.13545986678629296,0.26063441306435675,-1.3018985967543937,-0.22864350882501247,0.30261231424115725,-1.5256984160958085,-0.29962553606301157,0.33782515082017345,-1.7433940576436793,-0.35307993555888884,0.05193397012392397,-0.9844323285397136,-0.16791614953018696,0.054380194837571734,-1.412122598407085,-0.2483551449032616,0.0644297971126699,-1.6644694663322306,-0.3188621982101401,0.07405973011356641,-1.9058841137579932,-0.3816971854178377,-0.07541975803272116,-0.9242975777452922,-0.21328785161817285,-0.12132072594381907,-1.3167797287234353,-0.29462101586362793,-0.1312904351679386,-1.5598356194031184,-0.3663659243079188,-0.12907804377422719,-1.7691586948371176,-0.4234369714584266,-0.19102141325157584,-0.7798357629226342,-0.27041129332890973,-0.31207035924020576,-1.055964812745444,-0.3392950511147583,-0.38779533129052823,-1.247664445183308,-0.3893450733568545,-0.44008292303161856,-1.4328071041664368,-0.4325548043607397,open_palm
0.0,0.0,0.0,0.20255617923526456,-0.15527364641573016,-0.08941513723256372,0.38247965512191867,-0.382158696775163,-0.17225091974942666,0.5208123910642894,-0.5611687237532412,-0.2608982574622099,0.6389597440316118,-0.6750330324349055,-0.3561462292180769,0.19182572451067392,-0.9345993471557491,-0.11838550891310959,0.2641986646934915,-1.299053105144571,-0.20639522616389197,0.3084640229152667,-1.522768029872673,-0.27519637551808424,0.34456337425775035,-1.7384847473618446,-0.327920922725933,0.053521647417770706,-0.9865511957102882,-0.15444141769709296,0.06390020054509349,-1.4086264779733324,-0.23058578718845563,0.07870395000489075,-1.6609817692879065,-0.30069984412478185,0.09364632107352588,-1.903443423515063,-0.36303704709157175,-0.07441270264275437,-0.9304031101097829,-0.20345094472673525,-0.11673050513766235,-1.31630884761643,-0.28035405985366396,-0.12690699260895638,-1.5646315480689543,-0.35160870784787956,-0.12356024124231922,-1.7820264696345613,-0.4084976922007907,-0.19384679641660982,-0.7887615230908318,-0.264037413883926,-0.30648344720966497,-1.0741521609287175,-0.33002316874625803,-0.3765503883744482,-1.262817728103527,-0.37880445036471866,-0.423738533896279,-1.4435665996221319,-0.4209922237138085,open_palm
0.0,0.0,0.0,0.19989668624967272,-0.1576733362975383,-0.0859166639688247,0.3794727743803835,-0.38744962929708343,-0.16849197648905942,0.5196404307977964,-0.5630660438842582,-0.25682917903221264,0.6365594615350474,-0.6724300496963547,-0.35120842369096206,0.19187683284525833,-0.9323116385524715,-0.11852960038617129,0.2687696728080305,-1.292755252151805,-0.20618508891304801,0.31821009651709914,-1.5070950880617888,-0.2736859630152253,0.35975426099703156,-1.712564208867113,-0.3249339382992891,0.054048887242111716,-0.9864437691722772,-0.15494317683938275,0.06562638892069064,-1.4087344588004358,-0.23066814716261927,0.08657332461685613,-1.660064855796807,-0.2991819216010107,0.10919868404036583,-1.8996941569393204,-0.359945351013342,-0.07517120593250251,-0.9306330030099165,-0.20370655970525467,-0.11992945441530282,-1.3190394016124534,-0.2759529417816151,-0.13010876388991913,-1.569240929444907,-0.3437869747328771,-0.1260679651207936,-1.7896929050666845,-0.3990706916979173,-0.19484891797022497,-0.7894937502223205,-0.26379562244142063,-0.30894413422980127,-1.0773040218327634,-0.32455081753744724,-0.3787908353104459,-1.2788205649041002,-0.3709619130609342,-0.4255002196040026,-1.4771141277337323,-0.41218438319004563,open_palm
0.0,0.0,0.0,0.19691711575736118,-0.14109184278160655,-0.09339905080133233,0.3723197957222077,-0.37427271074782814,-0.17410674062695267,0.5107841262668628,-0.55583298119051,-0.25908048160959385,0.624099955157179,-0.6639542951889964,-0.3495791996706018,0.18693345785919976,-0.9324376381397776,-0.11367976418286665,0.26220716638640035,-1.2876551198336534,-0.19921270309302047,0.3128725164866504,-1.5023892397181002,-0.26659546492374614,0.3556570224517682,-1.7064447935843865,-0.31776128850789265,0.054916677170811466,-0.9879689318697601,-0.14457360834067093,0.07033487835542533,-1.4123453749359727,-0.2158451290096881,0.09556494100238411,-1.6719534855147535,-0.28444396682716433,0.11941756436931425,-1.915842433788293,-0.34577278199655226,-0.06988983672643521,-0.9313933189191004,-0.18934140313167658,-0.11353956624361158,-1.3213477437343126,-0.2572903712112652,-0.12505151423305388,-1.5722176147886184,-0.32555062776803634,-0.12476166064060501,-1.7907927179169447,-0.38152291681317235,-0.1858905138562968,-0.7859515565311065,-0.2465246639899005,-0.3007099847039378,-1.0715483210383976,-0.3048816599953209,-0.36991739605632606,-1.2681295663008587,-0.35164919333251554,-0.4184612082746185,-1.4600005849000421,-0.3930989446616022,open_palm
0.0,0.0,0.0,0.20792394587124063,-0.13686515307536287,-0.1087304203157777,0.38938290806660864,-0.3563395489728967,-0.19786981572799073,0.5341942113118773,-0.5258348131631264,-0.2887913430489724,0.6576165513003571,-0.6374157816187336,-0.3855380083866802,0.21047040695969546,-0.9276124140594352,-0.1314939454367601,0.2879613749682177,-1.2926512977853575,-0.22081631558193723,0.3345757892363172,-1.5090233760339349,-0.2897985029524238,0.3759823493742904,-1.7203896817943929,-0.3417825792728365,0.07371310822645949,-0.9850576860143876,-0.15565253900779782,0.09220384256004038,-1.4075309611886613,-0.2277784269249177,0.11346276791755591,-1.6578431424196043,-0.29558936209155934,0.13655754108293053,-1.9024784457407509,-0.35645710796128677,-0.05229414434952928,-0.9315788340772442,-0.19487194566059965,-0.09349946793338719,-1.3266878464233174,-0.26632241028509734,-0.10851752484965026,-1.5838949941233778,-0.34010679639338853,-0.11072014080233325,-1.8156317209596369,-0.3996596119132521,-0.16782822268865713,-0.7906014833228234,-0.2468711807450623,-0.2765370543097004,-1.0627797855611798,-0.3058114131797213,-0.34818846498935085,-1.248268760638177,-0.354736931558549,-0.39874933407382745,-1.4335437172067027,-0.3979725788012511,open_palm
0.0,0.0,0.0,0.20989688068592594,-0.14665681264664976,-0.09322824618163167,0.3857479540038221,-0.3705180862132693,-0.17215156210852295,0.5235449734828587,-0.5410991101469819,-0.2555727524545227,0.6351493271481398,-0.6441516986943384,-0.3446045305177387,0.20233235805695596,-0.9341101683237942,-0.10490662452377433,0.2771752006531884,-1.2932425474306541,-0.1865194549480393,0.32663762306260363,-1.5037610446678082,-0.25091529700158305,0.370928405594173,-1.7072610976134002,-0.30017190400688487,0.07313389542273825,-0.9881560816851171,-0.13490356395963551,0.09406091824811591,-1.4086704985996499,-0.19782630592950082,0.11873463647897146,-1.6589417152589432,-0.2627444239145351,0.14373736559668807,-1.9009020497710498,-0.3221603174220745,-0.04797285079855654,-0.9332479835443862,-0.17982646757529233,-0.08561941793953105,-1.3386821402974045,-0.24434184622935154,-0.09335211800843665,-1.5965121093054457,-0.3169896480004481,-0.08897268514802924,-1.8281723887064354,-0.3763070008589171,-0.16137239109811036,-0.7926740953939735,-0.236477137886086,-0.2706189033503451,-1.0750332108847533,-0.2906093169367333,-0.33876318500770664,-1.2638388780444285,-0.3378136713238561,-0.38461865770721115,-1.4504042076792223,-0.3801698100395972,open_palm
0.0,0.0,0.0,0.20655827746110855,-0.13999631096662146,-0.08517572651106484,0.381813560824442,-0.3712828492645428,-0.15849330765727648,0.5224055760602755,-0.5451243720781028,-0.23777862648216228,0.6292828453215014,-0.6516925886369868,-0.32127963677036064,0.19219728286241944,-0.9374041374890024,-0.0818820660430422,0.2676293730410009,-1.2909011074427286,-0.15708554926359286,0.3241437043136789,-1.4907925580859356,-0.2175026691020828,0.37621701047908,-1.6800296760883062,-0.26407755952601136,0.07094678134516351,-0.9909781123130904,-0.11370538744116311,0.09601323710222363,-1.4045823067676606,-0.16824161289179215,0.12896862606792275,-1.6484326670874647,-0.23016249969416425,0.16126131477591557,-1.8829996235155126,-0.2875625314169012,-0.04702828007207095,-0.933158085227498,-0.16117312126980665,-0.08392087601485315,-1.337781913372944,-0.21772878056325062,-0.09038567777766716,-1.5925499233843379,-0.2867666169994105,-0.08498472253184093,-1.820866651888882,-0.3442231701056291,-0.15850234529927062,-0.7909658407308808,-0.22012116479170665,-0.26738783487195583,-1.0738824330969516,-0.2679509595651365,-0.33381892065826996,-1.262919185387603,-0.31157997103832746,-0.3783437701324107,-1.4505072272087864,-0.35164927615071917,open_palm
0.0,0.0,0.0,0.2093298693346097,-0.14681086078174055,-0.0942057425784405,0.38665379360611923,-0.3759430545784449,-0.1766291371178683,0.5327931744156966,-0.5464033132854377,-0.2642292291663544,0.6519175223074721,-0.6568368521538511,-0.3573245955868718,0.1934470452634875,-0.93665649293102,-0.103107279912642,0.26587207266355484,-1.2930394203832418,-0.18949763902778838,0.3194606087438779,-1.5003998262900637,-0.25898645924218894,0.3688756222928158,-1.705286314161079,-0.3118852238558241,0.06949606554664738,-0.98837523179326,-0.13522084917332453,0.09289587563318974,-1.403037553055869,-0.20215842821597374,0.1279752140908921,-1.6505610131656179,-0.27197120320389406,0.16251018922524965,-1.8945373486488308,-0.33489624070376744,-0.05006506106286999,-0.9290746816478471,-0.18303002523144407,-0.09542585591195499,-1.3331341652242208,-0.24952410811716413,-0.10474496325518233,-1.5885937584389318,-0.32319654681772,-0.10153252282860864,-1.8216499925069238,-0.38380463528314135,-0.16121579544243209,-0.7847896835790045,-0.24279125445288488,-0.27210089403426396,-1.0676231714136215,-0.29834986103801464,-0.34136637589235747,-1.254238224696185,-0.3452849121756107,-0.3899499578719895,-1.4425432748206377,-0.38783934833443207,open_palm
0.0,0.0,0.0,0.19876224949009308,-0.15691103548285773,-0.08270910726720447,0.37167451704903887,-0.3903658489919079,-0.16256201620423485,0.5165555499958259,-0.5479420743296404,-0.2500346393011632,0.648095691136775,-0.6439930583078466,-0.34418729634003364,0.19157803139775262,-0.9449061707666843,-0.10271794972810029,0.2595782903238178,-1.2998516030723457,-0.1897821053346907,0.3129628150095146,-1.4998099997258587,-0.2599221866583915,0.3672049190544256,-1.6954740027699742,-0.3132497070465063,0.06917723001143791,-0.9876348737223624,-0.14068349958455487,0.08585874131528914,-1.3899271953863508,-0.2105891585934976,0.12128712183722776,-1.618791381555737,-0.2797070527896675,0.16198357966917695,-1.8490863336795118,-0.341417427132196,-0.04804393455596787,-0.9244231853678224,-0.1929014271287404,-0.09503790024838189,-1.3177677184830225,-0.2614969827727547,-0.10168937964787726,-1.5661783010590107,-0.3331408013150504,-0.09343612140124778,-1.7922501149453651,-0.392448035843975,-0.15582355276170431,-0.7775585286099503,-0.2559679064660477,-0.2625953266032031,-1.0524607058268205,-0.3121758204790496,-0.32752301197466493,-1.2361773835238212,-0.35762878396513414,-0.37327702940735524,-1.423845800320856,-0.39970036568894113,open_palm
0.0,0.0,0.0,0.20302209352164016,-0.14989433602564164,-0.07344388897926722,0.3831362808326615,-0.3854105438797254,-0.14925130323052047,0.5316302923269589,-0.5420798940279683,-0.23365301561038915,0.665014270577173,-0.6320032391517086,-0.32642599533107985,0.20770856460187315,-0.9316845250125592,-0.10704616316011889,0.287858690382375,-1.287906038953936,-0.1937908420766208,0.3370757828432454,-1.4986410003414694,-0.26228765627052786,0.3813382615519825,-1.7068039656269038,-0.31493726007541273,0.08196988054261094,-0.9854628405319563,-0.14880829484446642,0.10616512982169438,-1.4105625887058513,-0.21949086993951486,0.13127628215985251,-1.6548317394926773,-0.2871651252829643,0.1568057887148438,-1.8910676930659984,-0.34852425485842714,-0.03866591504466308,-0.9336527696973097,-0.20271659284687124,-0.07164638767445379,-1.3456823918397551,-0.27390365707402425,-0.07195735570085483,-1.6014820003224686,-0.34644652575607693,-0.06268771087787842,-1.8339988193405903,-0.40631696315601523,-0.1530128396038961,-0.7957992447755909,-0.2660771890372411,-0.2537008433079889,-1.0772578042893373,-0.3266565044157022,-0.31402401356989385,-1.2698972241765503,-0.37461388046581645,-0.35750175531788914,-1.4683789693099474,-0.4183953002458225,open_palm
0.0,0.0,0.0,0.2101116680676535,-0.13653020593680723,-0.07212471569908484,0.3867496505785465,-0.36026526887555416,-0.14627661034151798,0.5284865455635108,-0.511118729834733,-0.23060098918761524,0.6602709305046786,-0.589142993801517,-0.3227422956087971,0.22938402472139244,-0.9297517436576848,-0.09933794009981471,0.3114430500796339,-1.2920677802772476,-0.18741515920362742,0.37085889477049183,-1.4937300950601975,-0.2588820114261526,0.4343585248730658,-1.6831097796640413,-0.31369712614684525,0.10252718774751286,-0.9844278953554354,-0.1427931182468318,0.12543788742199735,-1.3941026147178528,-0.2182119774128235,0.1603493291591013,-1.6286195811465827,-0.29149053924608576,0.20140335384835134,-1.8542354125866733,-0.35516489666224343,-0.019008852544848746,-0.9293274323099292,-0.198991114470019,-0.04527326008797382,-1.3085387945319837,-0.2684390539961819,-0.0406096388504401,-1.5396646511455825,-0.3389219127776,-0.023376639177373475,-1.7479630643949635,-0.39678005620406587,-0.13231456281542994,-0.7887396434549924,-0.26602662844755026,-0.22439012527840949,-1.0673150462972698,-0.3256507988107032,-0.2770108604026445,-1.2663999020840795,-0.3744182617908928,-0.3103835395728376,-1.4722421485253738,-0.41783225421399367,open_palm
0.0,0.0,0.0,0.19761586729758107,-0.12097051960178559,-0.07184886414157624,0.36992612606609115,-0.3370908484573545,-0.14578481059943182,0.5158324375064332,-0.4795457470995414,-0.23074722088336475,0.6525960585423809,-0.5546285983132468,-0.32246215321850774,0.22145688433008962,-0.9259365054491697,-0.08551046187984836,0.31418632301018024,-1.2689785933587034,-0.17047302284731078,0.3788317061093899,-1.4664371208454956,-0.24056934987442094,0.44308819467293903,-1.6512489238206016,-0.29446324038333843,0.10648372644347252,-0.9859883208012874,-0.12840649222749118,0.15135502787258687,-1.3975669384564595,-0.20094887154291297,0.19655484560217554,-1.644912563472461,-0.2736990237913524,0.239615219269007,-1.8695018832228034,-0.3368364709491218,-0.005844948600653633,-0.9307294471603657,-0.1851869157391841,-0.028674420547145068,-1.3175424012334171,-0.25390185478393135,-0.023494680766788147,-1.5510079504960659,-0.3234063755240591,-0.009086085808907058,-1.7577955442590592,-0.3792501895241774,-0.11218716355540871,-0.7859617266759116,-0.2529287536523492,-0.20231467766294883,-1.0674331092544274,-0.31271620457887783,-0.2531797768141825,-1.2659087374634603,-0.36038267238013555,-0.28762681786774796,-1.4664824045218852,-0.40184889292073434,open_palm
0.0,0.0,0.0,0.19792521648668857,-0.10888580642755388,-0.08269115534074539,0.3736855600647571,-0.32208844491703953,-0.16586272903709198,0.5258833375331348,-0.4588457361758286,-0.2585347781387111,0.670509006198862,-0.5267113648689208,-0.3592927338874159,0.21044050024379338,-0.9267743604416472,-0.11070436176242049,0.3065636735719924,-1.277969978042687,-0.20539931367583364,0.3728945927759693,-1.4784616557269177,-0.2830756500747655,0.43677616053091795,-1.6641603391655408,-0.3431230912531396,0.09400778584554771,-0.9835787298501425,-0.15406296890167176,0.13094521703100215,-1.3930716014386098,-0.23713368632725954,0.17334805217603835,-1.6405326532589817,-0.32062647798096255,0.21444891492710727,-1.874446775499671,-0.3920249880114589,-0.02159414818484932,-0.9251691309773866,-0.21112562036628207,-0.04564505982812653,-1.3143685561447889,-0.28933255075237796,-0.030875678126749056,-1.5599155094806338,-0.37208813865690216,-0.006825401798563173,-1.7759107813401986,-0.43791091167361085,-0.13220059965160041,-0.7746151254221474,-0.27888302048640884,-0.22685026551115514,-1.0731204623748742,-0.34809390241406984,-0.2731533000022708,-1.2835132081009646,-0.4050704422123335,-0.3002935371633091,-1.490971751077443,-0.4540763453454067,open_palm
0.0,0.0,0.0,0.19114917971833678,-0.10636815518022266,-0.068316091381766,0.3597520198433196,-0.3179189311010358,-0.1423150477868073,0.5039232437395247,-0.4487503754931193,-0.2280411228234643,0.6319609632198135,-0.5070368448049709,-0.32181551786020873,0.2056671522421709,-0.9294103375454006,-0.0876471512437835,0.29530316265072537,-1.263817992909047,-0.17705675750588062,0.3580754492884751,-1.4531989392009683,-0.24988357756264332,0.41820650279390886,-1.6286932750821648,-0.3050809346883529,0.09180445609803056,-0.9865595160342361,-0.1351748614308079,0.12275168738312431,-1.3943279879860675,-0.21022345734889347,0.16317291619738877,-1.6330612101796353,-0.28553831083585857,0.20364385691225348,-1.8551101117084414,-0.3506359660138718,-0.02198482584691098,-0.9257232667067847,-0.1969855531558384,-0.05194558004962845,-1.3237492549152328,-0.2692783766811794,-0.0424044609669047,-1.569850431017814,-0.34611614218213055,-0.021360175889157104,-1.7885494426371817,-0.407563276304986,-0.13282075943551444,-0.7725504132145391,-0.268800188050827,-0.22558820007217775,-1.0710997419989783,-0.33400531637259584,-0.2692946094231586,-1.2834712886668334,-0.38744707780189463,-0.2932664430100973,-1.4996634151384185,-0.43372426887331766,open_palm
0.0,0.0,0.0,0.2113678686202085,-0.107482256799046,-0.07000620717847011,0.3937869361035988,-0.32001024741310985,-0.1406842996226749,0.5440625315169195,-0.47333466477003666,-0.22083969998939615,0.6798168145679053,-0.5513256333366326,-0.3088574669936132,0.20366432953145985,-0.9116361131972681,-0.08434978692818494,0.29405090590246596,-1.2719761630512314,-0.16604213911209398,0.35773755694498,-1.4878560124578135,-0.23227606165687886,0.4189056449467903,-1.6899390143385844,-0.2834906647947503,0.08783199574444482,-0.9880789925643213,-0.12643348044178412,0.1235903439161038,-1.4202843534197787,-0.19208240902552876,0.16296734781255925,-1.6746627778232912,-0.26200553562975487,0.19940825146929592,-1.9042642157877054,-0.3241861457809068,-0.030443975611459145,-0.9533212440540932,-0.18166236302626906,-0.04986323498886307,-1.3862093827254052,-0.24886300758035476,-0.039732288477938874,-1.6482398766428148,-0.3241806986768728,-0.019603793922229485,-1.875836391243854,-0.3850946626006886,-0.15012441048502975,-0.8265435661203756,-0.24646486444668836,-0.24560880923953665,-1.1579551581036065,-0.310527087754078,-0.29462185133754076,-1.3723512830705582,-0.3629211417677214,-0.3230735208572144,-1.580073482776577,-0.4079605214729167,open_palm
0.0,0.0,0.0,0.21277732741363606,-0.12129456154003881,-0.07634826927257128,0.3956305821021802,-0.32210454119032794,-0.15252107549536595,0.5423087052763566,-0.46586502645595274,-0.23662194627320915,0.6691209461727745,-0.5414894406033764,-0.3285045873385082,0.2029410071698503,-0.9161188449104501,-0.10119073572185239,0.285033653461031,-1.2773188394374502,-0.18952661272053037,0.3467862593781614,-1.488897799360552,-0.2597204349213601,0.40584824175831397,-1.693183894639412,-0.3126929245286561,0.07863934392950685,-0.9869871402287945,-0.14025768645362038,0.10352213198930553,-1.4143374451862931,-0.21419233925558828,0.14191954409082316,-1.6627297489481823,-0.2868228476119909,0.17960594270738212,-1.8973531837551643,-0.349649326561944,-0.04354739527379082,-0.9457722896654887,-0.19210075160490206,-0.07061309985236784,-1.3640699771949603,-0.264811455863381,-0.0647574710226411,-1.624737495993567,-0.34089188373183177,-0.04563234894059934,-1.8577654559043704,-0.4009373248002665,-0.16283908617595486,-0.8131345021393213,-0.25378876186864296,-0.2537662819027647,-1.1386957005835139,-0.31795006854898866,-0.3045369837227095,-1.356554124049773,-0.3698114458201449,-0.3346214202945191,-1.569594698670643,-0.4142590425410175,open_palm
0.0,0.0,0.0,0.20851164343485346,-0.11746659139621037,-0.062394738752594825,0.3845888312243087,-0.3144830875880842,-0.11914244915609025,0.523759542237686,-0.4531387216609168,-0.18595640727858342,0.6492265185205965,-0.5066282479504217,-0.2568628939489562,0.20650856644384663,-0.9231830662727734,-0.03914709548168389,0.28330597464266866,-1.2544290250587045,-0.09617883933012683,0.335120633742507,-1.4516366156626532,-0.14715097720384063,0.38460877528092924,-1.6348266778192002,-0.1870426402699661,0.07952887682292227,-0.9941554008474772,-0.07300805926112369,0.10806643723127082,-1.3807276901810088,-0.11042190362433792,0.1379545571259801,-1.6139507243140354,-0.1626307897917417,0.16543508253344652,-1.8320712299628639,-0.21179750955352936,-0.04432805045433795,-0.9558230324146516,-0.12115761181184287,-0.06345114900495397,-1.3311959752145357,-0.16073263588121614,-0.06307026088014887,-1.566769373063633,-0.21728597302637168,-0.05340064516760958,-1.7781260253362277,-0.26567683917793167,-0.16606700563179996,-0.8268904511191077,-0.1800765010477107,-0.24841167975301115,-1.1279241990902473,-0.2176919131625158,-0.29502007294202465,-1.3241522546959428,-0.2538215066080521,-0.3259231718921336,-1.5192278906821366,-0.28717888973230166,open_palm
0.0,0.0,0.0,0.2204821299637601,-0.12260166335529606,-0.07324699439304422,0.40841156559878194,-0.3223439373002448,-0.13747517512846522,0.557682865639685,-0.473191465500058,-0.20996033059578526,0.6866348168747568,-0.5576392874349212,-0.2864115238777262,0.20689583842387815,-0.9196237792908056,-0.05185525181261771,0.2861592017713617,-1.2724558373116173,-0.11244157431835797,0.3416221264200927,-1.4813005649341136,-0.1642444913417218,0.3935862154121068,-1.6843890385041442,-0.20475728388240455,0.07458589449284737,-0.9937728809013672,-0.08277913703161127,0.1058900957180911,-1.3995830073796796,-0.12134337731855814,0.14037213644228028,-1.642345954623491,-0.17129270438748498,0.1715107854154054,-1.871788628311914,-0.21986759116382637,-0.05123673730631501,-0.9559374523946089,-0.12897800081367147,-0.0742923031854944,-1.3520504174782988,-0.17068303070189236,-0.07581394627348881,-1.6029608604460361,-0.22578291127942804,-0.06828951779422301,-1.83044987155001,-0.27362219122045667,-0.1727426559047117,-0.829283802200992,-0.18705014239390289,-0.26515922430349553,-1.1326802056257836,-0.22533488690106865,-0.31897538699797695,-1.3380993269459598,-0.26094242180738136,-0.3559827172992597,-1.5448460111019864,-0.294097405113044,open_palm
0.0,0.0,0.0,0.2217370223584251,-0.14719956881172963,-0.08713799698406602,0.4098183167241891,-0.3693878683465722,-0.16103118688335516,0.5626547940775083,-0.53591725877191,-0.2406197809982961,0.699147018029564,-0.633456984482675,-0.32533330888694795,0.17933690092215582,-0.9258720786391929,-0.08229352519591056,0.2534362887968281,-1.3131929417356445,-0.15222244530101928,0.3086550462073001,-1.5456473914176232,-0.21115424387084847,0.36214263298055466,-1.7796798046420013,-0.25729139577708565,0.042101819573891544,-0.9932185335221213,-0.1083714051617573,0.05655404647741689,-1.431086960102526,-0.15543960597032913,0.08626417027174414,-1.69772067261139,-0.21115734393876562,0.11474330634960823,-1.9523309889982796,-0.26576278043580764,-0.08162716401010592,-0.9511700235273648,-0.14902879589446394,-0.13020354786034466,-1.3646613702539625,-0.19831080735330903,-0.14030455420255167,-1.6342359752300475,-0.25994780631086795,-0.13807945872560845,-1.8778931432412937,-0.31367189639633997,-0.19214626566520465,-0.8215349180271456,-0.20212520914451612,-0.31292537527680037,-1.1091419517072354,-0.24466284901413551,-0.38974239278346845,-1.3091978523410264,-0.28318014987054146,-0.44732716838442355,-1.5088953040003286,-0.3198215619659364,open_palm
0.0,0.0,0.0,0.203170589158439,-0.162297991979097,-0.09131556036482925,0.3753087417987201,-0.4155986159376877,-0.1738291740223086,0.5217291728794389,-0.5909230610206536,-0.26188294545474655,0.6630054255151269,-0.6886627911904067,-0.3568128714112135,0.13871141064880887,-0.9414240622843832,-0.1110697978287843,0.2036575128027471,-1.3229390422630103,-0.19750627502426385,0.2531291815405715,-1.551634904903453,-0.26840160743340813,0.30097361940195205,-1.7823226815823152,-0.32214249246076126,0.00432093777197934,-0.989949740295568,-0.14135353262478992,0.005507219655182246,-1.4223832316639555,-0.205182895217167,0.026295688601550543,-1.685945771426341,-0.2733059759836171,0.04613612853625655,-1.9411767079204432,-0.3365599618545557,-0.11374468388204914,-0.9320319846140198,-0.18582078698920865,-0.17330269281657534,-1.3404915072597519,-0.24625801866112418,-0.19212331081159773,-1.6055491290862771,-0.31688196191235224,-0.1985905627124649,-1.8447042248445162,-0.37765385450643024,-0.21308797817437156,-0.7896171233170483,-0.24243496031545025,-0.34026405445146296,-1.0757061663408403,-0.295612033057917,-0.4211767226164367,-1.2805161028478023,-0.3421122502563507,-0.48409812831450744,-1.4904968287431468,-0.3857067789168896,open_palm
0.0,0.0,0.0,0.2013391093101691,-0.17313228655790674,-0.07952062638712071,0.36842537330870084,-0.4185439215872213,-0.15425476385394885,0.5088897950133608,-0.5936774171022742,-0.23581851957130157,0.6366165206017317,-0.6949251650326855,-0.3242572218715457,0.13195150005345693,-0.9460350454937679,-0.09834044074045395,0.20314688794110314,-1.326530493239189,-0.1795550392622328,0.2568500799590377,-1.5527518415698514,-0.24647606684274959,0.30704083339357563,-1.7794627828123775,-0.29727427099350817,-0.0010183797539840137,-0.9912477281642788,-0.13201092497150513,-0.00048158851765810277,-1.4255839331025544,-0.19255360962626675,0.01845183993103322,-1.6870025348558229,-0.25758641441407076,0.0367334346776949,-1.936908609630916,-0.3180572389298061,-0.11557793207482998,-0.930588110350699,-0.17850174378869132,-0.17421072686980146,-1.3355626516621817,-0.2357276006936556,-0.19176916600191463,-1.5973268224343111,-0.30410767753060225,-0.19696131290893582,-1.8284808648942554,-0.36274243202208606,-0.20918010346974739,-0.7864208006832386,-0.23624901797283257,-0.3309535470661051,-1.0593708639471857,-0.28585810036076775,-0.4115433336166421,-1.2548928211695765,-0.3305434866625632,-0.47449629317455766,-1.4507759145774923,-0.3725268378923651,open_palm
0.0,0.0,0.0,0.19175296151134816,-0.16155651149732286,-0.08367035881663354,0.3520024271636159,-0.4064929947501671,-0.16388923232538877,0.49214292735453435,-0.5797393161052338,-0.25066437507792855,0.6198206802776766,-0.6847266880230428,-0.34454207443001816,0.12372317933147506,-0.945263371364921,-0.11160944756722771,0.19991613587719287,-1.3192217804357145,-0.20083033472215167,0.26145845462679196,-1.5393136453286345,-0.2723196767334991,0.3192274926884817,-1.7627265899570068,-0.3260329374253612,-0.00300555409187686,-0.9891001040521473,-0.14721389475396549,-0.0030765514326298524,-1.4198245780482124,-0.21619869429766028,0.019085040510305948,-1.6790188254332843,-0.2864985730246606,0.039633885520173835,-1.9320522080114078,-0.35052061502627035,-0.11295959166227051,-0.9226453989624657,-0.19598790084605675,-0.17986904883209626,-1.323392494249765,-0.26087993166845364,-0.2022412445075411,-1.5906540587348021,-0.3354520265238841,-0.2119581099144514,-1.8313114866658413,-0.397975091031431,-0.20219630123678922,-0.7689363733494741,-0.2556557378177016,-0.3322514880475318,-1.0392795915225164,-0.3110537740903226,-0.414303136467497,-1.2364511482423435,-0.3598252019150696,-0.47773828340267604,-1.4358412090227641,-0.40493863831166255,open_palm
0.0,0.0,0.0,0.1992953662392945,-0.1597169983227893,-0.09062763557484634,0.36622508263219566,-0.4015484345993006,-0.17694546652115756,0.5074848925652025,-0.5774993050310271,-0.268040984847192,0.6323885772565435,-0.684668807226586,-0.3656612222304298,0.1297361516080975,-0.9396224048906073,-0.1293432613454089,0.20466583364440613,-1.3283175699661387,-0.22335430825467883,0.26616913040706214,-1.5572634935389278,-0.2975014970847299,0.32245477618051716,-1.7879601404978265,-0.35319435605901933,-0.0014017925697794784,-0.9867340802093262,-0.16233875055280475,-0.0007723189927515017,-1.4262193526291151,-0.235894236388058,0.021169083679795152,-1.6884156897442462,-0.3085211592833349,0.039478874675507945,-1.9456769778591743,-0.3746484531925315,-0.11583267565158029,-0.921939377961002,-0.2078253831494577,-0.18347290626851137,-1.3311048980401752,-0.27651386935127403,-0.20822027845022717,-1.5992470401092562,-0.3520023338246974,-0.22022622971896796,-1.8350245077558753,-0.4154741715563534,-0.21296192256093174,-0.7698480271725937,-0.2643677008924024,-0.34671313583131874,-1.038966080884985,-0.3208840615207295,-0.4321895349350762,-1.2344026700518793,-0.3693495981610462,-0.4978715478196139,-1.4277219390051339,-0.4146524310844138,open_palm
0.0,0.0,0.0,0.20928929725653278,-0.1632198952406369,-0.09454456594555628,0.3836289853672679,-0.40666615801343164,-0.1807650255533423,0.5269637989245317,-0.5916902008181697,-0.2706932984543777,0.6513841323794919,-0.7029086548625957,-0.3670465948972379,0.15151851515212117,-0.9350486772738,-0.13355363265205825,0.22361211832917213,-1.3289058388904698,-0.22845805208628633,0.27997557112604565,-1.5617457110355883,-0.30320224545902735,0.3325782651838691,-1.799539337208978,-0.35935284184738625,0.01762041630256538,-0.9863333433874455,-0.16381708290488858,0.01714715131551613,-1.4244009126941788,-0.2390394039442114,0.03767227983423557,-1.6847248107544424,-0.31195641190033124,0.055827644616712774,-1.9426050108570538,-0.3780835610214761,-0.09830951749372276,-0.9287075282375138,-0.20661476129522502,-0.16560663805679599,-1.3347961826087105,-0.2782943382055065,-0.18911901001556913,-1.5999158647765,-0.35477628130334393,-0.19867006485638813,-1.8366384656334893,-0.41813452398203704,-0.1979249196656071,-0.7884165908742035,-0.26059421157048324,-0.329965421202235,-1.0544851134605102,-0.31823174013630706,-0.41983053300060513,-1.2427193844573747,-0.3673317735891958,-0.4881431744827555,-1.4293865293629264,-0.4125896991669774,open_palm
0.0,0.0,0.0,0.21957293287615454,-0.1575278232516031,-0.10540253396457284,0.4105840173439731,-0.40254291234753314,-0.19412912818636352,0.5691606520192029,-0.5849207612400881,-0.2829485655369359,0.7067691025881284,-0.6782507372404736,-0.37697845575280853,0.1716378590272947,-0.9250950499916026,-0.14967548482556106,0.2441552115709626,-1.3221497478352797,-0.2415862552560565,0.2970851846002527,-1.5588943044358512,-0.31206955175180434,0.3446265193346457,-1.8005908750482564,-0.36551118452074544,0.025399542820307937,-0.9847746811151062,-0.17196997022491897,0.03133650251039277,-1.4153962363591572,-0.24519670813822841,0.05092562134719777,-1.6790811036814437,-0.31315116570933216,0.06615512852012256,-1.9458690852754061,-0.3764477449971966,-0.10114768677257653,-0.9322842131216498,-0.20609012239554672,-0.16512322687606248,-1.333314567203393,-0.276823432901754,-0.18336937138373388,-1.5987396266141345,-0.34825800288063835,-0.18843775693671494,-1.8343910190691854,-0.4080076145549252,-0.21271108848538425,-0.7951937545130866,-0.2519711515770299,-0.3461242933598039,-1.0636924140680666,-0.30646713985983454,-0.43499975591637274,-1.249310620642572,-0.35167514638117015,-0.5029380160473729,-1.4334724708072177,-0.3939975082880611,open_palm
0.0,0.0,0.0,0.23202385330694272,-0.1638462519799126,-0.10643383252771835,0.42464778002878784,-0.40690943437900956,-0.19531639573906584,0.5822485787663731,-0.5942452847600834,-0.2843764666670917,0.7173403148248838,-0.6912350805804027,-0.3782130033646517,0.1876205290900484,-0.9262133221007847,-0.14860786765169462,0.2575134124924131,-1.339835209522915,-0.23829909836896804,0.3065391061995446,-1.5857725435614904,-0.305725895103986,0.34996975995415514,-1.833385887996246,-0.3570243211749779,0.03528224459887549,-0.9847033266245532,-0.17062972118187117,0.03633094590591988,-1.4364291205998254,-0.24171354966101313,0.050186693445805196,-1.7108201243723442,-0.30631688198639323,0.059036640080065254,-1.9831182316692026,-0.36744297749095484,-0.09749055069443316,-0.9322163724055778,-0.2047113529887952,-0.16027455011167052,-1.345702147137231,-0.2734573285762995,-0.17681147732656605,-1.6139402237098253,-0.3414237149057077,-0.18308686225203208,-1.8524566851244275,-0.39883803591171924,-0.2159560014475106,-0.7956294723064922,-0.25107233490862857,-0.35442619431049655,-1.070732992149344,-0.30335432810392265,-0.44746358784017315,-1.2625250584073202,-0.34648465455974264,-0.5187647897061228,-1.4528759250461465,-0.3872607285110373,open_palm
0.0,0.0,0.0,0.21228553383472323,-0.1823609955967213,-0.08935231566096544,0.38732390130822514,-0.43718026786249203,-0.17066109326744627,0.530565824916191,-0.6343300985807129,-0.25499209542406215,0.6626915154434231,-0.7442665759507211,-0.3443835276475273,0.14257603833288707,-0.9440611696357072,-0.13024432565626623,0.19843676583715059,-1.358277257099098,-0.21468447571413826,0.2380672782272974,-1.603943507948675,-0.27899521825983864,0.27153666390084963,-1.844708296708888,-0.32834861039708135,-0.006673622069308797,-0.9872646966617284,-0.15894609618955996,-0.019047568117324987,-1.4235999485144963,-0.22659206734292994,-0.014255135247192878,-1.6915573735666656,-0.2894996059470143,-0.013354839788143212,-1.9506398623713852,-0.3486603530585424,-0.13463478675385945,-0.9200780117537186,-0.19832629500454152,-0.21110757518745948,-1.3136892119567694,-0.2669364916671353,-0.2436518740458715,-1.5883052260218948,-0.3362991191739685,-0.2627372094205602,-1.828077991305523,-0.39368931510631955,-0.245460271603761,-0.7671506855444064,-0.24809445444131376,-0.38553217198123924,-1.0237673838743075,-0.3003739650631666,-0.4756776570366027,-1.1997068907679176,-0.34290638480506025,-0.5440869250328393,-1.3696117596085606,-0.3827957822498717,open_palm
0.0,0.0,0.0,0.20698975536308636,-0.1766378711678871,-0.09083078077331752,0.372854905844711,-0.4402845041544297,-0.16419434475952996,0.505759624302173,-0.6428610693927477,-0.24095031024423894,0.6241234483962507,-0.7592928957908538,-0.3214189094312365,0.14446008486966597,-0.9482397884506821,-0.09556491515283799,0.1921137901625235,-1.343970552024766,-0.1675038940428225,0.2239593538274037,-1.5798652531727775,-0.22602305194420796,0.25127708716305247,-1.808525262269414,-0.27133044760429115,0.0021493766817185576,-0.9929389908698758,-0.11860657903418467,-0.01301832596906515,-1.4083255142918145,-0.17314289260938626,-0.01106506846587726,-1.6562335832012691,-0.23316812729626368,-0.01198341076036638,-1.8966144851277786,-0.2888961344431883,-0.12336038739772262,-0.9298119096215224,-0.15514193919116726,-0.19768111317090717,-1.3112062391791344,-0.21605103256178596,-0.23332811346486929,-1.5700131126554475,-0.28703961414891266,-0.2560380633207033,-1.7998888470436871,-0.3442786697228491,-0.23552285796485817,-0.7814852863207726,-0.2024088609459202,-0.3714491138077327,-1.032762373483825,-0.24936070015114056,-0.46045975603794626,-1.2000126665246054,-0.2920629302243175,-0.5296600216405508,-1.3638473528347301,-0.3313565977852593,open_palm
0.0,0.0,0.0,0.20789318397161702,-0.16817770779445276,-0.11317692981142842,0.380013776017112,-0.43792568494908585,-0.19859364498504734,0.5228912576382108,-0.6478661477962444,-0.2835019745074903,0.6545440645896758,-0.7749977891631812,-0.3725179713018522,0.15876747437529876,-0.9455020974165822,-0.12455032703318435,0.21307285488965275,-1.3437374806468438,-0.2040182184656478,0.24683733981524408,-1.5843122822312656,-0.26775579476374484,0.2738859895723936,-1.8210050987729949,-0.31649594865162806,0.015391413129068048,-0.9902088016783989,-0.1387429763286025,-0.001896336583834489,-1.4147467932489461,-0.1982100870422377,-0.005043979543000002,-1.6703764954415143,-0.26270050760615865,-0.012396697169943518,-1.9183139381945495,-0.3225297231323894,-0.1137125060300565,-0.9266033912865868,-0.16749944149245333,-0.18976224659182478,-1.3227719619329688,-0.23316896160876965,-0.2243630249343036,-1.5814104297304992,-0.3075908496180241,-0.248140457523922,-1.8098409577075447,-0.3674771516234366,-0.23094891393604466,-0.7826482130402033,-0.20834975300325118,-0.3663722488885062,-1.0499083060691787,-0.26157113022044337,-0.4565992833706884,-1.222169394573044,-0.307405253274225,-0.5287038415980806,-1.3920655464096179,-0.3487768902122437,open_palm
0.0,0.0,0.0,0.19818981601275779,-0.17835633572534032,-0.08902407257842594,0.3485336581773183,-0.4395799378921148,-0.1544662143327789,0.46243533650675256,-0.6560372728954877,-0.22088575328137663,0.5711145984072851,-0.7745684178276999,-0.29001383770921646,0.14566845445620896,-0.9442474188890843,-0.09697677606618905,0.20396411125650635,-1.325369582999203,-0.1623718293385487,0.24003911263403635,-1.5585939519693914,-0.2128122166597764,0.2672477288635417,-1.7782035386850163,-0.2516960546951538,0.00044187454846179836,-0.9933204665943016,-0.11538732769139712,-0.0008221425800082752,-1.428145867366886,-0.16382174954946954,0.006975880307337861,-1.688013042629817,-0.21436481439888966,0.008486426696965062,-1.928955717511946,-0.26319201649985874,-0.12550485817614113,-0.9276853788014188,-0.14628641420901192,-0.19639445557507956,-1.3280770707451146,-0.1966260201825306,-0.2223302832289825,-1.580571793096846,-0.2543398720542364,-0.24053980747503056,-1.7929577319220276,-0.30301820463851376,-0.23719912443968386,-0.771653614348986,-0.1883522752801423,-0.37522785483090554,-1.0232751649370995,-0.22827381420879694,-0.4651327112900884,-1.203838293567357,-0.26518850106059955,-0.5368974927258098,-1.3810535156175712,-0.2995392939157159,open_palm
0.0,0.0,0.0,0.2045350448543769,-0.18647452311624133,-0.07408862881213707,0.3604109443017514,-0.4780886427652483,-0.13483805987920633,0.4789107946383168,-0.7136067236828038,-0.2023452760645968,0.6014815909418953,-0.8555405531633283,-0.2736767744635796,0.13054646989836635,-0.9541643700076623,-0.06728741798323652,0.18579312148165222,-1.352200535001933,-0.13045012701524808,0.218178358406611,-1.595663311987639,-0.18303809079431513,0.24275663491038,-1.8287049059728329,-0.22516542200455153,-0.010075908320224237,-0.9954071005222552,-0.09520063183298097,-0.018621547614852206,-1.4265267442080036,-0.14248346678165394,-0.01592286449729873,-1.6912100105274297,-0.1998699325979837,-0.020920017720480855,-1.9420292224294728,-0.2536399021186986,-0.13327862537691762,-0.9316767646976162,-0.13569069550961177,-0.21151922969390843,-1.324227204739861,-0.1914854050285134,-0.24701354998864866,-1.5814860519066385,-0.2595380283880123,-0.2739222096875689,-1.8069614889621035,-0.31378383558719086,-0.24336797328002438,-0.7874360450454978,-0.18591175015922526,-0.3860703156948759,-1.037620841360066,-0.23171093180244026,-0.48082901040690107,-1.205720389657374,-0.2733515104338879,-0.5590132730479276,-1.3739697319677162,-0.3104509187971681,open_palm
0.0,0.0,0.0,0.20502489117227798,-0.18665401189304637,-0.08425609772303257,0.36328808121878753,-0.47658014478951494,-0.1509246306687255,0.47940213686826,-0.7118105803945,-0.2224654437286881,0.5923767535354215,-0.8580241575637354,-0.2977272283392841,0.13082170337354856,-0.9590191178211079,-0.08271342806597148,0.18210787789862282,-1.3556484514433143,-0.1517749903957114,0.21355895837019886,-1.5967314969377118,-0.20707947736803356,0.23863757466953922,-1.829995896708337,-0.25014322780293197,-0.009958795432762612,-0.994150944874513,-0.10753930071671877,-0.02466229758839543,-1.4244229137259854,-0.15856230937503524,-0.02281876330154246,-1.6845190906907341,-0.21592034254058104,-0.027984141582223433,-1.9368862698493015,-0.2694554102168806,-0.1313162696888659,-0.9233262917180776,-0.14596627171219492,-0.212942719621063,-1.3133241667795366,-0.2038196873518453,-0.2514936042482977,-1.5634128378823104,-0.2705592973639932,-0.2797914617224876,-1.7865821566575906,-0.3238923203982744,-0.23879852636436077,-0.7715565128031443,-0.19508099748653035,-0.38062971949269353,-1.020019913797619,-0.2425389079676913,-0.47556106042687607,-1.1862418697812938,-0.2839117587638684,-0.5532401000871113,-1.3568462098058711,-0.3206767584154182,open_palm
0.0,0.0,0.0,0.20569026783500724,-0.17900357974264836,-0.08217206269119214,0.36957128827186214,-0.4563637321650336,-0.15000250660141018,0.49583691851393147,-0.6752163511885658,-0.22199866882115668,0.6141844707540323,-0.7988487510640161,-0.298286439281822,0.13638171344727215,-0.9592701577404759,-0.091389190735347,0.18578023173198266,-1.338650498768318,-0.15856742606124458,0.21724443276959066,-1.5709666443825567,-0.21065190865599015,0.24198272555888614,-1.7932940797447656,-0.2509001825369776,-0.008977533356027682,-0.9932038532678003,-0.11604089688051716,-0.020861429887133298,-1.4153153548024515,-0.1657840540196768,-0.017877513018792347,-1.669068676596193,-0.21775465851747733,-0.019955438397623464,-1.9135746706294625,-0.2671900276465034,-0.1341991162625668,-0.9165306769036611,-0.15301645626586705,-0.20653801701447735,-1.302669180298603,-0.20672048852821923,-0.24078521435880657,-1.5546399997887772,-0.2659335807755499,-0.2645154118558066,-1.780942293050994,-0.31459931937904856,-0.24387472751413355,-0.7557401968233681,-0.20076112920172876,-0.37759177823698736,-1.0181759370582437,-0.24541164089667394,-0.46768092177464005,-1.194207001866263,-0.2830774153120491,-0.5416517371290264,-1.3712507843721364,-0.3169093922370512,open_palm
0.0,0.0,0.0,0.21045985019817753,-0.1721736536062521,-0.08315932955761934,0.3775784102873427,-0.4293431586648039,-0.15516844536362612,0.5052348508618589,-0.6324334505063063,-0.23168204240134133,0.6210128911550394,-0.7471658411914591,-0.31239761589940857,0.1624987974141501,-0.9525332168666912,-0.0989855192790527,0.21765431877536728,-1.3332096671382319,-0.17210085694627958,0.24984343904384293,-1.5640915654963112,-0.2286885062645855,0.27379712648478355,-1.7851107350047781,-0.2718077766255855,0.015063221238262219,-0.991886147176216,-0.12623371342810344,0.010670392844046311,-1.4102950051327228,-0.18426324337736982,0.015329777348159764,-1.6613540398561881,-0.241575404323194,0.012902354646180801,-1.9030448546767553,-0.2937716894215599,-0.11355636590682744,-0.9221406257026763,-0.1655578186023202,-0.18305580424643056,-1.3081504389954077,-0.22728424854653775,-0.21565214321088258,-1.5601783751309486,-0.2916537549656353,-0.23904287474070227,-1.7889317460505165,-0.3427601596608938,-0.22811336124568926,-0.7681065380757016,-0.21528800133392537,-0.3583919724328163,-1.0375826443655352,-0.26483499676570255,-0.446766883474666,-1.2153979778996116,-0.3054186483117167,-0.5194875561488373,-1.3943751782833642,-0.3412378513003662,open_palm
0.0,0.0,0.0,0.20373017180238218,-0.18447710815464635,-0.08163292336512123,0.3644203952896083,-0.4433079953432848,-0.15751375450152552,0.49397996461261506,-0.6378223735192667,-0.23855140194582491,0.6111157350884208,-0.7546052775112885,-0.3237763069104937,0.15202617374676541,-0.954906525116285,-0.109830205041988,0.20920574173500636,-1.3444021803896047,-0.18742408293626098,0.23685745041192532,-1.5760116225117566,-0.2467826215911594,0.2564673057553294,-1.7975273319493092,-0.2925817422450756,0.00627238794520771,-0.9901169841255311,-0.14010351492959505,0.000160229162060463,-1.4175796036157058,-0.2038774011416208,-0.0022150272604438814,-1.6724608218302621,-0.2649423375977181,-0.012221499465453702,-1.917321879921441,-0.320748106587947,-0.12097623804232763,-0.9198702851268419,-0.18172229750716948,-0.19124850124149698,-1.3059639894536754,-0.24795230957116957,-0.2291034459499512,-1.5580424050896766,-0.3181028912019146,-0.25858611500137,-1.7879607854147552,-0.3742158835069609,-0.23358633986159372,-0.7656443823813365,-0.23289182512530057,-0.3704711094097917,-1.0186059706913833,-0.28574633801056776,-0.4647423696878399,-1.1978829782705407,-0.3305319991498059,-0.5420306975146694,-1.3842860570565871,-0.3706416761466141,open_palm
0.0,0.0,0.0,0.20291007114852028,-0.1909731230876662,-0.08118229331613785,0.36441710108334546,-0.46609360428658503,-0.1562506825431418,0.4963897068138621,-0.6691475356161636,-0.2361261840517415,0.6185096643160674,-0.7859064456381963,-0.3208693858903549,0.1484140299750229,-0.9564719020547429,-0.11599636842354594,0.2087966797129818,-1.3550587868902122,-0.19666694074780972,0.23894476542253842,-1.5915840856313148,-0.2573782309081955,0.259288257678852,-1.8143274979219233,-0.3036625068664013,0.0001926246258005479,-0.9892507332458234,-0.1462290315510362,-0.009307520537295527,-1.4197995180962155,-0.2144744917874421,-0.011708941332735123,-1.6796310786012065,-0.27712990934708254,-0.020989494422418948,-1.9288384785608652,-0.33358365035235,-0.12854013628013417,-0.9199492591891574,-0.18705324843687354,-0.20241928387825686,-1.3102310825925494,-0.25737929541270665,-0.24114129444495544,-1.5661984917226017,-0.3275334882733763,-0.2713697755904379,-1.7978238255088688,-0.38304871648012195,-0.24149379751017022,-0.7714831191837866,-0.23732370093592806,-0.3786814108400877,-1.0268735668688755,-0.29268140782039076,-0.4748499142499454,-1.2071759953568708,-0.3373776204655992,-0.5544523956968184,-1.392222261471421,-0.3773014819705653,open_palm
0.0,0.0,0.0,0.20925094277371223,-0.1815723949396259,-0.09070961059901915,0.3798881256985155,-0.46385088029772553,-0.1709359114311825,0.5171139641173769,-0.6670729732505837,-0.2548343906556318,0.6425398226737318,-0.768811591532951,-0.3449263625546811,0.1580286987089921,-0.949677498345346,-0.1282297165738285,0.21728508124041132,-1.3363311546729963,-0.2143913716742004,0.2480632736000387,-1.5738812955127546,-0.278812557505641,0.26878142950852035,-1.7977637351793194,-0.328173108491216,0.01317070697283733,-0.9872217365675733,-0.15880728990301482,0.007758694656301156,-1.4255153882533795,-0.23038715525907127,0.006346748868769243,-1.6929547376322245,-0.2961954011016833,-0.002831517030346234,-1.950110645329493,-0.3564682619745611,-0.11625861865339066,-0.9185753271829162,-0.20111988503560593,-0.18522457583305066,-1.327238314482381,-0.2753223144902707,-0.2199901599784425,-1.5812910740665462,-0.34817009211871397,-0.24655848274211073,-1.8134110663717993,-0.4066634911734631,-0.23471120444751536,-0.7670771095963186,-0.2537392619257384,-0.37052324223837113,-1.0385293032940999,-0.31548921985779976,-0.46501262871464555,-1.220129933027609,-0.3632169187077167,-0.5428291633096706,-1.4073247616308837,-0.40558588038138066,open_palm
0.0,0.0,0.0,0.1967147198909482,-0.18155973120969396,-0.09107057115165806,0.36010503494698903,-0.45352182654751355,-0.17703868266780853,0.49805390298177715,-0.6462362288802733,-0.2671348091301257,0.6227920469339497,-0.7497435192053926,-0.36343164864295224,0.1399953768472667,-0.9510066343767832,-0.1372535248497485,0.20177616384322308,-1.3254845456125615,-0.22953889081332876,0.2347895716304709,-1.5528383128730245,-0.2982955609005997,0.2583300073153453,-1.7689006434135575,-0.35071785479230083,-0.0018166370149266023,-0.9852819002470576,-0.17092763637136826,-0.0061601377337705395,-1.4148804083585624,-0.2513334075517373,-0.005445138971244747,-1.6768927303743524,-0.32287737471780126,-0.010649135928715053,-1.931972955611855,-0.3866128081106729,-0.12948696632111606,-0.9102988164472826,-0.21582976426329606,-0.20186876237651227,-1.311050749236082,-0.2966806201426678,-0.2365735148650037,-1.5698257777920053,-0.3734365546443421,-0.2606649727430378,-1.8070569250036266,-0.4346411645275968,-0.24503937638437537,-0.749095532539326,-0.27068249043677456,-0.38227583476036453,-1.014071312220814,-0.3360067197166109,-0.4761229760136822,-1.1951782041120096,-0.3856049867933154,-0.5520082863121512,-1.3820438718925758,-0.4298321328053189,open_palm
0.0,0.0,0.0,0.20293830142668512,-0.18611711120640811,-0.07466706432611755,0.36595396777764305,-0.4547067676241499,-0.14634274682990295,0.49914133021846685,-0.6556811819542211,-0.2242888996533231,0.620788733610311,-0.7583727088734892,-0.30757877946336454,0.13894632592509462,-0.9541412862157781,-0.10515406301265834,0.19476894749087867,-1.3397522155210206,-0.18423028217287735,0.23145478696948465,-1.5714154987379485,-0.24491289770232788,0.2624092535966618,-1.7967405162455234,-0.2917934507497131,-0.00271449380032672,-0.9901315991917652,-0.14011433832897022,-0.013829375187286849,-1.4189948375272965,-0.20354846256452896,-0.008980700457606447,-1.6752260127884284,-0.2651183367553146,-0.00990028715439978,-1.9304306750174332,-0.32234350742335444,-0.12840205520854814,-0.9176036074248848,-0.186056140306842,-0.20767176252471967,-1.3086744500950651,-0.25204694598674976,-0.24589812953593618,-1.5701310688742773,-0.3216287533826469,-0.2735085205045957,-1.8086852389741002,-0.37850717144526874,-0.24103040413119875,-0.7582120161767202,-0.2411953631207065,-0.38580846004476127,-1.018244331700859,-0.29389438142923197,-0.487302472647038,-1.1920572334350379,-0.33728595746338746,-0.5715937762049476,-1.3694969390159173,-0.37715247642598176,open_palm
0.0,0.0,0.0,0.21148915676497826,-0.19012858028234722,-0.07565949996243511,0.38608141502461835,-0.46912283428423684,-0.1459557970484427,0.5325653627273845,-0.672387952161848,-0.22249423038464033,0.6642826549566602,-0.7636228481037157,-0.303900621772423,0.1504961139090725,-0.9554524906617439,-0.10120022831282331,0.20735253725127364,-1.3481375464787702,-0.17821163682420915,0.2398865557210828,-1.5849892251296633,-0.238306263579092,0.26428732008331796,-1.8139089594109559,-0.2848873979997662,0.005383858094371357,-0.9908705792551775,-0.1347089055650303,-0.004519799423118315,-1.4142139357793795,-0.1953101384462252,-0.0037682697890699312,-1.6710808526640062,-0.2562465034422299,-0.011300500597308109,-1.9216316138922362,-0.31324564226193674,-0.12189680399128713,-0.9184716212452942,-0.17931887795954649,-0.20487825118610825,-1.305151053450713,-0.24391966387468988,-0.245566115675465,-1.5640060167272758,-0.31347360625093146,-0.2761515681101136,-1.7970326099487648,-0.3699125799324065,-0.2339420064177358,-0.7646355092346082,-0.23331523002443758,-0.3773544024041705,-1.0202082920894033,-0.2830723787805759,-0.48179041738785455,-1.1866763145970778,-0.3249974865064664,-0.5703625185813499,-1.3545908813443683,-0.36373109838643153,open_palm
0.0,0.0,0.0,0.2112788911450943,-0.1846089120213048,-0.07988974532699399,0.3882433064392938,-0.4604924665149511,-0.15384179155023517,0.5322489852487466,-0.6685712403593319,-0.23372989450484222,0.6631875100745079,-0.763473996683097,-0.3186989429504196,0.15621854087043915,-0.9536215463215847,-0.10992477478047138,0.22104145544113257,-1.3517239839663004,-0.190268193214557,0.25050477001418947,-1.5914747027018856,-0.25148449633243186,0.2692822805958957,-1.8234411278477651,-0.2986889534073664,0.006434858591734744,-0.9895872662882766,-0.14379017697673016,-0.0004524134687300675,-1.4150815832477617,-0.20934531138869372,-0.003190610713779151,-1.6756495258437818,-0.2715841229833406,-0.014644546929410484,-1.9246706678802237,-0.3290241721062906,-0.12403384070080646,-0.9151747072344107,-0.18875509481731365,-0.2092698491178958,-1.3060435328462494,-0.25828863579189104,-0.24837679558097772,-1.565850548210191,-0.3285655543387191,-0.27672033428252535,-1.8009356342171583,-0.38466272300521537,-0.24052825747746387,-0.7614529963702288,-0.24331245908248222,-0.3843051277498119,-1.0224734525043149,-0.29839327353637957,-0.486362941677577,-1.1987151670528453,-0.34230017079452546,-0.5710803407600734,-1.3820323840831368,-0.3816052545431826,open_palm
0.0,0.0,0.0,0.21787397951274615,-0.18295500325469222,-0.07197821474228486,0.40042744135965563,-0.46270646394951936,-0.13889593000377462,0.547027074631402,-0.6664369310505736,-0.21323714204165478,0.6827631966811794,-0.7514381220764034,-0.2925580895022909,0.1750121460047254,-0.9473861494614051,-0.09235438247900786,0.24580752847976214,-1.3284183944656414,-0.1649013836112371,0.2793639508455318,-1.5661237428221126,-0.22080239114494735,0.3038421538990293,-1.7948246121843219,-0.264705421025777,0.028485755477991988,-0.9913990683384044,-0.1277357782009068,0.03373226466256071,-1.419839968888236,-0.1814039020363554,0.03611563931346676,-1.680701568362395,-0.2361207231575275,0.031055222429407225,-1.929888115058087,-0.28993704910983886,-0.10340422682719771,-0.9267999623827271,-0.1745397954810708,-0.177327751213574,-1.326481044248362,-0.23422870184018527,-0.21121734845747447,-1.5838055963230577,-0.29794717822886746,-0.23323629697817397,-1.8169756663354626,-0.3513621369239442,-0.22444602315869547,-0.7783723454382253,-0.2309108602241154,-0.3646344283768041,-1.043128747295982,-0.2799514556820365,-0.46080585949799585,-1.2131265516760787,-0.3188752228344566,-0.5390509546266509,-1.3898015866334825,-0.35518897083628626,open_palm
0.0,0.0,0.0,0.20610942577362462,-0.1734514361679309,-0.07530845721091473,0.379532016599379,-0.4402190825064824,-0.14094367532204616,0.5221191276673456,-0.6333443792399938,-0.21335836668648814,0.6518201074470961,-0.7171511779302175,-0.29036119865507576,0.17663158738568735,-0.9461921731621693,-0.08449240344804647,0.2529959057368942,-1.3199967655951113,-0.1535595725561149,0.2917275591295198,-1.5453223470346167,-0.20905491862546952,0.3217642521435297,-1.7592739808194702,-0.2527183136580415,0.035382823783202115,-0.9926520859129898,-0.11571461495298137,0.04464342030873324,-1.4102662581341356,-0.16790915126648598,0.05202782790588511,-1.6584405980661838,-0.2253701354792798,0.05421692193681351,-1.8954179784861394,-0.27980537940576095,-0.0919269057844403,-0.9318896591615909,-0.15915164090953354,-0.15703194149186525,-1.3210957540291552,-0.21663684995646473,-0.18446023235523074,-1.5654689082572528,-0.28303861273912834,-0.19982243062327873,-1.7856398652555914,-0.337595804647807,-0.20722355323659228,-0.7876321926499809,-0.2125901445436914,-0.3407029862983138,-1.050299024680584,-0.25953586729995737,-0.4315712823520376,-1.2221989252911867,-0.3004837408068824,-0.5026509095577442,-1.3995003550102614,-0.33789271109202973,open_palm
0.0,0.0,0.0,0.20868977267161734,-0.17327036663595402,-0.08231195807344076,0.3852103610140956,-0.4339502068305314,-0.15453838440098872,0.5300558787358515,-0.6283220842104479,-0.2312651674151209,0.6638629532228356,-0.7232669005303439,-0.31219023801744694,0.18174972892873711,-0.9373341396985401,-0.10881236889116921,0.25827961775198005,-1.3223087736388734,-0.18281441217992203,0.29644604863554214,-1.5576732944268026,-0.24006272985297422,0.32587729126699116,-1.7831920669057426,-0.2850999357790963,0.03442910108979242,-0.9900026895532981,-0.136781912822509,0.04536642180655161,-1.4105361172332924,-0.19557085114176376,0.05321083324805727,-1.6690046934983866,-0.25404549072222155,0.05521482742012303,-1.9162418579014067,-0.3093149136728533,-0.10064454139036137,-0.934164893309832,-0.17542296246177963,-0.16525250567716893,-1.3249167972998048,-0.23786361705262624,-0.19305897565775745,-1.5781204318387225,-0.30339262726496485,-0.20863604680442682,-1.8030419388768246,-0.3573276001690066,-0.2248397586862254,-0.7942010856788599,-0.22395168542915367,-0.35960220664248066,-1.0597060112193042,-0.2733952579709192,-0.4467655171675278,-1.2364764828217738,-0.31401102311722223,-0.5141170034916482,-1.4146807393475818,-0.35122647716273103,open_palm
0.0,0.0,0.0,0.21192348467391442,-0.17106946150113267,-0.08533408145040719,0.39337626510250134,-0.43537418156209273,-0.1620257869441845,0.5411054726308405,-0.6346984015274979,-0.24350098573092596,0.6750576386145989,-0.7308947084714486,-0.3291813150991112,0.18499857164798583,-0.9390836700773189,-0.11835215644068571,0.25360926031831427,-1.3298659505917285,-0.19751030994542831,0.2838461345256684,-1.5721124321576125,-0.2565581096867763,0.30145762445683677,-1.7967256654735662,-0.30233461699877673,0.03296529069881028,-0.9883076967306975,-0.14886626949045995,0.038557705804581205,-1.4221963698162547,-0.21278099537317427,0.0395768482021014,-1.6870146628812976,-0.27191126345595323,0.03133145183335748,-1.9369826637622087,-0.3277446430252593,-0.10666646744320381,-0.9317907033754415,-0.19028251036675942,-0.17305330257345566,-1.3303407995395127,-0.25749239943370583,-0.20693608502200175,-1.5912782520317088,-0.3229907139677279,-0.23110507214024173,-1.8225920890101162,-0.3768967569973553,-0.23680565580426352,-0.7896210817714813,-0.24196654500008197,-0.37541033982683025,-1.0576446531598793,-0.2951485488211254,-0.4725244021124835,-1.2311633153702934,-0.3356778266900933,-0.5521026253616073,-1.4041612157047867,-0.3728441023875882,open_palm
0.0,0.0,0.0,0.21876676561639316,-0.19906356809832612,-0.07346459387896515,0.39884335356337725,-0.4841263589114937,-0.1429504878159789,0.5448402206076935,-0.6904406651901586,-0.21931757367256538,0.6775154446309265,-0.7998884979347828,-0.30033369480526334,0.16776650569062468,-0.9476605058718958,-0.09950706716891534,0.22809540055220992,-1.3382972983739918,-0.17187080840263408,0.255372885520718,-1.5832067680020445,-0.22703469546680727,0.27216510226561375,-1.8142737004999618,-0.27064203266241804,0.015681742896259347,-0.9909595037898694,-0.13324160306852736,0.011457552552096347,-1.4364745267017591,-0.18848861562949723,0.005922511148431788,-1.7086803493902387,-0.2434750848701657,-0.007684704294477721,-1.9695920788127377,-0.2976978656837643,-0.12316666835375926,-0.9310947062300291,-0.17761591376078328,-0.19745275288362085,-1.3404677065393387,-0.23613847761844023,-0.235664345252133,-1.6004092694804055,-0.2981007620189907,-0.26304283708516213,-1.836441494392073,-0.3512054639877204,-0.25038198641079157,-0.7853643028511825,-0.23156708068994464,-0.39789017799125,-1.0526704863845284,-0.2792653763969835,-0.5015592965889942,-1.2319942759702507,-0.3175131165640445,-0.587428265693518,-1.4167732544991938,-0.3537800921427012,open_palm
0.0,0.0,0.0,0.21706321455090125,-0.2025642008002824,-0.0781544099595078,0.4004635574177811,-0.4853340954475863,-0.1518205957892956,0.5463653645252117,-0.6988019075303954,-0.23112168082410434,0.6842635481416074,-0.8241481508394802,-0.3146304604734638,0.1710949458343838,-0.9490750319754059,-0.10933598646761712,0.23295894976142817,-1.341699604024243,-0.18350617872247935,0.2591453223766683,-1.58802394568409,-0.23861098670332936,0.2741825630315985,-1.8219104883433948,-0.28203525313310246,0.016511776879434857,-0.9898139342525867,-0.14140621196998165,0.016693555675580268,-1.4364651317977168,-0.1988910171517424,0.01111144195542984,-1.7098364832126574,-0.25258552991446725,-0.0031188722513557474,-1.9706010636413536,-0.30560974249673695,-0.12370531593900609,-0.9296655559740266,-0.18384288096891582,-0.19552999929522638,-1.338753745451619,-0.24325961541889743,-0.2317821840535131,-1.5942883750998174,-0.30147375141214133,-0.2587637962936792,-1.8258572259344947,-0.35178964010370406,-0.2526741579277148,-0.787033916783535,-0.23618475350806037,-0.3996282417282347,-1.0568982473309734,-0.28485567313651433,-0.5012785135810831,-1.2357971180646454,-0.32140268235803726,-0.5862611781580287,-1.4221711730994873,-0.3561292984304315,open_palm
0.0,0.0,0.0,0.22724886818522191,-0.19968590775377576,-0.08150351244131196,0.4140726763516121,-0.495820080630184,-0.14989352843946585,0.5627836588442714,-0.7251486461507004,-0.22310719802135517,0.704384927250441,-0.8590221852674996,-0.29980024289871327,0.172741841497528,-0.9445961955308485,-0.09252855378088885,0.23303279902596188,-1.3402610917842068,-0.15893604161266678,0.2594678914785097,-1.5896173345525628,-0.20907308651200807,0.2748406289958031,-1.823707097790468,-0.24873185358115582,0.015721298873026646,-0.9928298991240679,-0.1184973086911161,0.01475472231441225,-1.439468744002634,-0.16581656366733583,0.010427004444998812,-1.7162126898886612,-0.21600915473397173,-0.0026652882260136453,-1.9761050273329928,-0.2666917972835804,-0.1259441833441249,-0.938524059433519,-0.15632601877112384,-0.1992679564167454,-1.3503981818597757,-0.20914552848051898,-0.23494871451940547,-1.6044496994216992,-0.2660709254206673,-0.26155711101391177,-1.8307880987812486,-0.3150770747697943,-0.2558988243827968,-0.803102357074611,-0.20460386630740585,-0.4047755664050213,-1.069137001906296,-0.2482228553615582,-0.5080903876888317,-1.2465309020584407,-0.28339891244261806,-0.5940486797662667,-1.42998824624833,-0.3166435743510848,open_palm
0.0,0.0,0.0,0.22985424040740232,-0.1995129600967709,-0.0723321441748836,0.41513201890129703,-0.4778728140215345,-0.1371707859689259,0.5519212041832182,-0.7062909544075399,-0.20682193086554512,0.668497695417256,-0.8527039469504505,-0.2795747795775305,0.1861589789457354,-0.9422179645492154,-0.0947468696181179,0.24975539704231456,-1.3423051619062911,-0.16049908923360684,0.2805302719835549,-1.5890158990158665,-0.20815057257765401,0.30242139382622013,-1.823591064349553,-0.24632812843556734,0.029863630359171785,-0.9918239737220499,-0.12406993484310647,0.02937794042920108,-1.4386190265943217,-0.1746298569050227,0.02924332956090413,-1.7099397147711983,-0.22278690679258353,0.022698693017609933,-1.9670334493933848,-0.27043849592582136,-0.11228873778159894,-0.9369182552049308,-0.16334621723814746,-0.1865450389665481,-1.3392615363567522,-0.2182417094668087,-0.2232182960379705,-1.5940990461319375,-0.27392951571821006,-0.2476203360820069,-1.826508166026725,-0.3206465396299542,-0.24284134464424958,-0.7951380769466041,-0.21168125156229142,-0.3892932676094274,-1.071195299832607,-0.25750153576548096,-0.4848585797367039,-1.2587352743856135,-0.2935185707311331,-0.5617574596483295,-1.453092774577127,-0.32622955242758245,open_palm
0.0,0.0,0.0,0.2306519261217767,-0.20069430791079854,-0.06651323739532114,0.422311315162668,-0.4857880996828811,-0.12776435550882,0.5686198648596061,-0.7211945171511345,-0.19495635810237652,0.7028067990467852,-0.863881241479118,-0.2644955951454245,0.19107639988086497,-0.941985387574551,-0.08416966502615818,0.25620124189223986,-1.352282159304772,-0.144846718583219,0.2864236445782677,-1.6030629409888795,-0.18852610303270312,0.30765875716785285,-1.8410111967546254,-0.22422377608154134,0.03334797144741353,-0.9928834037564281,-0.11432602217077147,0.03666910543525337,-1.4411554120043388,-0.15946819605899315,0.036528396694969066,-1.7181710302100617,-0.2029801848289755,0.02884765466438783,-1.982074882596964,-0.24746779898537183,-0.10953598604072495,-0.9403446041275857,-0.1539697715332075,-0.18236918365173238,-1.3420636561479675,-0.20355680340889315,-0.21758130266758352,-1.5986380982058286,-0.2528635645084296,-0.24127443988618108,-1.8332550270555612,-0.2950138939031766,-0.24034150896936599,-0.803758903289275,-0.20263167934842913,-0.38527818319714974,-1.0846586757699421,-0.2432304829149654,-0.48192558221455944,-1.2725169365690105,-0.2742524281532121,-0.5614662246271915,-1.4684439193101324,-0.3030137440828222,open_palm
0.0,0.0,0.0,0.22759398848403947,-0.1972630615415903,-0.056320997928831835,0.41132406026976304,-0.47273931589102547,-0.111939309684593,0.5533741065478458,-0.688648317891216,-0.17666054701445655,0.6811488277516813,-0.8099752127893917,-0.2439377838397134,0.18586208360888856,-0.939291264690067,-0.06124991410048809,0.2494779628448177,-1.3320745597377512,-0.11759493539243594,0.27988546939971753,-1.5806664566274098,-0.16127375518354783,0.300670150063617,-1.8104020625854242,-0.1972010471655344,0.035154822807435385,-0.9946827591428238,-0.09680044988220259,0.040974076571592806,-1.4492107349423247,-0.1365594116262937,0.04246459027704915,-1.7294718428340976,-0.18146985734053941,0.0365341411449866,-1.9919720802448109,-0.22786332479526658,-0.10392853813744202,-0.9473968404097609,-0.14243061115646907,-0.1746509168774513,-1.3586840716404724,-0.18625202174330738,-0.21047707286548012,-1.614134270411661,-0.23664379708214503,-0.23371863111888885,-1.841973534983902,-0.2811493668280208,-0.23278431558131835,-0.8121615828576947,-0.1971084655126787,-0.3817794465907635,-1.0901957733256704,-0.23315778688577704,-0.48259896312688744,-1.2719147671039608,-0.2633270113286409,-0.5634953307056003,-1.4547193322208294,-0.2924247630494381,open_palm
0.0,0.0,0.0,0.22934940222367747,-0.18988735460888032,-0.060909604534982544,0.41029635115886404,-0.4648900782195477,-0.12146840550621155,0.5516645267274407,-0.6811128608779194,-0.1912355622348723,0.6785596708564282,-0.8024763410262326,-0.2635006063348209,0.17684257422237393,-0.9342078658561813,-0.06902981507339521,0.24148127356548055,-1.3333130590543332,-0.13185657117184404,0.27461547390671254,-1.5866460621572651,-0.1814657588900332,0.29713217745400755,-1.822664876560468,-0.22153262732688817,0.026477728544678888,-0.9941011169192148,-0.10517546877044846,0.03120905606900863,-1.451393179328428,-0.15225656031791035,0.03386987860022408,-1.7379825732131606,-0.2053108517680964,0.026672227746857374,-2.0095002243582747,-0.25745377521580776,-0.11439211112692498,-0.9538956967636582,-0.15165187064838256,-0.1913138569615612,-1.3710563090443064,-0.20102321325318617,-0.22843964083969684,-1.6399833916968427,-0.2589150111302173,-0.25442117564539546,-1.8785336248015363,-0.30906712660562163,-0.24613189856627182,-0.823677234956274,-0.20730520085871676,-0.4127569693528408,-1.114788024882113,-0.2462591417130469,-0.5260534322430853,-1.3093765856509036,-0.28022135169448065,-0.6181714624402452,-1.5023277070810597,-0.3132326402562287,open_palm
0.0,0.0,0.0,0.2180417783139688,-0.1852633265231812,-0.06979442976583428,0.39484924543435024,-0.4600882019258336,-0.13535458397204853,0.5331306058078921,-0.6761724477292189,-0.20729159547485057,0.6625012310962592,-0.7954234020406338,-0.2820178864500044,0.16870851994992503,-0.9352777682655153,-0.08878166181504507,0.23034409020484028,-1.3346018638135784,-0.15532339348450444,0.2632463410291085,-1.5859133935380316,-0.20509842973718193,0.28616021646444645,-1.8224063737805796,-0.2443640271184963,0.016947210967781397,-0.9926280199410402,-0.1200099415396197,0.01653278279720083,-1.447829400080679,-0.17011397912383244,0.01971847965019549,-1.7281946104705541,-0.22123071863749902,0.015325583395457821,-1.9909563437196134,-0.2717375689680938,-0.12363245749738533,-0.9480419017989018,-0.1614108604813953,-0.20409839863306356,-1.3655123182141309,-0.215250204603077,-0.24042458427246366,-1.6361127368954533,-0.27375452332061134,-0.2638577972885536,-1.8775271840180678,-0.32343579969974573,-0.2550830801972288,-0.8164536516754201,-0.2119888221965995,-0.4167842275541499,-1.1091342188081381,-0.2551274064807905,-0.5272541064677394,-1.305008685341631,-0.29084815004574577,-0.6165488102999969,-1.5021154668522532,-0.3250286269495353,open_palm
0.0,0.0,0.0,0.21863415174665254,-0.18275673238401352,-0.07439383005738227,0.397777388691079,-0.4479081651431468,-0.14531153921221265,0.5343126488793176,-0.6574115179771891,-0.22127439906756646,0.6552092744948489,-0.7760819268799919,-0.300647367560521,0.16860231177408325,-0.9336538426580626,-0.10595207067452052,0.23047509308524042,-1.3328729188858381,-0.17859683740439034,0.2660607061183343,-1.5842931940522635,-0.23227911243763222,0.291813458975322,-1.824570336500989,-0.2744721021526533,0.015637884106364772,-0.9903381498319765,-0.1377889167097746,0.013006624031508363,-1.447580531959151,-0.1945191899471723,0.01677905156542719,-1.7281353280925884,-0.2490881409641885,0.014011581849390012,-1.994898496765449,-0.3024600564721935,-0.12489669460670312,-0.9433732990312883,-0.17924540709468947,-0.2032460061620731,-1.3617291002248972,-0.23847471240663606,-0.23896816237694424,-1.6378503496691654,-0.3006053622916231,-0.2620150671431367,-1.8875270622125861,-0.353199273511519,-0.25529799729746716,-0.8076654696783334,-0.22972048082770943,-0.4185171306109789,-1.1030535249211515,-0.2775104276795047,-0.5268995579818951,-1.2942037230361774,-0.3160694717471026,-0.6138952098534071,-1.4875436985537411,-0.35271730734927553,open_palm
0.0,0.0,0.0,0.22770092370425785,-0.1822415384468058,-0.07670910695607466,0.4114829390527718,-0.4452476449028913,-0.14857243265099193,0.5477170276663349,-0.6459249211656852,-0.22541172642959167,0.6626613746974376,-0.7519504446658483,-0.3057767849670888,0.18586841578792818,-0.9256334304132197,-0.11051724088156928,0.24932376140407583,-1.3307599567839556,-0.18684360163717606,0.28803315353625075,-1.5891753893704754,-0.24180151707381717,0.3155474692633205,-1.8319077591627553,-0.2841762222981102,0.031924236573742895,-0.9893434772137895,-0.14205740816202284,0.030319363834266345,-1.4634592326940246,-0.2017969410089277,0.03744976178380385,-1.7621755486641686,-0.257015260202581,0.03690593811037234,-2.0448885082040484,-0.31125055469884055,-0.1115257679913044,-0.9493796014594077,-0.18378376999793852,-0.19114183376355404,-1.3760688105945524,-0.24569466543977925,-0.22459559500572734,-1.654687284414284,-0.3061679155686757,-0.2457712027887669,-1.9053223904712304,-0.3572656422737113,-0.24624058421495698,-0.8227293757448386,-0.23528683226877486,-0.4091697944454603,-1.1329820989993082,-0.2844684328228179,-0.5203150135041715,-1.3319669670040224,-0.3216361540128149,-0.6101167064053238,-1.52639965865088,-0.357107905410226,open_palm
0.0,0.0,0.0,0.22533362570920576,-0.18819874248194587,-0.09196181051842908,0.40761017466449295,-0.4486683432866618,-0.17703575597697907,0.5427872015833417,-0.6403898084276266,-0.26500337664756307,0.6599569685452569,-0.7477736560703859,-0.3589721968201357,0.18599873932648012,-0.9283618693015794,-0.14823286040160757,0.2496104288412874,-1.3363338360044914,-0.239880290148431,0.289444330308151,-1.595609803793667,-0.3057770912123136,0.31815246549833365,-1.8419543200785462,-0.35569820873020386,0.029163863787322074,-0.9836036446348886,-0.17796999553283688,0.02444071408707839,-1.4686117667297338,-0.254408703833778,0.02799248425710915,-1.7730611095908886,-0.32017944927739267,0.02525074908954662,-2.063570825509079,-0.38222151544504346,-0.1128718744502004,-0.9351753413594054,-0.21781113853605932,-0.1886255862992276,-1.3662578170127522,-0.2920943303107951,-0.22246325156430377,-1.6426293027850627,-0.3602834030945344,-0.24363669022155823,-1.8921232466320843,-0.41692885668057644,-0.2439400210928559,-0.8029706803363097,-0.2682411977384898,-0.39338246781058356,-1.113926645322785,-0.32839956943151416,-0.49548419440936153,-1.3132816661728113,-0.37300255146687467,-0.5761428317431436,-1.5084101114394202,-0.41411352634855847,open_palm
0.0,0.0,0.0,0.22467745025408062,-0.17984287445073646,-0.07571774378995003,0.40390296037241347,-0.4244526472255364,-0.15326718340657605,0.5339039170825066,-0.616259103961334,-0.23659489097651837,0.6441927016501582,-0.7344461230879404,-0.3255887628735109,0.18366377052224075,-0.9284967707169014,-0.12463554354610444,0.2496750700585957,-1.32790011795653,-0.21079890629711034,0.29317115714230163,-1.5782590611037843,-0.2729125888739606,0.3280020006330746,-1.8191032551860806,-0.3202373460394424,0.031653851303447104,-0.9863766553553629,-0.16142833539260262,0.02729337097145787,-1.457633840565467,-0.23150207489543764,0.03383369177739679,-1.749327855817788,-0.29136085483232405,0.034736436229790356,-2.032405210045222,-0.3488130489982437,-0.1070081122639039,-0.9370985432131193,-0.20831581946876798,-0.17806896121748925,-1.3610482579386798,-0.27791389546138356,-0.2093193234017072,-1.6389616109318534,-0.34077811975996614,-0.22938306466675798,-1.8921342062131055,-0.3939740532945789,-0.23585116112020096,-0.8002160086292339,-0.2647555936852001,-0.386628649903445,-1.1029643467338925,-0.32073722089527595,-0.4859262629618383,-1.2959909833440661,-0.3610238408130157,-0.5645938710507056,-1.4873027412360105,-0.39899602396071815,open_palm
0.0,0.0,0.0,0.21523845563789523,-0.1762754349099202,-0.08109705961730009,0.3880544056035581,-0.4334386813000584,-0.16273391084813627,0.5153645618690171,-0.6283803918955693,-0.24978297811636743,0.6237201456114201,-0.7359036235758047,-0.34455115658271274,0.1799787269149069,-0.9309900608800409,-0.1408505019158702,0.24184318791565773,-1.3295440152407467,-0.23332095111787313,0.2799718518428259,-1.5852499322977684,-0.3004032263369602,0.3093615516178946,-1.8276849036388207,-0.3516701377032112,0.03047935233111748,-0.9834354886978153,-0.1786774430395861,0.022087207963698518,-1.457168028761329,-0.25330653759176525,0.018399799657165428,-1.750378114382897,-0.31677064509272346,0.010551864725112697,-2.032996577842385,-0.37775814859657214,-0.10803054621409647,-0.927656026311434,-0.22665324823098756,-0.17567131463135785,-1.364858141775672,-0.3009304533228872,-0.21163617161822026,-1.6521312324682182,-0.3693752954216953,-0.23623709052019753,-1.910120228776446,-0.42771238023309943,-0.23731795306836426,-0.7823582754952794,-0.2842912768234364,-0.3902157451732303,-1.0836563056720132,-0.34539376365407587,-0.49197080404951277,-1.2736913413413475,-0.3893158523815246,-0.5724198958271166,-1.4626069232436993,-0.4308829900498988,open_palm
0.0,0.0,0.0,0.21320364200688996,-0.1896908511776069,-0.09451189214388872,0.38646779363321637,-0.4495477814086861,-0.18919186910005217,0.5158370800739858,-0.6360410603284513,-0.2861359444183289,0.6272463373122618,-0.745012880034578,-0.3922224122687472,0.17315749332773256,-0.9359934259451813,-0.18188359894640754,0.22897733156678007,-1.3427014197401137,-0.2893854853879857,0.2652291034995357,-1.599293572101737,-0.36572381099311624,0.2921098710986997,-1.8477434575461582,-0.4226073947342104,0.015489552474350564,-0.9759025980047158,-0.21765608875423204,-0.0019494680421544446,-1.4536598668664764,-0.3112170670117561,-0.0012498922192352852,-1.743776910836986,-0.3837962512012698,-0.0038942717272276634,-2.0276229623588136,-0.44989469992265724,-0.12497025353805351,-0.91300436467685,-0.26243078772908207,-0.20613784068219154,-1.3479566731243975,-0.34935697069104615,-0.24152565707455226,-1.6309514187450609,-0.4245356788212869,-0.2655308485330576,-1.8929611149651682,-0.487023992900986,-0.25178611543391677,-0.7658742948202466,-0.31713633049621415,-0.4006723157316524,-1.0624586836670955,-0.3876330347274698,-0.4996694466889323,-1.2587079318582337,-0.4385999592501432,-0.5788851558730903,-1.4616066875045595,-0.485472899823222,open_palm
0.0,0.0,0.0,0.19773154002161963,-0.17652915478869602,-0.10731682765848165,0.37055757902015096,-0.4332778231321709,-0.20301986615249734,0.5094471337654509,-0.6231989430108427,-0.299071911153689,0.6305837415609423,-0.7376422074031284,-0.40266958240569756,0.15919391200639035,-0.9389321902608613,-0.16675714836313607,0.22065664504626642,-1.3378027222406834,-0.26494690820452677,0.25743348564891694,-1.582668094892584,-0.33802764320638773,0.28463272077656876,-1.825809168266392,-0.39374388493785883,0.00908632523357264,-0.9810452155988033,-0.1935657605167992,-0.0012861417617790634,-1.4326532379651082,-0.2754930387265362,-0.001264868679536135,-1.7070547658056572,-0.34724172689440896,-0.005251652224273113,-1.9807102862390682,-0.41371686995731705,-0.12202887763980014,-0.9186790963295369,-0.2318041058552459,-0.19420316740702323,-1.3388760532060389,-0.3119567811450449,-0.22366810575455362,-1.6094655406774194,-0.3909832626598547,-0.24380791652423417,-1.8622817877981674,-0.45638635434130204,-0.239186299419927,-0.772646904286138,-0.2809556023648903,-0.3900494804823411,-1.0502437530457898,-0.34720457897447715,-0.49352911012009865,-1.2323394176707554,-0.40002152352339704,-0.5770219792180357,-1.4255853363638364,-0.4484147466146663,open_palm
0.0,0.0,0.0,0.20104824456617237,-0.1894533138186554,-0.0813414429009966,0.36566837827713866,-0.44483171944762606,-0.158856127655466,0.4934768662414489,-0.6395947134978571,-0.24093299825580997,0.6000715671892465,-0.7667439024986564,-0.3286841246814954,0.15827010473171774,-0.9469681077079869,-0.12333384876135571,0.21941078515423432,-1.342930358010592,-0.20612809735345425,0.2576824314326002,-1.5795684453252674,-0.2682470609691256,0.2885803502028738,-1.814005390278037,-0.31618136353243864,0.013558828200326502,-0.9876405333003958,-0.15614837546367083,0.003814888197833767,-1.4302223194463615,-0.22383856649836786,0.00681789184467278,-1.6945850920352423,-0.28512263761140305,0.006277960867896464,-1.9557256123867992,-0.3426767490681724,-0.11488576439280603,-0.9245430793992951,-0.19952421466473447,-0.19052770853617446,-1.3319516510335934,-0.2668518596099512,-0.22135786671439472,-1.589301575111057,-0.33468714984642756,-0.24109831645675217,-1.8273227903053328,-0.3911843451736033,-0.2309940358974972,-0.7770418557525576,-0.2524588223114924,-0.3789207513303979,-1.051016319217754,-0.3078835488792976,-0.4773919264828538,-1.2375495491360806,-0.35254042982349254,-0.5551269108210989,-1.4314329808801733,-0.3936534649380665,open_palm
0.0,0.0,0.0,0.1983682597163644,-0.1724146022995461,-0.10079489526675364,0.36657789445541783,-0.42535799405309566,-0.19145793440466116,0.4947400416218251,-0.6215382991288491,-0.28317858226640336,0.6028427907331233,-0.751448540723274,-0.3809527328006746,0.16379877516415572,-0.9460273438350071,-0.15856320663817103,0.2194689611894609,-1.3242655507232965,-0.2549149961686624,0.2564352739383263,-1.554689689747621,-0.32455991632537345,0.2868440999516463,-1.789510360382849,-0.37674304446591766,0.016419681097317826,-0.9824276605957609,-0.18592005208960763,0.005872808826017061,-1.4122906812472373,-0.26780805183903017,0.011171339603809427,-1.663133369863465,-0.3339234892580519,0.012980058711853208,-1.921366182128683,-0.39353442442109987,-0.11495267538942809,-0.9095530682774456,-0.2244706401174588,-0.18872264122654284,-1.3088284532377663,-0.3045674580211266,-0.21791574363589838,-1.559819722012418,-0.37488343209848046,-0.2368499410040763,-1.8005461226626114,-0.4310999442191296,-0.23329321028861597,-0.7491532505836007,-0.2735957624973875,-0.37592357813825256,-1.0322406908886623,-0.33799116096702386,-0.4686340357092311,-1.2122926777418677,-0.38513455200315183,-0.5427326336916232,-1.4025520552223487,-0.42696346929577,open_palm
0.0,0.0,0.0,0.2018182274584589,-0.17074444523778143,-0.11053636666698057,0.37310758578876324,-0.41673553865559176,-0.20834373189236913,0.5067880831731163,-0.6071472742291975,-0.30654484409492255,0.6214568988860474,-0.7351756718733136,-0.41117579342977656,0.16663311473854675,-0.9449578397308563,-0.16720634859314476,0.22641179394167726,-1.3324657882255353,-0.2677404305728275,0.26358304378011005,-1.5667164042501975,-0.3426015834437774,0.2944863386601555,-1.802959338569474,-0.39978142149804907,0.020779255635245842,-0.9806473041001648,-0.19467682834976488,0.01216560494894752,-1.4180059125950581,-0.2790662641696302,0.018136782655135172,-1.680156377915733,-0.3526939896109192,0.019675774303012306,-1.9474569951179523,-0.41981364362248247,-0.10864317901736588,-0.9087529541549639,-0.23460690271831344,-0.1803112090378699,-1.3113756961924643,-0.3176675674772635,-0.20930957048533513,-1.570531159496451,-0.398035825049226,-0.22846426760363794,-1.818166728554174,-0.4634111350071222,-0.22473843241348182,-0.7486456261776282,-0.2856817385839698,-0.3694915573739241,-1.022691744691302,-0.35448972226583814,-0.46645384876767565,-1.2042094546629722,-0.40862373529998225,-0.5429501045147879,-1.3967030749847904,-0.45706650114529385,open_palm
0.0,0.0,0.0,0.207635385190695,-0.16073928876016563,-0.12242603513211442,0.3837626352246719,-0.3938180096220253,-0.2309908946736024,0.5186762897798219,-0.5815269135874852,-0.33828621259670744,0.6291762725252044,-0.7293488514209381,-0.4525486015027196,0.17504390893243899,-0.9395454424816835,-0.19017332064296077,0.23966288610231665,-1.3310776760541077,-0.2999820368790987,0.28324969566898267,-1.564534566431346,-0.38060676959156853,0.32045166633791555,-1.801930904756359,-0.4420370110447457,0.02867603329042309,-0.975649094236973,-0.21745461602205712,0.021027633779006263,-1.4163746967723332,-0.3119531139253262,0.03089582600561337,-1.680604999901652,-0.3912835612690096,0.03564346859848945,-1.9535761720131952,-0.46284054437019434,-0.10146820012343773,-0.9005434626422487,-0.25784862157441085,-0.17177850300998795,-1.3074314349521705,-0.35036389523261063,-0.20232230995054765,-1.573589746824634,-0.4371829450247739,-0.22241646171021842,-1.830735382905731,-0.5073483679396324,-0.21836136076464496,-0.7325822776905153,-0.30979110722846204,-0.36249721855834643,-1.010100167069567,-0.3873875894569141,-0.4620246585580632,-1.1997617729278593,-0.4471018998902469,-0.5396592734865245,-1.4000330131925571,-0.49978546339893737,open_palm
0.0,0.0,0.0,0.20995275971018418,-0.1750295082019652,-0.11297837192958354,0.39086173296730553,-0.42120782256484757,-0.21799736315044613,0.537527945966848,-0.6042024081516583,-0.3242664956975178,0.6582613248650017,-0.7342198593609832,-0.4381609547347623,0.16756114038722267,-0.9454361181248591,-0.17976715991402564,0.2355932295089211,-1.338116308872197,-0.29004810630183586,0.281628647600956,-1.5810299172021693,-0.3726383975775874,0.31992217636025827,-1.830011547494086,-0.4357263206882668,0.022343670803823313,-0.9767531703932154,-0.2131994008007814,0.020888560419346988,-1.4265316448318783,-0.30881227181073423,0.03337521780212269,-1.707531296189592,-0.38982843771624043,0.038371825261778125,-1.9901897578983885,-0.46362267619954994,-0.10754463419647255,-0.8961249808655003,-0.2591977140942528,-0.18530854837536953,-1.3154345004258126,-0.3543867084894277,-0.22255841056870093,-1.5921472461927424,-0.44118173704841995,-0.24848126401702708,-1.8540430671869979,-0.5113467605617436,-0.22559287326026387,-0.7285121303705984,-0.3163957828061783,-0.3767329139952375,-1.00004758444139,-0.3951097949285816,-0.48014056749715045,-1.194008928821704,-0.45355279953990296,-0.5627019923151213,-1.399031245918831,-0.5055957533947155,open_palm
0.0,0.0,0.0,0.21111339903825643,-0.17950833568091293,-0.11420005405848939,0.3882250137737189,-0.42518400220139485,-0.21875357250033842,0.5321632643813935,-0.6076261811110693,-0.3255588093788012,0.6539414759260193,-0.7417510720737922,-0.43979142918570596,0.1608893448182967,-0.9503795672419312,-0.16893794387118033,0.2225336673468584,-1.3463080594205648,-0.2770999294355188,0.2643860502018885,-1.5899533787442883,-0.3595449900296071,0.2997203863845104,-1.8391536873396832,-0.42242344997581094,0.015532142680640437,-0.9794217976329396,-0.20122543294824607,0.007875386067966242,-1.4292807017793194,-0.29446012911035097,0.017644074686367705,-1.7056006925132747,-0.3758618849506177,0.021274554103626473,-1.983821520132483,-0.4491375709082558,-0.11386288012756864,-0.9010789817285201,-0.24726010722764663,-0.1919359757618994,-1.3181612111625254,-0.34061579856545726,-0.2280822368302829,-1.5949028571550758,-0.4279577532631317,-0.25358056578163807,-1.8587462569226634,-0.49827458556696347,-0.2306505979476085,-0.737552352232971,-0.3050045867237633,-0.38438847698648476,-1.0051000589826549,-0.3811052915830078,-0.4884511045367721,-1.1914282605472983,-0.4388673809149402,-0.571874915347312,-1.3888039368836052,-0.4904881848971951,open_palm
0.0,0.0,0.0,0.20644438983043065,-0.18080371412493773,-0.11429230274420762,0.3774858698166199,-0.4200531127000689,-0.21246311847087504,0.5128951714034592,-0.5999412753513068,-0.3120528010526002,0.6304007782675943,-0.7227842998607679,-0.4187794310252423,0.1615650463750415,-0.948553202288213,-0.1573491087025747,0.22124862874814696,-1.3431771107354462,-0.25714000798942155,0.2599163075896649,-1.5890843387174534,-0.33380350126200153,0.2915361435171114,-1.8406245875544862,-0.39204221112098636,0.013161861393637486,-0.982907129976205,-0.18363093216175222,0.008409844695788364,-1.4357405067865503,-0.26800725660564,0.01636324605811926,-1.7102564342015767,-0.34310848310809006,0.01846520758079444,-1.9777117656986358,-0.4111370982691266,-0.11657054519790842,-0.9118032326145797,-0.2236221872228766,-0.19408834697398844,-1.3292768123475844,-0.3101785615453822,-0.2306365527053924,-1.5933971381542706,-0.3924170209537615,-0.25571980793464216,-1.8416287438537593,-0.4579177813650122,-0.233177065287403,-0.7554620640815248,-0.2757899675762781,-0.38069886542494696,-1.0181829856398448,-0.346347103688797,-0.4796167787678875,-1.1934846351288642,-0.40020506153796825,-0.5581496815853895,-1.3785809722963962,-0.4478244925691673,open_palm
0.0,0.0,0.0,0.20549799352732898,-0.16721888624216658,-0.11444489822850656,0.38827282691299303,-0.40582382768449754,-0.21178098461498818,0.5348624306397728,-0.5826666975784668,-0.309686797912848,0.6562172910778299,-0.698895025252307,-0.41539377662474697,0.17895562401429901,-0.9401899175689113,-0.1657976179815064,0.24189964673298747,-1.3415153858714572,-0.26674078030486337,0.28232764602548727,-1.589010752236855,-0.343828899450184,0.31531588400998256,-1.8385717319593629,-0.40215872975524003,0.02763347124674452,-0.9812647648500912,-0.19067205492821998,0.02307494934899168,-1.4339046194905773,-0.27704840596717417,0.03140503513579739,-1.7064955276190439,-0.35251428224200754,0.036175034333219835,-1.9677319217439704,-0.4203910255934734,-0.10618926304053747,-0.9155279295061205,-0.22816615999116482,-0.17993447622188763,-1.3291881267613446,-0.3164161166265438,-0.2126052458973321,-1.591198305726662,-0.39846264660643915,-0.23149869851051197,-1.8312665287613625,-0.463085112666541,-0.2264773492051284,-0.7653879297965295,-0.2776224229908365,-0.36840617494605743,-1.035366916622391,-0.3498391448730929,-0.46350241894477034,-1.212162342921685,-0.40433719830138576,-0.5379788691470319,-1.3925975004831255,-0.45178798522379393,open_palm
0.0,0.0,0.0,0.21013058341276802,-0.16516985066081247,-0.11506615462999137,0.39241482817741036,-0.4004335878991656,-0.20755005327937637,0.5404678533671385,-0.5740917837119156,-0.3005417968567339,0.6681462419982529,-0.6796431830941427,-0.3998243854693979,0.17768851858702345,-0.9342376162054187,-0.14590755783442333,0.2486122750151736,-1.3324924780112413,-0.2370499012501312,0.29554031542603143,-1.574420261343867,-0.30914657134515017,0.334576137729057,-1.8166833523242152,-0.3639295304798233,0.03258242102633997,-0.9856010230717972,-0.16591862210098213,0.033605142506902,-1.436074138367312,-0.2409311093758586,0.0486746462330748,-1.7094420421834762,-0.3133656566317209,0.06095946083608887,-1.9698288209699695,-0.37914541356638154,-0.09768758406459403,-0.9314665206355455,-0.19929886313685105,-0.17344810357863005,-1.3457715007879243,-0.2739322228950783,-0.2033506053071374,-1.6109511122746845,-0.35189735703788216,-0.2176683744849226,-1.8453826588118671,-0.41494685432087447,-0.21530475396355098,-0.7937534372786854,-0.24560991647772748,-0.35425319291904056,-1.0708681885505966,-0.3057661143571388,-0.4439015716736037,-1.2531207150242383,-0.35601960207187655,-0.5132738947600498,-1.432758195499063,-0.40091501945804336,open_palm
0.0,0.0,0.0,0.20906024567817322,-0.1721602535329006,-0.10935670160749382,0.3924758949578878,-0.424583847178995,-0.20049793877039276,0.5438548360904345,-0.6080894275028629,-0.29311028576456855,0.6818314821857455,-0.7185829129178191,-0.3921659146876091,0.17526602798241053,-0.9367367054762135,-0.1424534646380203,0.2477088710611887,-1.332821871937305,-0.23320603471926799,0.29594274422817246,-1.5743827297982007,-0.30494109420200843,0.33695877515013073,-1.813489754882914,-0.3592755623823685,0.029962804834143264,-0.9858125434448868,-0.16515398727609878,0.03137822603426428,-1.4354873855297603,-0.238693229935381,0.045390767442539476,-1.707979266868994,-0.31043862564852087,0.05891814838664272,-1.96778503130443,-0.3758362181712311,-0.10061672089565489,-0.9323877803332401,-0.2007681406803258,-0.16994012467795414,-1.3540666211989583,-0.272461125281694,-0.19388736021319306,-1.6234319388343188,-0.34835072161959957,-0.20239507057721623,-1.8559707274760593,-0.4108370593733675,-0.21692687617030365,-0.7989943472699562,-0.24884532068222898,-0.35400654769535916,-1.0785998909952743,-0.3062149324043694,-0.4431436292016364,-1.2671023671542738,-0.3544370094214058,-0.5105057186664483,-1.4509938334130537,-0.3986085104542863,open_palm
0.0,0.0,0.0,0.21069918090502954,-0.1678783905931731,-0.10809274403535453,0.39632091641431455,-0.4217183853081842,-0.20188319268031432,0.5518461006593663,-0.5998764395059768,-0.29828264817155486,0.7022444236569818,-0.6977936525823185,-0.4017307116287317,0.1789965257402299,-0.9358205454367439,-0.15220983373849795,0.2512697046632348,-1.3248140960826098,-0.24821741322270588,0.2965990501743453,-1.5708281069677914,-0.3248251738628368,0.33479583767385485,-1.812002604282731,-0.3833148309707496,0.031108503978101488,-0.983211710305221,-0.17979703473340664,0.03948224431758218,-1.427137306875927,-0.259997950865638,0.05218016810483713,-1.7045968067321695,-0.33659629538179825,0.06357317924170997,-1.9645302808248655,-0.40647032698307467,-0.10101730040794463,-0.9256761996401784,-0.2196512003582166,-0.16101908725202896,-1.3308384199537828,-0.29429485731158916,-0.17845226130304484,-1.5878619375889569,-0.36940073058880785,-0.18210422080113356,-1.8010537099333963,-0.4324967430714275,-0.21906606181645247,-0.7874543591805346,-0.27256213139537105,-0.35307671231596777,-1.0588519953865958,-0.33444879553214363,-0.44167408284831744,-1.250301500973973,-0.38491148756812715,-0.5084874064708879,-1.4331572656565177,-0.4309597946773735,open_palm
0.0,0.0,0.0,0.21739798938864524,-0.159262850135334,-0.11795923397002298,0.4038014102848489,-0.39844129167344,-0.2203507661116054,0.5540584541153839,-0.5791176276582676,-0.323397025546545,0.6982629777296095,-0.6909746156326896,-0.43317405744160997,0.18530016376945443,-0.9311433814340773,-0.1722299845547157,0.255127522744497,-1.331901630985032,-0.2747094507175264,0.2982652563369228,-1.5825688296729843,-0.3533581011231383,0.33308002130945824,-1.8259544789193538,-0.41272898399760816,0.030895129927045083,-0.9799189803554879,-0.1969879765007282,0.03993761976058066,-1.4264603699711775,-0.28435864353726686,0.05105954162306266,-1.7071772742614024,-0.3613014279737574,0.05836952079941635,-1.9735606137482693,-0.4305791890807658,-0.10594504428073499,-0.9211095192364391,-0.23402347059414644,-0.16674078746825985,-1.3312676610009047,-0.31541583605376566,-0.19166750726988444,-1.5928085126693543,-0.38982889814607,-0.20505503006965034,-1.8141470991199107,-0.4516378600491862,-0.22874184659998265,-0.7816615391733049,-0.2846829324819274,-0.3625080721122507,-1.0513504576371344,-0.35081498274033335,-0.4516570387105904,-1.2444407617715827,-0.40126757572856103,-0.5203496975342525,-1.4331269462560146,-0.4468021521329555,open_palm
0.0,0.0,0.0,0.2143762370667963,-0.15509608037242917,-0.11853337096085015,0.40010655615221763,-0.3949613449899748,-0.2188244170609443,0.5517494947266446,-0.5783557471727034,-0.318630480588133,0.690636645402133,-0.6933955456876818,-0.42450465435331775,0.17945321308395437,-0.9323298121979382,-0.16914353137512825,0.24765133734995456,-1.3347790768935492,-0.266910251969934,0.28937292950728394,-1.5856728793469617,-0.34152982158139794,0.3238679442931506,-1.8301290214127364,-0.3982007657512653,0.02786501513357738,-0.9814578243724921,-0.18964192550598893,0.037032100086121865,-1.4287057019614144,-0.27029765068595085,0.04745495940427609,-1.7084320566826654,-0.3420656820327049,0.053383790070597195,-1.9760892583798455,-0.40784788386855453,-0.10715837114712765,-0.923109752447926,-0.22240967324968228,-0.16661035635122945,-1.3275459795470137,-0.29842276867927364,-0.1931618681732388,-1.586040578774512,-0.3693112316179466,-0.20730382993924548,-1.8087155216138269,-0.4286256860978533,-0.22802594071479654,-0.7830424862842366,-0.2687581215718545,-0.35990751400723187,-1.0515830087709854,-0.3312000756572538,-0.45037094564885755,-1.242510834652047,-0.3791461046424141,-0.5201652413124,-1.430226214481548,-0.4224172775420769,open_palm
0.0,0.0,0.0,0.21320130870933737,-0.1612151091695515,-0.10731867825829626,0.3964753582264878,-0.4014592791555646,-0.2019853478969953,0.5443543949241995,-0.5827777340894436,-0.2973847756338046,0.676613657711239,-0.6832197922307541,-0.3989370049726272,0.17103985535592767,-0.933035411020995,-0.1597842344192299,0.23978323814704636,-1.3343811574321227,-0.25571133612028907,0.28313581376544084,-1.5814736558729108,-0.3276244927610935,0.3191107040986416,-1.8230939593076916,-0.38173727996623685,0.019554419108767457,-0.9827022392988183,-0.1841573065897905,0.029084785159506965,-1.429482457619971,-0.2631523631001555,0.042688728287536795,-1.7063423256177488,-0.3312947371301522,0.05186322886549356,-1.972267657912625,-0.3937700159629729,-0.11418909694111823,-0.9245551534597539,-0.21989664770672898,-0.17394951361310984,-1.3333812920397956,-0.29490600051244664,-0.19764801668691076,-1.5977066176380115,-0.3634665928091602,-0.20891287993475047,-1.8285694853477659,-0.4204406341827052,-0.2329063183165326,-0.7855491587569708,-0.2681528871521584,-0.3624692478197383,-1.0558442525748934,-0.3277953817483651,-0.450446854069972,-1.2417727198638728,-0.37275615285550096,-0.5186896101994962,-1.4248084616521741,-0.4138413352226808,open_palm
0.0,0.0,0.0,0.22105123817828795,-0.16640968686768706,-0.10717243335066454,0.4139166687810466,-0.4092857791110089,-0.20047371763013744,0.5660880274860304,-0.5915451021093133,-0.29529781391481164,0.6984993519744025,-0.6893312807421902,-0.39615884508937543,0.17412572444739438,-0.9321301669343793,-0.15770524879744477,0.24329851542766753,-1.3331881973672384,-0.255732567417793,0.2857381218440855,-1.5863766016692926,-0.3301531597782044,0.32007035619261176,-1.8373762733576513,-0.3855633827849106,0.01834955038551774,-0.9828857785644973,-0.1832998098643601,0.022177438187859114,-1.4271168728995345,-0.2654748218203564,0.02897775895880796,-1.703336549485466,-0.3349203755910104,0.02981538567768024,-1.9691415128570604,-0.39789539188069156,-0.11731105854107678,-0.9265563025940189,-0.22069494381392796,-0.17558129425491306,-1.3247257364000538,-0.2965766680590147,-0.2020470570958568,-1.5728914745245093,-0.3617773255803457,-0.21773594551314251,-1.7900334933351403,-0.4158621903209234,-0.23890734759960117,-0.7918234923391462,-0.27158367694633306,-0.3667901835735409,-1.0698196448000907,-0.3327541122956323,-0.4553151722255112,-1.2663193587181896,-0.37743899297101563,-0.5260966190574383,-1.4595675781011825,-0.4177410305165932,open_palm
0.0,0.0,0.0,0.21963070239081817,-0.16988770168095182,-0.10302830770716745,0.4119149569453377,-0.4170072399936574,-0.19471182383435337,0.5608073781954382,-0.6016562890543936,-0.2879574914767744,0.6881924609150948,-0.7045245689740688,-0.38695438009041194,0.17922961778212068,-0.9351103202043641,-0.15530820444772872,0.24372558129470223,-1.3404842589634698,-0.2511589676718284,0.28200551762944265,-1.5929082400692678,-0.32284339593121625,0.3115716325202632,-1.8382911228564829,-0.37616425288739747,0.02215444821068982,-0.983181196687256,-0.18128401723564694,0.02650529508673326,-1.423079080703211,-0.2626640110790226,0.03198791014254969,-1.6926075990304974,-0.3283749334969864,0.031425544580540934,-1.9527777315516575,-0.3874605240686791,-0.1130944694524806,-0.9267386194497921,-0.21838603278558572,-0.16822471065399947,-1.3239715830483236,-0.2932498440091823,-0.19559211993297132,-1.565580358082194,-0.35414556744916514,-0.21334975581832688,-1.780542947189648,-0.4045617673491761,-0.23326971424003284,-0.7932468695810142,-0.2685969041252667,-0.35776511236257147,-1.0636228290906682,-0.3278466677104691,-0.44292801027898443,-1.2511383554369908,-0.3696400412864516,-0.511434197224167,-1.4399446574782229,-0.4073631518690324,open_palm
0.0,0.0,0.0,0.22374820883844374,-0.16545401676779933,-0.10472036189297058,0.4107918707492248,-0.4041997631485086,-0.19098881016104485,0.5553741651189968,-0.5833671794372325,-0.2780930120364095,0.6780311466397436,-0.6864625579784688,-0.3716886809280272,0.18307448087784098,-0.9373129477124367,-0.14276512522402526,0.24654793008897738,-1.3409103605379118,-0.23181355499273296,0.28350363052267447,-1.5892789295680765,-0.30092332488893436,0.3122157621328612,-1.8268042968733882,-0.3526341258189781,0.02664347484883082,-0.9860217960456439,-0.16447225593060205,0.02684669715662703,-1.430796886345911,-0.23844282420392138,0.03037762876019083,-1.7055500121633942,-0.30592061892521,0.030774516999809914,-1.9629787722076175,-0.3664919162081161,-0.10832779302307716,-0.930192850339225,-0.1978609643732757,-0.16638113455553288,-1.3284013630263054,-0.26864763561033933,-0.1941891434076704,-1.5826729353585247,-0.3369139620029591,-0.21108347226215612,-1.802147204361522,-0.3924028351112846,-0.2258942125178289,-0.7934915797794965,-0.2442156592129409,-0.34930375864643154,-1.0611623857725356,-0.30143414304835375,-0.4290835209529792,-1.2436718459209868,-0.3469514791082019,-0.4919013131813586,-1.4202332086182616,-0.387221674161517,open_palm
0.0,0.0,0.0,0.22415915713251283,-0.15698265533501515,-0.12363097555684677,0.4201964201922947,-0.3994859078786653,-0.2222741701842537,0.5763287667318967,-0.5689300267318772,-0.3184676665587862,0.7184943774397223,-0.6617819412254259,-0.4221141007129745,0.19651253300242197,-0.9289218752605356,-0.17851097750488537,0.2577952661192158,-1.3450476490283454,-0.2770401141184301,0.2946800061957933,-1.6014745952240392,-0.3520516659135576,0.3226008361002634,-1.8484262419933224,-0.4084220973955396,0.03597919883374558,-0.9802019670006306,-0.19470382928791036,0.035635162390150035,-1.4396847605008665,-0.276084212772825,0.038877171606219306,-1.7239377234079136,-0.3480598799862051,0.03909117852782605,-1.9952443210376802,-0.41370909926457805,-0.10368996544959945,-0.9292963121247813,-0.2226883759156122,-0.1623392997518551,-1.3352405034260257,-0.2992942755142813,-0.18746103349952992,-1.5996877427766159,-0.3725611516832095,-0.20223654091830626,-1.8313269083603905,-0.4330956883086052,-0.225045886233853,-0.7955555308624841,-0.26458880915663857,-0.3511286209378132,-1.0694407463507665,-0.32761958527295887,-0.4326079186626897,-1.2544571044392006,-0.37696138682662417,-0.49805851935119616,-1.4357745440190206,-0.4210400026823789,open_palm
0.0,0.0,0.0,0.20948795804231057,-0.1639842050849718,-0.10676024304601828,0.40334681302572833,-0.41166660532930044,-0.19638885085119073,0.5765210340572594,-0.5593595991872081,-0.2866308119416002,0.7392304253879044,-0.6109955186180324,-0.3837731106164506,0.18537722663530978,-0.9358345307478447,-0.15251350211127362,0.2489804956752377,-1.3254197434917594,-0.2423908884719689,0.29070154403371307,-1.5631303461252668,-0.31270770932826963,0.3270385627210751,-1.7952604444511355,-0.3668172359152486,0.0395606791253634,-0.9837013738782929,-0.17540393295789639,0.044625295550682266,-1.426546402994652,-0.24370916017290428,0.05483402680916227,-1.694979449261665,-0.3110050237860207,0.0626007373324607,-1.9564874743984084,-0.37568297643660514,-0.09100424080149831,-0.9284281183658026,-0.21019744037049676,-0.15159650764440272,-1.3332294683321582,-0.27738422436017457,-0.17454343914517037,-1.599001021473768,-0.3527065879365029,-0.18596324347026114,-1.8378355328481442,-0.41672214849603006,-0.20463741947239558,-0.7866182906111033,-0.25720710256549484,-0.32801554136887867,-1.0596870877854152,-0.3139497299893618,-0.40968056474767106,-1.2411984204165125,-0.3630218257672749,-0.47684380088306155,-1.4244629768634154,-0.4088104953398623,open_palm
0.0,0.0,0.0,0.20484177985627586,-0.1359558076919339,-0.1410676950735476,0.39722306434132687,-0.3569053398856097,-0.2522152077681792,0.5647568629913934,-0.5059079859413927,-0.35895585388800133,0.7156570665045029,-0.5891245879495778,-0.47293514314272034,0.18466553089068988,-0.9259772236563792,-0.19178903202234343,0.24862073732004533,-1.3094773458407705,-0.2962196450694872,0.2928633411232092,-1.5399959447860638,-0.3759425552919725,0.329346088387533,-1.7652456554220315,-0.43590725804062996,0.0381159697659588,-0.9780268967658705,-0.20496473367709164,0.041292512613175576,-1.4236086983728085,-0.28986314917141387,0.05313726302878999,-1.6922287074581583,-0.36696969108547145,0.06316446325174177,-1.9551756925987172,-0.4375131635742503,-0.09298766589973957,-0.9216296910910091,-0.23248286836755522,-0.15306916370569115,-1.3267125503742103,-0.3118138702132205,-0.17548844319368873,-1.5848159861796014,-0.39168716511537743,-0.18646654247917316,-1.819596173490767,-0.4584493048596534,-0.208510381516734,-0.7772592677614317,-0.27504871214697046,-0.3338071294927001,-1.045529563113958,-0.341429315480936,-0.41692435852021603,-1.2251092611860288,-0.3950035439812667,-0.48333646648158796,-1.4106339513605113,-0.44340009386754464,open_palm
0.0,0.0,0.0,0.19906557137297276,-0.12504986025665366,-0.11141920665059811,0.38437574505117644,-0.326349621624412,-0.20207477126383744,0.5424423736304196,-0.45517015072377764,-0.29289873440749864,0.6830224763762439,-0.4995446357501211,-0.38920613088074296,0.1944931516585284,-0.9225143514103555,-0.14531175074013597,0.2603508583643661,-1.2922716738252602,-0.2344804814718749,0.30758096742948204,-1.5098843592782039,-0.30335730321271437,0.34910095013915404,-1.7189534483484266,-0.3555505768754159,0.05659144085950921,-0.984374520978542,-0.16674588831425496,0.06671414152999659,-1.4192018207538157,-0.2361611191366953,0.09085668588057795,-1.6765701602667265,-0.3037259992458066,0.114038755682127,-1.9299268009004606,-0.36704454776063294,-0.07044078278024202,-0.9342327017696004,-0.20199283296973664,-0.12285324795225362,-1.3326718974475498,-0.2683103581024697,-0.13655760729142447,-1.5862136222279581,-0.3415189901670763,-0.13847238691793323,-1.8155003500171543,-0.4034497230661829,-0.18774599322065466,-0.7914946861318625,-0.25039300334770476,-0.30626336460652515,-1.0727092951454125,-0.3064096843187762,-0.38111602062549715,-1.2595751571625236,-0.35582823814924364,-0.43805028780214283,-1.4479627754249846,-0.4015967433166792,open_palm
0.0,0.0,0.0,0.22161791318333507,-0.12898880017346862,-0.11451949456865557,0.42615898672773694,-0.3343461469882962,-0.20942611455480362,0.600071070236001,-0.4535100157690673,-0.30539820998452705,0.7510144883268172,-0.5031077084077742,-0.407760395670444,0.2109453779491743,-0.9104566035488202,-0.14686996136304548,0.2946942322305747,-1.265713389069533,-0.24274871197202724,0.35163278955828464,-1.4779911554995286,-0.3178881980761092,0.4032904672427127,-1.6959570989962953,-0.3739496043162321,0.07099954976703396,-0.9830182060718707,-0.16921657857349212,0.09446894484660047,-1.4194035471337247,-0.2440397168246981,0.12208656347899166,-1.6832658399595208,-0.3164191929200157,0.14899532794165757,-1.9459654049414083,-0.3834534672901047,-0.057995964100228385,-0.9448030217860157,-0.20617478104866235,-0.1003252439954565,-1.3516598591194269,-0.27541369958543555,-0.10544583419941206,-1.6068333733585005,-0.3490645989265253,-0.09795642903522175,-1.8446427578117148,-0.41170930643876635,-0.17371458901583067,-0.8177080427368728,-0.2570800704551711,-0.2867435403553043,-1.100660583996629,-0.3132309226782339,-0.3554738616200445,-1.2956129642487018,-0.3616083665027681,-0.4066173822547668,-1.4968957982738154,-0.4068842236632022,open_palm
0.0,0.0,0.0,0.21194801060329227,-0.11836381323845048,-0.09513138403334552,0.3991352358651985,-0.31624241430256256,-0.1819253750562647,0.5585130399095076,-0.44577300605527337,-0.2733506450791299,0.7019708570378048,-0.5033565006856912,-0.3711580839374913,0.2077722718563668,-0.9131918453535467,-0.12811106559415686,0.29158096684130724,-1.2793477237341229,-0.2218757989810186,0.353652950797304,-1.4909576034762007,-0.29546671287180787,0.4101942164051411,-1.7004830251731171,-0.3502507691584168,0.07936878297437044,-0.9841324641738554,-0.15869426343841705,0.10935790652329846,-1.4252603327079592,-0.23597150986140103,0.14597892519601155,-1.680779465811685,-0.3104766256236273,0.1812689800187308,-1.9237293551099637,-0.3759850793703975,-0.04506009907733863,-0.9447892055167894,-0.20254027077336054,-0.08112329734624052,-1.3733566996990294,-0.277007606074651,-0.08630005626986839,-1.639479059881658,-0.354671270710953,-0.07835493620325565,-1.870137251045075,-0.4167586056443053,-0.16280496090882057,-0.8137297928726156,-0.25771054059358967,-0.26661768505196226,-1.123780236949115,-0.3196235907640334,-0.3296186419309402,-1.329760606275431,-0.37054660333950207,-0.3739140576562832,-1.5294111877123149,-0.41565981679849073,open_palm
0.0,0.0,0.0,0.21162793293140564,-0.12315440294984221,-0.08841476450602906,0.40105595459400867,-0.32015615698256034,-0.17825280274166422,0.5660283894504271,-0.43811403495545137,-0.2735356982378647,0.708068123010128,-0.4815579360852779,-0.37538439376837224,0.20192836201789868,-0.9159451786887121,-0.13869673578442557,0.28119426210582843,-1.2991821824188114,-0.23651692886394154,0.34720848366854906,-1.5181806486721685,-0.3127020898406057,0.41117188976969316,-1.7293751918080695,-0.3698796443496647,0.07511720671492929,-0.9818528176444259,-0.17413336767847692,0.1035659039716784,-1.4348665473835591,-0.25470095976159174,0.14386797131729426,-1.7010033170797474,-0.3311825103580659,0.18327585211581346,-1.9530174760906136,-0.39915093094120596,-0.0508808755574445,-0.9392078708102405,-0.22094496774703826,-0.08333680199971216,-1.3807920693470719,-0.29533286221067745,-0.08241244011712516,-1.65814686605919,-0.3733139228130361,-0.0688955508451301,-1.8969227731849503,-0.4373048742892379,-0.1700848010995251,-0.8057285200398041,-0.2780884884918141,-0.2768157932423976,-1.1343564716707404,-0.33991131442924666,-0.3380739389911488,-1.3524424800729422,-0.3907554397501192,-0.3792297745445808,-1.561660953991142,-0.437209157571387,open_palm
0.0,0.0,0.0,0.20783311754515993,-0.12182116898463613,-0.06091819271410733,0.3886920508064699,-0.3082703099737344,-0.1259190161703664,0.5431077998533376,-0.4170143766659543,-0.20180555068872436,0.6702425817774214,-0.44937312870902213,-0.28170795061902804,0.19494617416972784,-0.9257586282958072,-0.05460298395769727,0.2689582436107106,-1.2631696957228846,-0.11949874993393408,0.3301006568505325,-1.4534025347284214,-0.17625238180563166,0.39370068702966876,-1.620876292770749,-0.22033515998028866,0.07664281614053635,-0.9926734096370817,-0.09340963833319295,0.10747797468999254,-1.3719581414296516,-0.1404108124341425,0.14663626260725976,-1.5937923220294,-0.19995675835522925,0.18666690778141112,-1.799351015079016,-0.25438507177429337,-0.04305744877678609,-0.9512414712768501,-0.14513874171467284,-0.06477917027495415,-1.3354226016686188,-0.18985013121420757,-0.0635148843954119,-1.5751834529789333,-0.2532531005075273,-0.04906358075719105,-1.7862116015539649,-0.3078374500257043,-0.16089276301302047,-0.8188468730675811,-0.20680746233014036,-0.2574769797193083,-1.1195759757873722,-0.24577722006605895,-0.31334267652596315,-1.3211173359503614,-0.28526772167470965,-0.3489607059629857,-1.5180089622694255,-0.32317772079907386,open_palm
0.0,0.0,0.0,0.20816167956385537,-0.13450185380907492,-0.054538423467107466,0.38355346937564977,-0.31252567424870054,-0.11472948573668225,0.5292646297329612,-0.4153411340685688,-0.18793882847851628,0.6459050521126253,-0.44633777883696746,-0.264493261279942,0.19560108929742523,-0.9343013437401972,-0.036353805921440975,0.2641175221226088,-1.263117997759245,-0.09859372630721662,0.320048928715541,-1.447403723378426,-0.15458086957476677,0.3796086983571575,-1.616481964990115,-0.19754113963272063,0.07045166055135108,-0.9944126860330041,-0.0786126795255223,0.09111944929259562,-1.368539918613843,-0.12285682971295826,0.12803236887862582,-1.5941881768530688,-0.17911616948638226,0.16992241605979957,-1.8028773709780532,-0.2312394543825762,-0.051327620248788404,-0.9480962021977705,-0.1350963672866951,-0.08553318597213658,-1.3276085422360966,-0.17846604998591697,-0.08728577374757898,-1.565344164331494,-0.23713759116372188,-0.07108195731923331,-1.7702733686846857,-0.28781317104359777,-0.167169717105903,-0.8145350071142236,-0.2022224849766294,-0.26809327895343105,-1.0968503960513378,-0.2374438437224769,-0.3249991011731293,-1.2917919661887651,-0.27262193569379045,-0.35838089773941323,-1.481981496725494,-0.30726259386527144,open_palm
0.0,0.0,0.0,0.2068887312210521,-0.1450310644798984,-0.059016478832192694,0.3766411735191222,-0.33333070175474766,-0.1274065877093618,0.5221079872810286,-0.4441179849890652,-0.20813956302957864,0.6416496904796692,-0.5010488258550271,-0.29383381534451575,0.17849872893303423,-0.9396869185725055,-0.05806014640811808,0.24498253482763216,-1.270124989417589,-0.13076923417216768,0.3034988819894975,-1.455376476666854,-0.1927920629538225,0.3658568717184771,-1.6186338393106503,-0.24040084524396513,0.05868345011050848,-0.9927586178900055,-0.10481678915256262,0.07910673305937174,-1.376794836280173,-0.1645326098444317,0.1169582620368716,-1.613059427893334,-0.2310218533626352,0.15947980085344773,-1.824582801293978,-0.29004211265198676,-0.05997319897518476,-0.9375789074814344,-0.16518922214982193,-0.09437619630457636,-1.3327087406524056,-0.22281684903891535,-0.09213386204682264,-1.5813623645951445,-0.2935708068871837,-0.07150379536062643,-1.7926632421449218,-0.35216654643449413,-0.17399532911354917,-0.7933477436207422,-0.23527264244698015,-0.27503099691125626,-1.0837703269498475,-0.28405823123274965,-0.3342980750193864,-1.291523532495924,-0.32974693163291363,-0.3668893116179857,-1.490536366555661,-0.3722994325555711,open_palm
0.0,0.0,0.0,0.2105788410656656,-0.16262558987519946,-0.07096765846262344,0.38088946135339097,-0.37111553585902024,-0.15302681760071285,0.5326302522355031,-0.49770856621956266,-0.24527440398401065,0.6644266492899209,-0.5658387020900026,-0.3450717313586924,0.1709205313547443,-0.9351315499253074,-0.10524663716746807,0.24144879526963922,-1.309988703986517,-0.19758281508325484,0.3038265438404963,-1.528461540456936,-0.27279739572367445,0.36766591509630114,-1.7382987508006384,-0.3296250227783642,0.047395172499604524,-0.9872765558274089,-0.1517849792874814,0.06530074232727621,-1.4253210248200914,-0.22914950272947998,0.1029552023114072,-1.6941680115450544,-0.306107937746261,0.14343955906565495,-1.9473721884364465,-0.37415132987068,-0.07224024200895322,-0.9379643402504043,-0.21046831863467624,-0.11251248860251739,-1.3739581594096688,-0.28130595704476186,-0.10801464609672849,-1.6476455603886653,-0.35956375550583725,-0.08742712822311795,-1.8835325655671653,-0.4249724400145288,-0.18481135655149356,-0.8026472416261581,-0.2790723527622486,-0.2958476288874266,-1.1129291808195587,-0.33832874180215644,-0.36206248297480187,-1.329106044316979,-0.38988223587270704,-0.4026120076194614,-1.5352686914499778,-0.43809153522718963,open_palm
0.0,0.0,0.0,0.19889284678920352,-0.14225796313065975,-0.09926515437079932,0.37002707388652784,-0.3577229416981396,-0.1968438271813539,0.5267304637042179,-0.4895234089437748,-0.3006729623711279,0.6695999860924482,-0.5655617260978879,-0.4125908476942737,0.18492145625723944,-0.9357887466169261,-0.14020456371095869,0.254614337876507,-1.3166955721058196,-0.2462510048098347,0.3087678264246507,-1.5337188668026307,-0.33237759821507584,0.36425899621158647,-1.7426096431438818,-0.3968516275759461,0.06518571141632887,-0.9818049333972492,-0.17835323317498214,0.07962204962006333,-1.4079941702256265,-0.2701641795924332,0.11460625270281423,-1.6610989827778644,-0.35921448426058444,0.15282452081523543,-1.9065125467556212,-0.43498735193053806,-0.05232789925872844,-0.9245929310494141,-0.23049254640532,-0.09581700934155882,-1.3381228673290229,-0.31525952961618464,-0.09557090278072977,-1.5953903248161005,-0.40346197446107174,-0.07924200751592592,-1.819252344437174,-0.4744603090790226,-0.16380699619590605,-0.7863157236023687,-0.29436872397438046,-0.27313164425072384,-1.070826866451427,-0.36527285526711595,-0.3359585354958414,-1.2820362823008977,-0.4246734779986502,-0.37476839211964325,-1.4890731276350877,-0.47762842281214435,open_palm
0.0,0.0,0.0,0.20219451863597399,-0.13990756405972612,-0.0906908152475137,0.373003319595913,-0.3588614689232004,-0.17654340518684927,0.5255882075980066,-0.5004700269746837,-0.2692155657511689,0.6553613944757819,-0.5808864461592483,-0.36822869753727216,0.181293260532808,-0.9448929254186348,-0.10828932541168906,0.24593726719619466,-1.2983301956081426,-0.1960731416275738,0.30112304525322986,-1.4917922831012584,-0.2661247492859678,0.3581673081929233,-1.6705110756029637,-0.3186276111306105,0.057302437156742596,-0.9879592944781962,-0.14371097087571935,0.062118841132587914,-1.3949709476562517,-0.2149307995468814,0.09077086794866913,-1.626736459384467,-0.287128855637719,0.12467505432876362,-1.848342192174135,-0.350578864278518,-0.05925329206338982,-0.9223798103968613,-0.19409629321886354,-0.10572834593320436,-1.3187803416066526,-0.26208711120924705,-0.11172985731682827,-1.564393967331296,-0.337706466391739,-0.10102417153650574,-1.7817021847548764,-0.39985099793724915,-0.16947567058871804,-0.7753946241740396,-0.2562036602625341,-0.275702583726403,-1.042301041441032,-0.31255947786718463,-0.34277661479587973,-1.2351238129056143,-0.36209417331910426,-0.3858678082993881,-1.4278452082688688,-0.407292615726126,open_palm
0.0,0.0,0.0,0.2123761036719384,-0.14171076928133772,-0.12306737170750012,0.3973805078547682,-0.3599887671837605,-0.2303551940090118,0.5590848453472296,-0.5128204125936218,-0.3387048325195431,0.6988690360119927,-0.6119986876535921,-0.4531618321331985,0.19183399734720655,-0.9319876327371033,-0.1614771013319303,0.2603740108325336,-1.3020798376896283,-0.2687704809588164,0.31469831259675657,-1.511586511473486,-0.35082276770103504,0.3626485310048624,-1.7245761086288027,-0.41124717741452493,0.055840005365507976,-0.9807769852530501,-0.1869715994441879,0.06755875279987011,-1.3996053333499021,-0.27681622540665635,0.09397738199908212,-1.6444001569960718,-0.3576496005558469,0.11720415366099411,-1.8953656233103988,-0.4278733147810004,-0.0709824763406526,-0.9188795686415511,-0.22832990496048333,-0.1228448168926208,-1.3291056175332174,-0.3142546270553152,-0.13659726644668632,-1.597303755193494,-0.3971922390430999,-0.13963947996755452,-1.8407320494148849,-0.463555953991182,-0.19095915540498928,-0.7727351548984877,-0.2828962476990865,-0.30494220399328986,-1.0566288825867958,-0.3496219155801627,-0.38396293670796144,-1.2530846952860921,-0.4024437867210103,-0.44334612241543836,-1.4533779255810164,-0.4502168754770132,open_palm
0.0,0.0,0.0,0.20686855089542353,-0.14705906223123777,-0.11446716513835856,0.3938176244199244,-0.3792435655555716,-0.21245645336978355,0.5640439904646866,-0.5338072660890147,-0.3113944909711779,0.7065257316479061,-0.6143122017381796,-0.41650941538950814,0.1991043563802845,-0.9283196644619306,-0.1528310887998899,0.27034938796837554,-1.29719065300549,-0.25189390006603707,0.3229972393916418,-1.510600740206774,-0.32793653248207855,0.3678237669426762,-1.722103404129216,-0.38469016283861857,0.0640766467853101,-0.9820244089914146,-0.17754499002172033,0.07895547052706767,-1.414425154431421,-0.2596517125122489,0.10373206784452646,-1.670876589233952,-0.3365588200620949,0.12396620651691721,-1.9257709116776096,-0.4050825037218173,-0.06305292919157729,-0.9238356846863278,-0.21625968849809854,-0.11516479928432281,-1.3277944447464198,-0.29466315223522466,-0.12661417471004408,-1.5897855153777638,-0.3742575325260402,-0.12794231980308862,-1.8256553120720436,-0.43891930538409457,-0.1820197546660482,-0.7788600446391494,-0.2675762459661182,-0.2967093006766026,-1.0500744700381515,-0.3283778230278118,-0.3711353578448676,-1.2347856022119676,-0.3785993917799381,-0.42769870695691725,-1.4192880098055392,-0.42448191276227554,open_palm
0.0,0.0,0.0,0.20210642656474437,-0.14895549527289634,-0.11762056778836466,0.3829282164400096,-0.3779697153333222,-0.220759363902152,0.5390779519619272,-0.5382802346699672,-0.3236779941743559,0.6758557024753061,-0.6288871345513724,-0.43327766983240024,0.18000091725716916,-0.9415440455592256,-0.17602539366081305,0.24532818007266713,-1.3333254237357606,-0.28360232112831896,0.29735156656317857,-1.5595639398420287,-0.3657881833172895,0.34364895616051633,-1.782760520098798,-0.42650161151208515,0.03448371613937042,-0.9789206555193022,-0.20130872688206644,0.036361036923624176,-1.4098416010453536,-0.2937175296721055,0.05587325841439604,-1.6655132544320166,-0.37363599079978904,0.07624874959928785,-1.9206512482130336,-0.4431861926305698,-0.09797257651219528,-0.9057791767507701,-0.2393104219373691,-0.156770254778187,-1.3035513704799517,-0.3235958634283657,-0.17630117446658994,-1.5712536833854645,-0.40132984239152375,-0.1803958623269007,-1.8065303864164444,-0.46461144628886214,-0.21753189605815348,-0.749534645715281,-0.29025458542216603,-0.3344559655530903,-1.0318461213350627,-0.35700310150091813,-0.40388226464695237,-1.2300120114595021,-0.40792484345512564,-0.45055666208955003,-1.4247053636366702,-0.4541749983613544,open_palm
0.0,0.0,0.0,0.21131471514334196,-0.16817992047842464,-0.0960752760264627,0.3936446013742452,-0.41313443810704165,-0.18643908507742776,0.5504291465463682,-0.5756981788639459,-0.2807523113899032,0.6872330240820937,-0.658130076854319,-0.3824251164840398,0.1818985340882212,-0.9371316219239233,-0.14945071751808214,0.23890897887986007,-1.336379919822953,-0.2466661297204974,0.2758684724904522,-1.577111969930358,-0.3238705841767876,0.31050504249998806,-1.8176215254135835,-0.3832340591027876,0.0336072832332728,-0.9826354965475772,-0.18247742720231075,0.030928221372390763,-1.4254286463891852,-0.2655766517140044,0.04496069821441104,-1.692525627606628,-0.34306942605457463,0.060833135314854535,-1.9473566616714375,-0.41352270021887244,-0.10074841913078282,-0.9189191623899196,-0.2265022528143543,-0.17492147612083261,-1.33220717528706,-0.30980994146650126,-0.1984298531945461,-1.604335619094869,-0.39118672085543266,-0.203691782870873,-1.8373164432356166,-0.4578527085208713,-0.22162289842465516,-0.770379191707564,-0.280965102688889,-0.36246262493542764,-1.0347336460723147,-0.34788683853619967,-0.45137015500748456,-1.2253415701523034,-0.4000000151023863,-0.5160720323024219,-1.4120481280993942,-0.4477671772149575,open_palm
0.0,0.0,0.0,0.21760714891694016,-0.17443187066229274,-0.11338292592437534,0.40584087104685174,-0.4294530565767518,-0.21030499412546036,0.5696265362174173,-0.5988269283653614,-0.3084982192005695,0.711061739619727,-0.6835916938626294,-0.41340620098232095,0.1692576928568415,-0.9424698146853605,-0.15650105288371619,0.22582799069149176,-1.3332053683380845,-0.25651799159959415,0.2599624917903043,-1.5719174997494414,-0.33557001797341585,0.2877852896844781,-1.8132241226149284,-0.39487550714549285,0.020374391796059075,-0.9832609573216279,-0.18106008385587405,0.013244912287629614,-1.4222077860748963,-0.2638588550759128,0.01919255390165725,-1.6948687379206646,-0.3437347237331487,0.021966145974495588,-1.95998381674149,-0.41521545651487735,-0.11236034618860337,-0.9198883316253501,-0.2186618063754659,-0.19432417129812135,-1.3238443280207826,-0.29825807449735353,-0.22411584223951508,-1.590109681079326,-0.3807743407087502,-0.2381429574589074,-1.8251497357410997,-0.4477756559783222,-0.23082656352750955,-0.7797078606861355,-0.2687097881366927,-0.36451448281874,-1.052921639183335,-0.33082598495184506,-0.45062363390167126,-1.2383304654466456,-0.3831649792629132,-0.5158949626266452,-1.4226883350369175,-0.4308404432989363,open_palm
0.0,0.0,0.0,0.2088693313793658,-0.1652019278082289,-0.11418021260280341,0.3921845573983959,-0.4118844850008415,-0.21136032009478317,0.5551993138751333,-0.5707113363156802,-0.30849244808692183,0.6973817410775204,-0.6360963958923146,-0.41205581510985934,0.16331382073144357,-0.9297805108016702,-0.16351206310379898,0.22471008315704596,-1.3098916813310297,-0.2641804071907032,0.26290402762137427,-1.5485933257547304,-0.3426038487117683,0.2945393743196701,-1.784657492951656,-0.4012488255816571,0.021057482221992305,-0.982286298863265,-0.1861993273564071,0.0275110957641133,-1.41874543870634,-0.2698798237219652,0.043710744759361146,-1.6846563995302093,-0.3480944783705242,0.05746438200899028,-1.9425924811612534,-0.4182092582416587,-0.1117484660625893,-0.9263399645977322,-0.22114145084881476,-0.18706951817948514,-1.3329763445586102,-0.3024763693707003,-0.2176305866555129,-1.5961779280406685,-0.3846045020288068,-0.23126294902579594,-1.8298826653088223,-0.4511324968955976,-0.23324347037631216,-0.7846522906344687,-0.268107309907044,-0.3670591376190319,-1.060446651327042,-0.33227112340389475,-0.45636667274270987,-1.248793276444916,-0.38442276568909034,-0.5250619532798061,-1.4373293558519171,-0.4318723164302838,open_palm
0.0,0.0,0.0,0.2071283103079919,-0.15924791799699164,-0.10448458900570498,0.39213538867143105,-0.3924158561790366,-0.1961718886738735,0.5530878428526594,-0.5439189516000482,-0.290010946993114,0.6880719744583785,-0.603508450044027,-0.38861882606775183,0.17264788133856723,-0.9269830451145622,-0.13914962351249896,0.2392463510803568,-1.295254733178659,-0.23211567699463698,0.2822891397017184,-1.5249928379937432,-0.30518391415762985,0.3182058611132385,-1.7493874110485688,-0.360174463380565,0.034775642606796775,-0.9856670147740408,-0.16507928600437607,0.05087492380780331,-1.4098460344709212,-0.23914179551900222,0.0716811308247908,-1.6694013957586915,-0.310056855201003,0.08758230941406052,-1.9278052977424949,-0.37480703824683154,-0.09413774020752867,-0.9364818810207072,-0.20390460875190336,-0.15657139843029264,-1.3386602571894834,-0.2745786371220237,-0.1805534561318089,-1.5982650956231819,-0.3465726138807995,-0.19131725773552122,-1.83420355994919,-0.407025391507216,-0.21333487871565962,-0.799208412768681,-0.2550268455288397,-0.3405629341200501,-1.0798538440714514,-0.3092909538327331,-0.42853693760604333,-1.2629956340333928,-0.3530117248743301,-0.49789919101798763,-1.4472161227905829,-0.3945879284284662,open_palm
0.0,0.0,0.0,0.20319163022548078,-0.15598354842847026,-0.09939951036645657,0.3897964106785463,-0.39949097218749213,-0.18748537033394413,0.5521461530462818,-0.5494980582765615,-0.27733469476856437,0.6855686042941926,-0.5931537755428626,-0.3722799861795987,0.18028856691912018,-0.929878603579102,-0.1424145768231903,0.24848630032056498,-1.3045206472003243,-0.2331336469815982,0.2908197036264681,-1.5368490240014503,-0.30228100808412006,0.3235747811637358,-1.7576554247052893,-0.3545250972238994,0.0425336138312593,-0.9846987299967315,-0.16899491956055013,0.06368331829434765,-1.4258124014607234,-0.24107889430434984,0.08274809833513441,-1.6923778374127332,-0.30877354940639007,0.09398839295735309,-1.9537293251858865,-0.3714153203524976,-0.08799941144128272,-0.9317379902186306,-0.20731903246263905,-0.13934989619558202,-1.3486101057875517,-0.2758284452124802,-0.15901376699069403,-1.6155057590995652,-0.34654067932337584,-0.16830492210679787,-1.8565638540938378,-0.40599179364316956,-0.21112089152263866,-0.7909889315781703,-0.2572292581671079,-0.33182766317780565,-1.092710526851339,-0.3129677624948196,-0.4151293980258183,-1.294652935847901,-0.35808793452739995,-0.48112751208639515,-1.4984682136742515,-0.40023773929237366,open_palm
0.0,0.0,0.0,0.2191777654565345,-0.16619156598383938,-0.07050571933936552,0.40476507655825406,-0.4259655774329045,-0.1332513124130985,0.563798292110427,-0.5973602109523299,-0.20350313637354508,0.7043422499063562,-0.6494812025917763,-0.2772300132494739,0.18660960277789224,-0.9334782629336618,-0.07354802981631625,0.26054548612501355,-1.312305758777973,-0.1384029421470921,0.3035503510423807,-1.5383454377844654,-0.19193489484772422,0.33584451738830345,-1.7483461268796907,-0.2336990421280273,0.044515677186761145,-0.9935502273585771,-0.10428940598317475,0.05667614604043168,-1.4238904189732333,-0.1494562977433281,0.06936133587910805,-1.682159897812704,-0.20517564988277434,0.07263294628667616,-1.9283339669209854,-0.2590806882538438,-0.08612728876009777,-0.9495041394377002,-0.1469357762043446,-0.14511384169306188,-1.3474014845258884,-0.19421330317966118,-0.16620163190910633,-1.6063830583170273,-0.2576791697693416,-0.1776632115662747,-1.8312391137992643,-0.311721137045817,-0.20709754696118335,-0.8223639307877918,-0.19975644199776807,-0.33503134761824577,-1.1023438558168024,-0.23622057949433106,-0.4222674580726351,-1.288044939578418,-0.2726756668929479,-0.49220504508627955,-1.4677315868191845,-0.3082836235672239,open_palm
0.0,0.0,0.0,0.21518870433871512,-0.16288588737258267,-0.09265249794951277,0.41059818664179176,-0.4334786358385256,-0.17111119536935943,0.5831162256842758,-0.6099908543272007,-0.25313086556746606,0.731732358859165,-0.6708680498355266,-0.33945375429166086,0.18811717381437587,-0.941674551739783,-0.11479824855291204,0.252781553976395,-1.331982022030647,-0.19269985332703612,0.29020075147426433,-1.5657764672609376,-0.25524026145518997,0.31635346662885483,-1.7871315347531902,-0.30326298572833155,0.040053807751887605,-0.9894835901610692,-0.13898883871209058,0.038366309064764056,-1.4226597090129094,-0.19807678412054616,0.040398678919014684,-1.6809192805953896,-0.2615887701134453,0.03152196362069056,-1.9293601168258319,-0.3211354586066035,-0.0946164455327697,-0.9314214156923868,-0.17503032005377328,-0.15915714247637136,-1.326240507353049,-0.2339560917558947,-0.18318579548181949,-1.5804187580159614,-0.30160324254668885,-0.20192630377094858,-1.8038877046309953,-0.3581134517056608,-0.21833525948441057,-0.7971384778705759,-0.22248714291281363,-0.3475371825553177,-1.0781647731695405,-0.26776457284230476,-0.439119491751117,-1.2615126860356451,-0.3082858986540447,-0.5177931479011139,-1.4448999792780328,-0.34677476449625666,open_palm
0.0,0.0,0.0,0.2131846169274914,-0.1656315777697995,-0.08475195971622733,0.39768636628240955,-0.4151357538866369,-0.15887199719004308,0.5525334610538621,-0.5853849241553652,-0.23752122921328025,0.6860769953420502,-0.6352109324918706,-0.31973684782322603,0.17722270459019146,-0.9443365232518071,-0.1093566906571623,0.2414186657741986,-1.3391085088442714,-0.18437327383739927,0.27039073445190265,-1.5825716348193002,-0.2426757153200924,0.28603771738735967,-1.80670480846919,-0.28722977466640726,0.021604080090814406,-0.9904643223252936,-0.1360649474483651,0.026172388087081448,-1.4250890223033421,-0.1933334838399585,0.023905300964643734,-1.6928991382035776,-0.2504041135430832,0.009221281955515009,-1.9411482973828347,-0.30479223589224796,-0.11705091662668146,-0.9276781831080232,-0.1737363324198053,-0.18155635418590124,-1.3246927472546934,-0.23233182953699616,-0.21584192501720656,-1.5819331643363554,-0.29464016307633734,-0.24375923404029773,-1.807047839302363,-0.3465843132819832,-0.24344632646553227,-0.784033019093448,-0.22249464726182613,-0.3779673515768549,-1.0489596796607428,-0.2665816401392002,-0.47352162476364174,-1.2280757825493933,-0.30376035832815607,-0.5544987140182722,-1.4077635143712663,-0.3390813047646551,open_palm
0.0,0.0,0.0,0.21084382633488505,-0.17279466836262172,-0.08274392877157842,0.3877572651626656,-0.43287658683626457,-0.15658889045591876,0.5376978568737564,-0.605212742338638,-0.23601150091077358,0.671308155671146,-0.659502059707968,-0.32009153637561555,0.16959039569534617,-0.9505834573426835,-0.10618916339515026,0.22698818618187308,-1.3396493147217083,-0.18207876228078815,0.25245273519573463,-1.5834879356874536,-0.24280457378425435,0.2679658117473008,-1.8109478409459874,-0.28983762004604563,0.018137496073143425,-0.9905862636464842,-0.13568295954575335,0.018351672137331666,-1.4237660268568824,-0.19357811880649364,0.01553757124999376,-1.6934993795295175,-0.25480050366024737,0.0022979688254498192,-1.9454056475920016,-0.31285084686004794,-0.11758374886116729,-0.9242702236886359,-0.17656521051361077,-0.18428015400260722,-1.320387851952739,-0.23629874701395498,-0.22133753819778418,-1.579880502948192,-0.3052026605776657,-0.250318296812457,-1.8117126247063275,-0.3626567191347802,-0.24092340317386632,-0.7743408768746882,-0.22814338536101378,-0.37871316437157587,-1.0405168322418603,-0.2759063910698999,-0.47518686346775263,-1.2231158305367205,-0.3184417399837378,-0.5560666142811662,-1.408745982384701,-0.3582820836747465,open_palm
0.0,0.0,0.0,0.21132831256250068,-0.17421960517809446,-0.08633906886175932,0.3892006078343051,-0.452495156076917,-0.15826500897172194,0.5364109477401302,-0.6340951855444008,-0.2350882743706087,0.6729007139163696,-0.6849604900011325,-0.3170441184438718,0.16636882437773134,-0.9573398412634855,-0.10615034686484581,0.2197749813121447,-1.3422986542173354,-0.1814717535347923,0.2415295280529987,-1.5865481445840677,-0.2407757844306048,0.25166778015837393,-1.8119758615153638,-0.28652787227817084,0.014192179142455259,-0.9909185565195313,-0.13371228962379128,0.013441394671488518,-1.4291767130635715,-0.18993714037852036,0.008103990247399176,-1.700124774099623,-0.24949086034587536,-0.008093085669652654,-1.9550844917265044,-0.30658886081850456,-0.1209467931983256,-0.9213581692136985,-0.17343246091992684,-0.19291906703085732,-1.3215606373657516,-0.23385345973507696,-0.23115571130946003,-1.5763974423702416,-0.30250739328290427,-0.2608148748368732,-1.8069717336150688,-0.3590170402684357,-0.2446740819962985,-0.7692114901015202,-0.22423358292102638,-0.38489452316969647,-1.0410121259779728,-0.27559790060387196,-0.4822033472727794,-1.2175618762810783,-0.31910203550790395,-0.5649964611393311,-1.399101458325465,-0.3585469628116169,open_palm
0.0,0.0,0.0,0.20478591702895171,-0.17051824724896056,-0.09938838180832547,0.3792764286194176,-0.4464611070024136,-0.18122025658908053,0.525543050167334,-0.6234821744964852,-0.2663665433226564,0.6627390989139786,-0.6827548712674562,-0.3574178197838269,0.16472317785655838,-0.9583966072109057,-0.12708138474072783,0.2203799373099331,-1.3422364733339158,-0.21187777989397544,0.2413373767379834,-1.5847148573890293,-0.27864769446651955,0.25084484113108513,-1.808965951775795,-0.32987008457377615,0.013522843036432254,-0.988190618680517,-0.15263162800687363,0.01168135512141093,-1.4230085816682354,-0.22002304369401413,0.004720762436331237,-1.692168885441793,-0.28826178221879223,-0.012379722273134478,-1.9470860837248958,-0.3512234147379987,-0.12093988578125787,-0.9139528632081336,-0.1909934445688731,-0.19255358649156706,-1.3116688560290035,-0.26191839430752323,-0.2311140881278117,-1.5643753050826281,-0.3385728332039853,-0.26191858047922306,-1.7946649801292627,-0.40027677504313186,-0.24381906976618714,-0.7569388606693278,-0.24095009176616985,-0.3824280418139246,-1.0235106155764326,-0.30072621141433625,-0.4767034015386998,-1.1958801571306334,-0.34997149376597725,-0.5568192003000374,-1.3744793771472048,-0.39370674720988147,open_palm
0.0,0.0,0.0,0.1289005692559466,-0.17560705497700782,-0.1033710355848977,0.19622253359245379,-0.46088485486549513,-0.20179853044375298,0.1186467450989803,-0.6779184621672389,-0.31121708243929486,0.016334545852310107,-0.7901483446714184,-0.41644931490955817,0.11434941096312302,-0.9993138296164954,-0.08967373559132581,0.1703956932772755,-1.3775583614711848,-0.1945732241219745,0.20051951876293383,-1.6223036583309751,-0.2708903163107133,0.21644150029821008,-1.848213810687757,-0.3346358871700416,-0.02885420220255466,-0.9895703673234855,-0.1411308014946269,-0.05689496611117245,-1.4231185831699342,-0.25914025947891184,-0.07878770162734512,-1.6856263922049817,-0.3433997164082879,-0.10440106237310455,-1.9302768577235547,-0.4082359349329583,-0.15138911953278458,-0.8603877468015264,-0.21216650989969152,-0.20002477309960115,-1.1654033773821428,-0.3532415433169579,-0.13036016056619018,-0.9458378517871097,-0.39379871383574605,-0.07078038570590192,-0.7467766593349269,-0.4022584633685534,-0.24451602660705907,-0.642038016580185,-0.2998686847564945,-0.2172749604806558,-0.7747560053371815,-0.41150351586177125,-0.11339669186306574,-0.6208123720029426,-0.43562478789654824,-0.028335290686860103,-0.47719287934914856,-0.4397617724416443,peace
0.0,0.0,0.0,0.13131850825872568,-0.20754651633849103,-0.10298864361910039,0.199728750704567,-0.49485084598344564,-0.19593023430791767,0.12275431437193783,-0.7454770687313089,-0.2986140748578569,0.0037302798472305873,-0.8569895407333044,-0.3925967910263663,0.11386958446234857,-1.0042335890424128,-0.06166275857446671,0.17467184298024518,-1.3979216281828386,-0.14932400341946728,0.20313709846617958,-1.643038242487679,-0.20874734742522263,0.21455437939680125,-1.8641707768076943,-0.2616183636698805,-0.028344309910548274,-0.993613459980342,-0.10921937667642767,-0.05322750088499849,-1.4347111408927327,-0.21311555817671685,-0.0810196679513925,-1.6922296326976523,-0.2841520972617576,-0.11498080392931519,-1.9497571523754555,-0.3369894218570961,-0.14884975322588362,-0.8647548144053064,-0.1778714172021866,-0.19679841485152183,-1.20521339817279,-0.31834684108440425,-0.12457552485224253,-0.9757157485237018,-0.3550364189643093,-0.06724736865464291,-0.7686585987380236,-0.3535128490766056,-0.24158755364497791,-0.6377838523134193,-0.26150128053495497,-0.22902578041691624,-0.8264477814132493,-0.3715824624014554,-0.1235244291572651,-0.6856941222115879,-0.39234680271125505,-0.039464974027968454,-0.5317606993081718,-0.38955160573890274,peace
0.0,0.0,0.0,0.1367026642722274,-0.2085603202010129,-0.09724660340531513,0.20601212168389424,-0.5030108325719433,-0.18686007523908618,0.12626630692518495,-0.7515939597144873,-0.28715681199155324,0.006673821912495498,-0.8585914020289711,-0.37909555493914215,0.11522179370073139,-1.0054073966745425,-0.0573194408950616,0.1745461911297744,-1.40319475515088,-0.14445664883928092,0.20216758347756678,-1.6496049028811248,-0.2053791951842318,0.21355449589015318,-1.8707510498725053,-0.2592607996961793,-0.028562731505498495,-0.993935096054644,-0.10619404502979347,-0.05672626373782403,-1.4377583592169714,-0.20997969644290781,-0.08440060053574548,-1.6988747448592578,-0.2836423772595855,-0.11874339897323619,-1.9516363458074308,-0.33833298331388567,-0.1490635006595169,-0.8632070672176351,-0.17513731116472633,-0.19935372231104548,-1.1977264660692848,-0.31229517545622226,-0.1271043902991585,-0.9762990458091031,-0.3498395144486102,-0.06915960486942856,-0.7709578986397175,-0.34990357911406345,-0.24148118869503768,-0.6334196900701659,-0.25886270539154804,-0.22774628866111232,-0.8209699973582875,-0.366120802732043,-0.12206277149262927,-0.68468195489888,-0.38661230327921986,-0.03677274181067163,-0.53101628377289,-0.38419844072481646,peace
0.0,0.0,0.0,0.13449547147077112,-0.20712669783870288,-0.09944888925572609,0.20132318143177996,-0.5071641253708908,-0.18904964849384626,0.12286053850913663,-0.7618873326675655,-0.28951998512498567,0.008945758648740884,-0.8790586215866575,-0.38179358209202413,0.11639713123473872,-1.0026555145082303,-0.05680602485134896,0.17735676403728795,-1.4045589526173836,-0.1444274209596747,0.20578444362976775,-1.652073256881874,-0.20503071983546342,0.21807441111915954,-1.8742493706152432,-0.2582795088071015,-0.025317622504082857,-0.9942361449959107,-0.10418006514881263,-0.049439347547182794,-1.4400658424048907,-0.20908214505024594,-0.07575613814252301,-1.700975931279117,-0.283206434019807,-0.10925650262563942,-1.9568031464715347,-0.3374965745825999,-0.1454483267579869,-0.8679709314555248,-0.17207771721078302,-0.19204928657390227,-1.2033396587666159,-0.3110268807029238,-0.11887143632072658,-0.9710310302688732,-0.348724574842625,-0.061554058306186744,-0.7599817430514179,-0.34764063505659576,-0.24017266128003173,-0.6436171778594895,-0.25491230376955376,-0.22728155511151038,-0.834747092669255,-0.3631084817513194,-0.12256115944891446,-0.6990148733504664,-0.3842976679671609,-0.03893917929950146,-0.5466023649931104,-0.3817766801253608,peace
0.0,0.0,0.0,0.13895152867228588,-0.20737192646535343,-0.08959578071403701,0.20101390405370967,-0.5147366288150459,-0.1768779849018834,0.11681584552574678,-0.7608217498920558,-0.2773768135936476,-0.0004500470572837986,-0.8797387996651372,-0.3704938176092708,0.11718280110855415,-1.0038509723607476,-0.0492728942499901,0.1758595800586234,-1.3963664265432352,-0.13861945883433646,0.20314521943170316,-1.6443982893903706,-0.2047705398412565,0.21422220869023614,-1.8662160307892954,-0.2620161348453439,-0.026434523490027288,-0.9945346266502624,-0.1010053085806785,-0.05588678258891412,-1.440120948618929,-0.2072183079563321,-0.08252203106860213,-1.7018754828218832,-0.28667777022944496,-0.11458104695821059,-1.9450359174010725,-0.34529582771031003,-0.14776479933747608,-0.8667254550707879,-0.17222923368602017,-0.1973143323833652,-1.199117271417372,-0.30596873765792726,-0.12278428136239496,-0.9864330173120517,-0.3445279700564128,-0.06231446081230346,-0.7847149320698333,-0.3474115157926451,-0.24213060532414105,-0.6432143437258568,-0.25823425782972564,-0.22690509315444382,-0.8275179043013531,-0.362673523415008,-0.12305456687541318,-0.6932859142062853,-0.38315066452141344,-0.03861600045573249,-0.544398760588857,-0.38214322803758294,peace
0.0,0.0,0.0,0.13608210400412893,-0.20570959055181132,-0.09897054438193152,0.19948759846839798,-0.5060634465961804,-0.19115014233598004,0.1201666356421592,-0.7566237835159233,-0.29456749263383314,0.005040814067609062,-0.8812247340050532,-0.39002193673710167,0.11788989853314227,-1.0020926612464345,-0.062388718994766036,0.17730771078905155,-1.4032463628676661,-0.15430957890588348,0.2042045704281225,-1.6525399028490124,-0.21979240725738466,0.2145098015531458,-1.8759039050142787,-0.27659239228799076,-0.025999294304352577,-0.9934982796639211,-0.11083855376404177,-0.05306165837861235,-1.4450199880912782,-0.2210127396856131,-0.08138145482161034,-1.7091589510158598,-0.2998332952653294,-0.11561975484561954,-1.962784368918933,-0.35751976103799704,-0.14740128868676897,-0.865579595924348,-0.1792071984796958,-0.1940373233703119,-1.202697605766026,-0.31867937225703835,-0.1197168496280509,-0.9752560979691446,-0.35654515300647105,-0.061331720069075286,-0.7648330710604391,-0.3568442936729602,-0.24145324514842587,-0.6397747855673743,-0.2626999337535504,-0.2250748994861927,-0.8275351716751541,-0.3711376847905097,-0.11919329373867361,-0.6942337715186032,-0.3924874702594124,-0.03510222935342305,-0.5455605258244421,-0.39077298955723916,peace
0.0,0.0,0.0,0.13322962907117947,-0.20806924679834013,-0.10040586295948364,0.20052679503465112,-0.501126520669359,-0.19295641165696845,0.12256367250493352,-0.7489720141424512,-0.2963689170617105,0.006729067873563548,-0.8693526390802089,-0.3916652445659783,0.11249816611514181,-1.0050064879534033,-0.05842602185439194,0.17263429115150952,-1.4054068714198804,-0.1472041879400687,0.20150503083213517,-1.6538460416403635,-0.21041844295929565,0.21447280847519887,-1.8778586048494215,-0.2661214779238448,-0.029823312767994065,-0.9938627661371282,-0.10652395083641077,-0.05907078866514635,-1.4415508429090074,-0.2123844068949936,-0.08587291356961245,-1.709244391547548,-0.28955358336799125,-0.11795430632673705,-1.9658000377947837,-0.34676656831154107,-0.1506043809240022,-0.863890584043234,-0.1750051789805409,-0.196821538535873,-1.200220529591714,-0.3134046874100068,-0.12514453977910284,-0.9740666087943667,-0.35253500176314606,-0.06994071130658443,-0.7651284550676584,-0.3536764676610293,-0.24492352203528928,-0.6355823312019252,-0.25854575526739443,-0.22892196367466294,-0.8306443045877308,-0.3673705763206858,-0.12273157722539117,-0.6938813305554231,-0.38895737549686105,-0.03893319325731813,-0.538106390545218,-0.387350331751243,peace
0.0,0.0,0.0,0.13628003221579885,-0.2044192810632574,-0.09512989775984777,0.19824715035564183,-0.4972215940714898,-0.18703678907071328,0.12133705968793378,-0.7445915391595208,-0.29120790694208987,0.014867493282011654,-0.8683972593153906,-0.3876439606112669,0.11788026367993788,-1.0016884284844625,-0.05821513375491133,0.1745467630652397,-1.4045108055879327,-0.14847161788673077,0.2016295221008906,-1.653762360999213,-0.21488477051151358,0.21183514094523942,-1.8763579459949788,-0.27293986743314086,-0.025181008125833047,-0.9937616690565323,-0.10864456702358152,-0.057980145167326795,-1.4429705024382085,-0.2165471361638342,-0.08686937095681639,-1.7105063536890253,-0.29746942349104655,-0.12089895397629705,-1.962150131246837,-0.35755059149077284,-0.1466786170609824,-0.8649054570497878,-0.17839790405781925,-0.1998129850537675,-1.1945529591259638,-0.31383489687596006,-0.12570353885592866,-0.9803560946367098,-0.3545197449118061,-0.06650800519676356,-0.7784530441887116,-0.35854803006367625,-0.24126792280318368,-0.6364158732561582,-0.26298519070667653,-0.22877064088381155,-0.8208211657238875,-0.3687937382660515,-0.12226693138827857,-0.6911476295326927,-0.39135069170781916,-0.036057020780239236,-0.5422281324471055,-0.391794671757205,peace
0.0,0.0,0.0,0.13642315984676798,-0.2096153095374344,-0.09185667474031502,0.1950186751229773,-0.48818771118081944,-0.18364204273961177,0.1139750601782509,-0.7208440646269886,-0.2890001083767876,0.0187459112091223,-0.8448987008579215,-0.3876652968612633,0.11552853981338812,-1.004139074827176,-0.052682398032081156,0.16586567851847106,-1.403676576166602,-0.14105758095087892,0.19062490879573704,-1.652901379723945,-0.209367377974747,0.19978203193520896,-1.8762209559231768,-0.2699148346525311,-0.02659033120406566,-0.9940656871777721,-0.10548148587425867,-0.0655940281461793,-1.4350911009474303,-0.21028921204762918,-0.09701740710400523,-1.7025602694297803,-0.29522035812992037,-0.1323614727600346,-1.9495784787906674,-0.3599787614211879,-0.14613762010605935,-0.863148016505551,-0.1774389539047991,-0.2086188814035038,-1.188629657469137,-0.3107471333585823,-0.13588648247327578,-0.9854636162092166,-0.35933676218421806,-0.07529287458796992,-0.7938028639109799,-0.3713957466284073,-0.23873155654709086,-0.6300030648190481,-0.26355503640548333,-0.22987471377589855,-0.8138730934215519,-0.3699066977920126,-0.1217150389671059,-0.6823226823157265,-0.39723618616451,-0.03066858417034239,-0.5296151676713381,-0.40308951120637143,peace
0.0,0.0,0.0,0.14145208050613736,-0.2144708010881108,-0.09085491598137638,0.19910225856888183,-0.49788430976442244,-0.17982050683099843,0.12971538769031546,-0.7379856444779986,-0.28248629802847036,0.031305742902956464,-0.8869412233004875,-0.3766780969624847,0.12841700592172203,-1.014087323425077,-0.03579488708941305,0.17980635753595442,-1.4099410343425887,-0.11667724254641682,0.2067031544668233,-1.653815862129686,-0.1801608772705542,0.21547291608857827,-1.871335832836786,-0.2367578492376238,-0.011969291125942881,-0.9963751752850133,-0.08422129270974882,-0.05418147878297428,-1.4439150730532575,-0.18539040734201295,-0.08651974974446332,-1.7103186815221392,-0.2684605488696348,-0.12458690287252025,-1.9561743373620666,-0.3292487434211517,-0.12926558708856442,-0.8618793475395211,-0.15188020329610405,-0.1845490418165557,-1.1916040798358252,-0.2794183215807395,-0.10327033362814561,-0.9730785833180069,-0.3197078070762894,-0.04440628609523082,-0.7746785726817588,-0.3233963851862885,-0.22093277059665783,-0.6342539987635075,-0.23412522482044515,-0.21478994870833137,-0.8319733632653734,-0.33306887458760803,-0.11048656592564303,-0.7046351208300203,-0.3544220389836261,-0.02953572187253774,-0.5591894552444918,-0.354215187553658,peace
0.0,0.0,0.0,0.14258947302213767,-0.21830949276130968,-0.0778675192834857,0.2027329489006973,-0.5165149382250265,-0.16045433692915032,0.12307381895225686,-0.7592863879426718,-0.25852230815965405,0.01158722761148727,-0.8919155778341596,-0.34824683713481,0.12089825589058484,-1.0161560392383648,-0.02255344685536823,0.17211619224003713,-1.4155332787531423,-0.097106278163908,0.19984854951341133,-1.6604197178973754,-0.15501344935227,0.209817664299256,-1.8769505920995067,-0.20827986172512658,-0.020013202644590573,-0.996852536885657,-0.076710308463308,-0.06711587566214428,-1.447031185011962,-0.16795741599395567,-0.09757385452180684,-1.7199730088179346,-0.2433239415342471,-0.13362476702216794,-1.9619719766948138,-0.30053792378608996,-0.13899143749663231,-0.8591601206726391,-0.14962381177448714,-0.19001109358734203,-1.1936602131208358,-0.2687776837693039,-0.11192491022792458,-0.9971677885776015,-0.3070077111926657,-0.059147706755375305,-0.8075824863665134,-0.3116325706289147,-0.23184376435631093,-0.6281134611957616,-0.236261449268053,-0.21814989899216924,-0.8084835071888606,-0.32976743860744284,-0.11288775263663378,-0.6811915169224378,-0.34887520460208865,-0.03457612207912523,-0.53501379999251,-0.3484563249559867,peace
0.0,0.0,0.0,0.13928290684053607,-0.19130639663666413,-0.08451327395413184,0.20437683039632587,-0.4969628708309828,-0.1761934057064067,0.12776127674261728,-0.7393712977892575,-0.28198936002805214,0.015332822354564478,-0.8948078404556021,-0.3821006754463432,0.10532942909178142,-1.0016631774358702,-0.06175972876416112,0.15523429666924593,-1.396123674777911,-0.15342129347531092,0.18478339083590273,-1.643925201126741,-0.22184056574919733,0.20092977633351292,-1.8728975297466368,-0.2814885149880673,-0.035745453602292455,-0.9924772024072744,-0.1170950265749827,-0.07957845751120332,-1.4423383161007677,-0.22137685479146288,-0.09996456782157576,-1.7166131756764171,-0.29909042772116473,-0.12279670990817823,-1.9590974448836036,-0.3606069105553988,-0.15215691394546935,-0.8609425114338846,-0.18988996731534127,-0.1877143360098935,-1.172880059424888,-0.31185348572485927,-0.10569213629978563,-0.9731817894954058,-0.34173068109223365,-0.046951789822659254,-0.7849848296650777,-0.3463807649410899,-0.2375812347633744,-0.6389924118707955,-0.2783260124572571,-0.2004728148589367,-0.7899362314298941,-0.3739148641128331,-0.09543120471679976,-0.6426349385977853,-0.38784336467480796,-0.016760087619938458,-0.4911454364427412,-0.38655204306314467,peace
0.0,0.0,0.0,0.14348033988789233,-0.1878262366802252,-0.07405821583271792,0.21124747891150092,-0.4701589304632706,-0.16090619888026686,0.14759247714154777,-0.7007560909465805,-0.2644455858505668,0.054178958117382776,-0.8671543166577461,-0.36324076353360424,0.11610222223211362,-0.9993186709866754,-0.03585103174824016,0.16516899911823318,-1.3773738047159818,-0.12086972189718861,0.1945525585854052,-1.6190309049347398,-0.19172304200258164,0.21149713767852274,-1.8459340925100607,-0.2545676977209417,-0.020211182779906807,-0.9951920689286102,-0.09583440943747241,-0.06704371094851364,-1.4330223493904843,-0.19178334333005642,-0.08916978962130012,-1.7020964531677851,-0.27691335494248875,-0.11132169830196148,-1.9304633098802395,-0.3458335689994503,-0.13364972067267783,-0.8717933860720458,-0.1732751094875045,-0.1710523234936831,-1.1820628770993749,-0.2889996852635769,-0.0877428460589994,-0.9961454310374407,-0.33143634528293753,-0.021129697859931684,-0.8249610457580416,-0.348718686951755,-0.22053801614387997,-0.6552214502282022,-0.265019927816574,-0.1778660917164316,-0.8191711790474471,-0.36061300638703275,-0.07137714092417935,-0.661992293674228,-0.3808698378354022,0.014774294867833031,-0.4967461802415761,-0.38663904053969683,peace
0.0,0.0,0.0,0.15011115836897873,-0.18400191490752785,-0.06294222638071457,0.2271938386844774,-0.46665217798226316,-0.14689912460070118,0.18169351875805873,-0.6927044844295308,-0.24740705874553606,0.08420787557138612,-0.8476927464149334,-0.34345616910608345,0.11546111322717477,-0.9987538425982664,-0.04741821028888828,0.16723225150361512,-1.3722988818092143,-0.13409168253984283,0.19201466400190165,-1.614105221629028,-0.2069421417743067,0.2024820335043324,-1.8351533879999218,-0.2710993112655287,-0.01983697007193429,-0.9937790040863158,-0.10958907635150056,-0.06429320909314308,-1.4409055647489315,-0.2125937282729564,-0.08442092630109294,-1.719371186339378,-0.2997903870457696,-0.10715865672971638,-1.9430538469154148,-0.369876090080025,-0.13338563635405087,-0.8703150664882009,-0.1846613385234759,-0.15890361264052724,-1.1885612481085457,-0.29795745603964924,-0.07205784010167794,-0.999256506209882,-0.329836282095866,-0.0070105410699357095,-0.8184957224122262,-0.34205569610843334,-0.21952656448676686,-0.6555682488070337,-0.27352411024269696,-0.15961554613482754,-0.8277030301232977,-0.3663002831177971,-0.052701793770981005,-0.6639057726606236,-0.37860949224714424,0.026647220770863688,-0.48749050538805555,-0.37906203600542043,peace
0.0,0.0,0.0,0.15049502720202537,-0.18452196363905987,-0.061203753044922066,0.2331063478820171,-0.46330285114425307,-0.1475201978811913,0.1993982842813226,-0.6891684316734984,-0.2513133061096354,0.1026354570818703,-0.8344451186166761,-0.35123709146919724,0.122016837357372,-1.0014790862571994,-0.05589146087066844,0.1716973765180156,-1.3863229593216773,-0.1495997134228014,0.1968207367323184,-1.633423787994973,-0.22906124310953563,0.2088607624336232,-1.860531866504653,-0.2981875185146513,-0.016249941250626652,-0.9922878343626685,-0.12288520328011825,-0.060976654292972984,-1.4386282199255835,-0.23379118230383028,-0.07696472843519184,-1.716790363667409,-0.3281669064632629,-0.09623701317166683,-1.9447488957898105,-0.403159359609949,-0.13124136622741184,-0.8709930695590942,-0.20222286604310102,-0.16081750719013393,-1.1937528835263065,-0.3231190161670358,-0.059613149128869274,-1.0034857256951295,-0.3620782006835601,0.018571293902957264,-0.8218127249365684,-0.37874653845225037,-0.21449525396005642,-0.6599225079705846,-0.2948822498343305,-0.158140885009501,-0.8346086673883533,-0.39164032655645487,-0.045688625615650034,-0.6741470914845573,-0.40836838798786596,0.03851951720445654,-0.49794815319720626,-0.41285170414278904,peace
0.0,0.0,0.0,0.15465148238994997,-0.18214587514535788,-0.06669423610776597,0.24431516183225452,-0.4589895150449685,-0.1622046996418087,0.2267646354182063,-0.6818058463900327,-0.2759064341121789,0.14686689097643416,-0.8427317898522375,-0.3869815500346025,0.13278059632606196,-1.0105833392720798,-0.07761733205723968,0.17664276739110005,-1.4103263851854424,-0.1833938052916772,0.20159192280269342,-1.6595734265862259,-0.2722412437584016,0.2135574244640302,-1.8867239291680786,-0.34745338351478655,-0.006441438395846947,-0.9889907804982867,-0.14783681530925172,-0.05777186790711638,-1.453093630788591,-0.27191607613808627,-0.07371720216076766,-1.7340260719389247,-0.3766541263984484,-0.09252153491277548,-1.957540317060349,-0.4588186856416161,-0.123016661624329,-0.8563686840390002,-0.23007618334621058,-0.13721725906324134,-1.1729731204461868,-0.3573748179338951,-0.025466756539032003,-0.9990549505245847,-0.4027964600439138,0.06010516883051238,-0.8262552333888464,-0.42568021169275155,-0.2073132536307386,-0.6351689751331865,-0.3263194408669289,-0.14326111425961702,-0.8079953629195842,-0.42754382340757235,-0.029628140060477908,-0.6557181399522571,-0.44844551707696495,0.054815616786177045,-0.48220993603221857,-0.4573399885672037,peace
0.0,0.0,0.0,0.14779141519046898,-0.18015376526544524,-0.06933476215707345,0.23962621669701495,-0.4498934882315468,-0.16511574144492155,0.23006149252794808,-0.6642682996510917,-0.2783645133255588,0.14667986046098794,-0.8161368243309378,-0.39013970034159656,0.12580545434346804,-1.0099130755341448,-0.08923253102452895,0.17369763749995795,-1.3911126693257012,-0.20117882444534932,0.20140977230107898,-1.632450971461137,-0.29506154931375866,0.21637758227306897,-1.8519328297729738,-0.3730904137397154,-0.00955636520236444,-0.9872506958310624,-0.15888586930624635,-0.059103248082048115,-1.4467585924270199,-0.2908566603390026,-0.07071779751270567,-1.7259954164607751,-0.4013167658745,-0.08513541841791931,-1.949518694291798,-0.48733128461079245,-0.12496504946645923,-0.8540679368072994,-0.24042574628980115,-0.1302113811634673,-1.1720939353375717,-0.3729496496796554,-0.012621664036845068,-1.0025198042882384,-0.4226829891733402,0.07782911799410862,-0.8281590847105332,-0.4487352116372,-0.21050019555051055,-0.6338392189087428,-0.3361295049266865,-0.14727588296316677,-0.7987967583929794,-0.4423443589487717,-0.030385501410326688,-0.6588445512338478,-0.46846091727994826,0.05795036812392541,-0.49758242639989997,-0.48135401293218844,peace
0.0,0.0,0.0,0.14379226907169174,-0.17562604687370562,-0.05032229859595657,0.23511001002816156,-0.45355292110163153,-0.13438239145087588,0.23239413658143318,-0.6821349497809056,-0.2370750247531785,0.1509558664608328,-0.8439639334965552,-0.33778912444201303,0.11895774225064526,-1.0109425002894679,-0.07761200682634836,0.1665806410666975,-1.405835245775511,-0.18283232455831666,0.19512833159078094,-1.6465870372199118,-0.26935592008578674,0.21205255465877232,-1.8649753841646872,-0.3417549976092388,-0.012211153020283635,-0.9883785513032358,-0.1515213089490446,-0.056592998650924056,-1.4573293013453232,-0.27590349873945796,-0.0631356487809844,-1.738839936334091,-0.3766243955864475,-0.07097709335108104,-1.9668515643187086,-0.4560952504691188,-0.1252337382312301,-0.853351953447266,-0.23495989395452002,-0.12503846592134746,-1.163880520843198,-0.35461676246199453,-0.009124168753051725,-1.0044886103002628,-0.3918569204435256,0.08111948106733764,-0.8407747349197482,-0.4112891780810524,-0.20821961148144402,-0.6358314938166042,-0.33144695544062747,-0.13609741888159788,-0.7982791824298813,-0.42663393780044917,-0.017018775975934517,-0.6622528650926952,-0.44416317801803096,0.07256057426394573,-0.502691282533135,-0.4513132278067255,peace
0.0,0.0,0.0,0.1464169375286551,-0.1815971181939328,-0.0502455446662093,0.24360222387099562,-0.44969101699722197,-0.13444088705661458,0.24832665479596508,-0.6786268846284828,-0.23732454204296963,0.16259210149981967,-0.8322466094854003,-0.33692750650236664,0.11635571306923224,-1.015622444349385,-0.07136246725004758,0.16290746094294448,-1.4121493170217638,-0.17212528108484149,0.19162174852508732,-1.6510905357742778,-0.25543500805446195,0.20838590632918777,-1.8687090415118996,-0.3254898823875419,-0.015288413451970706,-0.989432149947597,-0.1441882972511891,-0.0657808504568264,-1.4489656227128453,-0.2641365443959446,-0.0724104771197047,-1.7212300709856216,-0.3602637094644103,-0.07982710534619945,-1.9389930310930854,-0.4361555741518295,-0.12803621331749132,-0.8512898120541975,-0.22670223292079503,-0.11981581899703156,-1.1443818608788858,-0.34177927800578045,0.001578287396099236,-0.9800749341969003,-0.3747122432299548,0.09217213295024555,-0.8106833254599968,-0.3908336442836521,-0.20854097823491805,-0.6342794862231335,-0.32278534452895413,-0.13016102440297522,-0.785275934625517,-0.4117846504061905,-0.009938758681254926,-0.6481260569287914,-0.42606174356484444,0.07751285506776932,-0.48868661849742207,-0.43089234984869224,peace
0.0,0.0,0.0,0.15575764215176538,-0.18025036044789775,-0.05435308314945317,0.26298891497131444,-0.4362729251517881,-0.1502447672661385,0.28521663180817675,-0.6510020496964011,-0.26474521020121233,0.20797254429870066,-0.8121355772110334,-0.3753486372327026,0.13661598980315873,-1.0090357207072986,-0.09315135624358228,0.1762106788679835,-1.3925874276391945,-0.2015180024102831,0.2021392463034747,-1.620559272972175,-0.28864099857745296,0.21753923390378047,-1.8284618632891183,-0.3612480379492603,0.00533378428054754,-0.9859161595458485,-0.1671551886469968,-0.04889884440985272,-1.4512481157977157,-0.297719527052279,-0.04877309270545819,-1.7429525427760375,-0.3998752524155278,-0.04981789816755503,-1.979850644874539,-0.4801899152596113,-0.10940453436581808,-0.8488013914180957,-0.24944909645029675,-0.08128965221006365,-1.1534540154560715,-0.3689310258537166,0.0466566400431921,-0.9924210525354505,-0.40230925570851805,0.1365330745711676,-0.8232276496982206,-0.4196327939596341,-0.19392346828303128,-0.6286489488501864,-0.345034364201751,-0.10136653689822447,-0.800776006580726,-0.435460318970129,0.018589374395388422,-0.6714330247100939,-0.4489765129460508,0.10041328750160788,-0.51167191894006,-0.4543899491650907,peace
0.0,0.0,0.0,0.16345256937198616,-0.15772924084807613,-0.05570319674899052,0.27891422458705806,-0.40207540983706086,-0.14924497999849484,0.3012336145434144,-0.6065552451140552,-0.26024115267467884,0.21829291274384466,-0.7518970247414438,-0.36631173988792964,0.13113335577254132,-1.0178169773727495,-0.08142043177060036,0.16266435193115847,-1.3776050873003027,-0.18364303311353664,0.1892756194466556,-1.588136675034885,-0.2652183886580027,0.20860834071515616,-1.772535707394177,-0.33224787912155196,-0.0022435377089864354,-0.988380114764864,-0.15198583906384927,-0.06589041636409822,-1.420225938623476,-0.27445879273277934,-0.06931451213777884,-1.6820329450662364,-0.3666086917030642,-0.07096838964820985,-1.8807554159607835,-0.4385957480758475,-0.11386011336244373,-0.8404945746347416,-0.2324602892930814,-0.08468422180495358,-1.0972623291077783,-0.3462975721088571,0.036019662863482786,-0.9452397966760668,-0.3741390369996164,0.12284646406456677,-0.7771841647525987,-0.3871828156586961,-0.18992274278300128,-0.6181067502871356,-0.32733142145704464,-0.09049524791761417,-0.7301902802387592,-0.40848815804270894,0.020943457223175234,-0.5896179410479622,-0.4170163507269889,0.0990924405696562,-0.43124104643457606,-0.41963980818159635,peace
0.0,0.0,0.0,0.16333040795296225,-0.16363945597493082,-0.03784781647576914,0.26944451348584564,-0.4139669686800234,-0.1253538522260508,0.3068202791678578,-0.6025406268307271,-0.23516272641484867,0.24897220294824812,-0.7291550909569829,-0.3424241835502983,0.13190758240503056,-1.0230909243551871,-0.06576503813438392,0.16395300553671457,-1.356962601069484,-0.1662866784012477,0.1921655406514054,-1.566729422104824,-0.2534754448678421,0.21580295308793912,-1.7579942219527058,-0.3269787511817938,0.00162661409881871,-0.9887130110543401,-0.14981293635208426,-0.06330480815707328,-1.4046735558962422,-0.2693774588973736,-0.047944169216445065,-1.6484914091873444,-0.36627860050477823,-0.025959168164597507,-1.826310023037407,-0.44471516161646213,-0.10294086623504922,-0.836411375650048,-0.2432300917412468,-0.07874959126502733,-1.121711004911671,-0.35800883902281677,0.05510854296941163,-0.9831555138794615,-0.3979084536001994,0.1588655730002919,-0.8194838545812335,-0.4228594499822082,-0.16137345008612367,-0.6044766352238076,-0.3484344317489566,-0.056426801590849264,-0.7154633113349831,-0.4347876215292644,0.06292096531970436,-0.5861598697133834,-0.4510647566627717,0.1539808828917262,-0.4380747920273066,-0.4624869811049562,peace
0.0,0.0,0.0,0.15977655186670667,-0.168391855929763,-0.040513016236674845,0.2654371086356012,-0.42577221313752756,-0.12668383840345415,0.30464105543849074,-0.6185471136059038,-0.23616942417903364,0.26193521888455323,-0.7542957941853482,-0.341244306704641,0.13004656398919165,-1.0077962583142044,-0.055837269405373986,0.18689885703570522,-1.349362174100955,-0.1536501888799591,0.2164266854571033,-1.561538718406288,-0.23590075687598508,0.2339185323976299,-1.7554611352012175,-0.3055993466284981,0.00014970256276246156,-0.9905515338812415,-0.13714086303746997,-0.030447653946730577,-1.4220249922320567,-0.2565120897860212,-0.026833356567065706,-1.681641738423116,-0.351342759717139,-0.026928859482541645,-1.8801026350078736,-0.4265016807362578,-0.10659171019478528,-0.8568260163415062,-0.22852986625810395,-0.03295634823190704,-1.100052423214787,-0.338151375948171,0.10299344615129516,-0.9359681321788553,-0.368915121889326,0.19442563699280754,-0.7686543438314539,-0.3854135119508911,-0.16995040077118975,-0.646863205218352,-0.3335321195135934,-0.028584998544162573,-0.7351023223055744,-0.41311685128083314,0.0927467501324527,-0.6031282724675427,-0.42450984369847716,0.17275780308031854,-0.46491220087111107,-0.4300605585408835,peace
0.0,0.0,0.0,0.17857789442435237,-0.16590746182236046,-0.03049321571876898,0.2955343305644068,-0.42312931583138463,-0.12270395393577423,0.3562780066028077,-0.6241788292146256,-0.24325542077011497,0.3587929564687009,-0.7845624152328345,-0.3592412976593705,0.16360122668363955,-1.0040755809631974,-0.06577162432646255,0.22534394339554917,-1.4000362128145047,-0.17379680943293388,0.2646037737725531,-1.629346093720805,-0.25745734463013387,0.29358990338889895,-1.844892070009748,-0.3268605803911361,0.03564908348164624,-0.9867992954315831,-0.15797554678699313,0.0059268186321886854,-1.4711484680735163,-0.290383143569096,0.019423704322666706,-1.7423207643695129,-0.38349497285723616,0.03435601794826491,-1.9481363778079517,-0.4548742470431273,-0.06573387168327029,-0.8505028554764169,-0.2592033631505803,0.04793356374324568,-1.100168592511744,-0.3752760033063477,0.18955875716550688,-0.9179905031790976,-0.3946496751140818,0.2761116993251702,-0.7477080802118444,-0.40043059911157386,-0.12318801046641766,-0.639711890713893,-0.3738774626141403,0.035127386087334574,-0.7441277373470089,-0.455928417377862,0.15641782735469606,-0.6178698140340504,-0.4609249173878838,0.22940341801196543,-0.4865378157214289,-0.45985751235751005,peace
0.0,0.0,0.0,0.1789470431024244,-0.1627498771524643,-0.03794596975724051,0.3045840439065304,-0.4111746209356992,-0.1317450329536528,0.3729386794592476,-0.6016073957968666,-0.2514152614345799,0.34944905594676434,-0.7607111330462847,-0.3671129447668986,0.15342441929396117,-1.0090098475202731,-0.06224616259294392,0.20404998397840457,-1.3728070470266172,-0.16606243390704642,0.23759688857388594,-1.5847074660029807,-0.2545562842207195,0.2643652294475085,-1.7835866931736768,-0.3292160514621309,0.023604631923036596,-0.9883342860595219,-0.15045976322921953,-0.01671141530348546,-1.4381113822314269,-0.2766774276332079,-0.003757770941419614,-1.697591242820444,-0.3803565320867139,0.011191722622645214,-1.8998537081334315,-0.46256976998932914,-0.0785793631932753,-0.8537628915440805,-0.2481544308142629,0.03186319568549434,-1.0733436326143855,-0.36327929404919634,0.19070065380197732,-0.9239041569800621,-0.40463192790035857,0.2930197438054926,-0.7669647820287862,-0.4285817628114856,-0.13355213914277822,-0.6474118505724556,-0.3586434729996164,0.028493289275492696,-0.7123363202852213,-0.4397091820453864,0.15342619685826642,-0.592244253575091,-0.45688867446956705,0.22834555514691415,-0.46515071657921625,-0.4682394446584298,peace
0.0,0.0,0.0,0.17740530922261794,-0.1653029059757111,-0.03122197362337531,0.29751560601968996,-0.3998426071537776,-0.12356208058936975,0.3616401126211637,-0.5967629359406709,-0.2436927650676793,0.35378900609595487,-0.7776484166074938,-0.36048240823295447,0.14054309511153798,-1.0049956654535197,-0.04368133932520818,0.19099097083812472,-1.378511677054548,-0.1413665334967707,0.22005610865077915,-1.592070375270207,-0.22695936032930342,0.24357046765471163,-1.7892832758973691,-0.3010117143539006,0.01070055777104493,-0.9906495375848513,-0.13601092509908264,-0.027496791025684683,-1.4506398244949386,-0.25427283451411586,-0.016602716830140214,-1.7065480209251151,-0.35651224327799735,-0.0024153716687535342,-1.9021573816073858,-0.4397272002892353,-0.08803766013642614,-0.8636875096817809,-0.2386290852932747,0.014774142828458866,-1.1066790820495278,-0.3493587974617214,0.16487728010758104,-0.9679132873571116,-0.396517720965083,0.2623485443298672,-0.8208294106080019,-0.42673770893116125,-0.14009780518127926,-0.6594769595810487,-0.35280547567860915,0.03524130730757945,-0.7327641840293393,-0.4335305397389144,0.1556721099397201,-0.5949902299285886,-0.45339436668562116,0.22558042367495418,-0.4441808403993698,-0.4677787200208573,peace
0.0,0.0,0.0,0.17171561284679232,-0.1692105691585288,-0.0273102064274173,0.2861756749444972,-0.4210266318812081,-0.11683398965135584,0.3459153301406298,-0.6199019362483692,-0.23624451136446195,0.3350394508602838,-0.8026639336254289,-0.353208214969099,0.12507924871561432,-1.0136679195533338,-0.02520425860065756,0.17539811493856983,-1.395714564767624,-0.12066705096361265,0.20586639352895875,-1.612972279434421,-0.20930694873670586,0.23040793206698246,-1.8137323959475056,-0.28626856896245056,-0.004581954676614856,-0.9928401050114046,-0.11936294053132297,-0.04389444527663103,-1.459192902787553,-0.23471192716903386,-0.030226542528822807,-1.7221431265918568,-0.34326920314545484,-0.0164060824521375,-1.919249252033573,-0.43162202766059377,-0.1043252823904821,-0.8672603710391679,-0.22457065068830795,-0.008192852041725844,-1.1481154221815686,-0.3350039751773301,0.14473521357935618,-1.0079832894775564,-0.38786735649303317,0.24318049529519262,-0.8506966834053596,-0.42252060885537507,-0.159562626809634,-0.670884688592455,-0.3410416745124021,0.00999587027663991,-0.7699648780152354,-0.42315135675770216,0.134882926671071,-0.6278446391405393,-0.44527156183295824,0.2084570637572048,-0.4664903985041548,-0.4618758192466272,peace
0.0,0.0,0.0,0.16370696477286326,-0.17004309062044765,-0.03136189956728078,0.27358615324805996,-0.4284910199281248,-0.11952731458585888,0.3269779523484085,-0.6314760682312656,-0.2359808399443801,0.3106843507917474,-0.8217955224316923,-0.3501868215329904,0.11718656195345553,-1.0085594418274644,-0.02468802127427048,0.1722039549143101,-1.3871247003956118,-0.11800555539052972,0.20483719052403326,-1.607854515193607,-0.20472981563671258,0.2307479697068732,-1.8144447449194216,-0.27967033934359337,-0.013529369169477175,-0.9934790438329736,-0.11320921179213395,-0.05921567076277686,-1.4624175058518092,-0.22491135607844417,-0.05099772885364484,-1.7315563873401416,-0.32984331137768286,-0.04063718347566893,-1.9316508992163863,-0.4156368283101428,-0.11469072565065891,-0.8772262567755189,-0.21329190752151947,-0.025216677615207482,-1.1709292767100368,-0.3194052763789575,0.11663341112893509,-1.0275881725814362,-0.36707118931154087,0.20471697342599446,-0.8659334582369603,-0.3983382156182156,-0.17605717921015268,-0.6914982587656954,-0.32534389640276556,-0.01299600090539352,-0.8048365420634176,-0.4036976726526983,0.1084044366380211,-0.6558582641865106,-0.4223832520698629,0.17920070415032618,-0.48698158376412315,-0.4363351405890534,peace
0.0,0.0,0.0,0.16330135156287445,-0.17374603249155393,-0.03787163955370614,0.26765990981049065,-0.44021265947401284,-0.123547990764578,0.3143204689070532,-0.655283472030262,-0.23559877045780925,0.2954699711865916,-0.8543626660236385,-0.34502579799093996,0.11249981130177567,-1.0006514519158927,-0.02988387300042439,0.17613297690744226,-1.3748341536129056,-0.12498351417305849,0.21104402747888998,-1.5946651249572825,-0.21142414057009296,0.23715194220234065,-1.8035716213649147,-0.2848872835812781,-0.015697700938827962,-0.9935478114017722,-0.11232234258589509,-0.04971412080409855,-1.4573030453058666,-0.22667024143531425,-0.04062596818793955,-1.7254903781723911,-0.33226017154584375,-0.030916649459108898,-1.9293203093032534,-0.41705206826176894,-0.11522896521937065,-0.8807404471222591,-0.20667839832779664,-0.021294256110069843,-1.1616623481282462,-0.3132805640701034,0.11952656357146167,-1.0213718868913908,-0.35945077122848473,0.2077745726712181,-0.8669647629143777,-0.3884914469478492,-0.17621251647065028,-0.6960067814931752,-0.31347084353708726,-0.013121565990452007,-0.8101189733691236,-0.39317651660071046,0.10831906035563532,-0.6775996221476418,-0.41316580307941086,0.1802404378274838,-0.5253232115650401,-0.4266428351654376,peace
0.0,0.0,0.0,0.16299370743796493,-0.16856800911673858,-0.035764392280354676,0.2693968003451335,-0.4341975823916025,-0.11779881974907265,0.3133881626274732,-0.6500139213500781,-0.225088772033888,0.28482213434380665,-0.8415538136462868,-0.3292428016543851,0.11936840910842512,-0.9992612325516149,-0.03276732634774521,0.19037234294133126,-1.3673419388219419,-0.12563886264112323,0.23084442647868436,-1.5813039569209066,-0.2054910743625629,0.2607420431007236,-1.7877906731855926,-0.27289536357752014,-0.009544876613376016,-0.9935822331806105,-0.1127085677234255,-0.039632990119474194,-1.460146048809352,-0.22478519124804444,-0.03150909175137543,-1.723638674151183,-0.3210388445139553,-0.022157546797118653,-1.9256533910193325,-0.3978914862514822,-0.11164421402384299,-0.8771381780244956,-0.20400402223525263,-0.011280703875361914,-1.1527104413462121,-0.3090131381295944,0.1254654433083368,-0.9892960532892833,-0.3440438709385066,0.21012222078714893,-0.8247103361773969,-0.3633115771696755,-0.1785785447800366,-0.68889588506355,-0.3079996824223752,-0.01942822536896405,-0.7964863707510188,-0.3860527332823545,0.09568272956874598,-0.6526842794569765,-0.39974292508968134,0.16284611014982003,-0.49915588594569227,-0.40665798087952293,peace
0.0,0.0,0.0,0.16219860743580794,-0.15985592199439166,-0.0431039934139692,0.2719864871618108,-0.4215872094739461,-0.12723279194017661,0.3172314997276641,-0.6384248967635,-0.23537701101946634,0.2882820411369478,-0.8306784395893608,-0.33883229824992783,0.13009370278901267,-0.992255288022844,-0.03329767261476243,0.20523400475262446,-1.3685139336750896,-0.12454086894106618,0.2532708146591748,-1.5802969611786772,-0.19854928559913115,0.2911197247508791,-1.786473164075046,-0.2616899447263623,0.0003175712493423662,-0.9939391230577378,-0.10993133676853163,-0.035095351312035776,-1.4753639447572662,-0.22213748284173385,-0.025721741654293497,-1.741030458148675,-0.3115738922224992,-0.014699285244998509,-1.9442545963354356,-0.38191116803081376,-0.10420504981582938,-0.8791098714457263,-0.19965665042741845,-0.002788355870204456,-1.151876234059715,-0.30746143058027753,0.12984782884159882,-0.9637216737833135,-0.33639045543994434,0.20512043622636952,-0.7996212715147488,-0.34808961488394186,-0.1744785389245279,-0.6901100477777877,-0.30274145379971407,-0.014257247479508116,-0.8028011902498859,-0.3837521396524342,0.09944358419654992,-0.6490791158300897,-0.3954624838755327,0.1602836202994964,-0.49801500378739044,-0.3984231522613722,peace
0.0,0.0,0.0,0.15583390184111423,-0.16875501266530993,-0.04306559621893352,0.2580132820318933,-0.4227600139631915,-0.13223330808344266,0.2955612285830918,-0.631017828287016,-0.24554939677630347,0.26524889096799553,-0.8187529940691378,-0.35509023933417877,0.1396407445290087,-0.995836073878581,-0.048483852830032995,0.21135441289886098,-1.3660576204311345,-0.14692747515404211,0.25663424621346453,-1.581482634228287,-0.22918157649995907,0.2925814684229186,-1.7891769030055023,-0.2977906540905006,0.0069912758340100415,-0.991902767632283,-0.1268069462830386,-0.02706369686827471,-1.456087708381897,-0.24229557061123283,-0.025466588047511365,-1.7222169787087942,-0.3358738880374823,-0.020848996882892754,-1.9283807403675302,-0.4110055319822125,-0.10067989043650574,-0.8701814965385736,-0.21724612329691786,-0.015724281328028108,-1.1288985682730277,-0.32267821169562183,0.10198908961282555,-0.9610659891843469,-0.35136073429686887,0.17375128208005594,-0.7966547395419806,-0.36687795568976167,-0.173105055277326,-0.6763709234741316,-0.32160040586209354,-0.02589930882177747,-0.7697752439531648,-0.39928230034623363,0.08675081042089045,-0.629668668089326,-0.4097377685792419,0.15452812789519751,-0.4875556683715459,-0.41453218726342395,peace
0.0,0.0,0.0,0.15963379211574372,-0.17130231253574613,-0.048993030961944496,0.25982573764294636,-0.4281036930399605,-0.1377283962557151,0.2935780530546499,-0.6477075277123673,-0.2485644183748533,0.25373570126149303,-0.8360064251042487,-0.35370545107891693,0.14066025067338173,-0.9921764301143007,-0.045720274890811846,0.21491186280925656,-1.3615949875950235,-0.13989814150071572,0.26035010749032844,-1.579383614935476,-0.2169877308687876,0.2941726322176064,-1.78746183479751,-0.28190260404298895,0.0055375445466339214,-0.9928674275198988,-0.11909486542421625,-0.029842593933794466,-1.4544740685523503,-0.2297348586385789,-0.030600165840264044,-1.7164301902231867,-0.31501567033209926,-0.031251371590168775,-1.91781877275734,-0.3832971471452028,-0.10203422266339016,-0.8707996366632001,-0.20567468097876218,-0.030447694928785175,-1.131416424769089,-0.30899603457225755,0.08100069781474914,-0.9452236155384003,-0.3289686000530215,0.14652951988815172,-0.7761695315493288,-0.3366719919841526,-0.17104328416166537,-0.6704939897779227,-0.3068781810897897,-0.02811261344131842,-0.7748495198941167,-0.3834356527159817,0.08501755067337112,-0.6314233665379726,-0.38885769624278443,0.1528671062814664,-0.4918751778575978,-0.38823487552611774,peace
0.0,0.0,0.0,0.1539220771400241,-0.17467523685606876,-0.030486891617428374,0.25380840382799685,-0.432732770605202,-0.10796909376066048,0.2799836021165803,-0.6534416690416874,-0.20808926596271368,0.22902155429989401,-0.8197368281297079,-0.30609647345287755,0.1279768495434153,-0.9842429818515159,-0.04700431679344431,0.20444452638881613,-1.3470634996497803,-0.1410425288646921,0.2466322332881968,-1.5682892024846165,-0.2198781458253576,0.27920631280217223,-1.7772269725872296,-0.2872089921454624,-0.00460638851928404,-0.9916376923580786,-0.12897072644423455,-0.04129766026169594,-1.4488978931514054,-0.23763979756995476,-0.04406738310286709,-1.7136514101108868,-0.3262366605294347,-0.04220494985775111,-1.9143563456854693,-0.40056388564363377,-0.11260078046348324,-0.8747577521021397,-0.220828542817339,-0.06714311118908245,-1.1518475401996133,-0.3255269626431334,0.0361354285113458,-1.008138428554197,-0.35831626430744346,0.1114011355395512,-0.855052538024588,-0.3790793048198578,-0.18569678085358876,-0.6736046933510303,-0.32431445815333804,-0.05280045716474686,-0.7688274778936594,-0.40660102800781833,0.062053338612109266,-0.6216010933523256,-0.41993690637853454,0.14279358805238612,-0.46535606035992,-0.4275256486020412,peace
0.0,0.0,0.0,0.1528444442072214,-0.1772570567662046,-0.03856257546931025,0.2457934212094522,-0.42776757271786714,-0.12625596943554585,0.27095346286782523,-0.6438242508275591,-0.23812066558704922,0.23853763105891762,-0.831338830686864,-0.34795053508302237,0.13409883427319388,-0.9932221200477998,-0.05415238095207829,0.20957455318181098,-1.3724078026840778,-0.1544693150421368,0.25350784282772587,-1.600948469400781,-0.2391517602519932,0.28667631090552603,-1.8194201726431072,-0.31090220000185476,-0.0014239605832426583,-0.9905228034878919,-0.13734091927296846,-0.048285682247185026,-1.463519950644225,-0.2535542653726618,-0.057841038560418966,-1.7337866679649423,-0.3480862970071244,-0.06461616691070281,-1.936621741879988,-0.425870118832289,-0.11226857723605757,-0.8674032861111746,-0.23174884252853808,-0.07198230899954486,-1.15770178423309,-0.3444458846974755,0.04045389903935011,-1.0024854743173814,-0.3804939675792151,0.11857265702209573,-0.8396887272602191,-0.40203995822354704,-0.18856182175660102,-0.6641394218151552,-0.3386816732303128,-0.0672459877853245,-0.7731499131485136,-0.4283194411871292,0.0508852614835409,-0.6289477681097998,-0.4447070545083641,0.13214975067317727,-0.47804299454234006,-0.45378495343334896,peace
0.0,0.0,0.0,0.15370408413349404,-0.1768119022511135,-0.03955001562582642,0.25198493051750487,-0.43174286914744503,-0.12203279672816351,0.2748488960441039,-0.6557154911528036,-0.22605755014841175,0.21791364844725222,-0.8328143637542637,-0.3275108011477104,0.13462457878428966,-0.9926778920142457,-0.05764782797690812,0.2050084411894709,-1.367855521705275,-0.15655872359322273,0.24676334923262386,-1.5976167544764108,-0.23718373722386,0.2757952173935211,-1.815191237390975,-0.3048951237711055,0.004452475989344134,-0.9906996327119649,-0.13599409252589487,-0.04524620871814472,-1.4596708703936112,-0.25092785825474706,-0.0579785323284851,-1.73135793495719,-0.34019629350749103,-0.07075067281705466,-1.9359369521464838,-0.41262928100599805,-0.10695514929606555,-0.8670368674397599,-0.2250887415465229,-0.07666915262348165,-1.160420004536903,-0.3362339209966095,0.027969809668026036,-0.9918984714652815,-0.36547769025103644,0.09960615014434568,-0.8210632270499246,-0.3806312875102247,-0.19006246419363962,-0.663738488963461,-0.32683424946354966,-0.08516850883740999,-0.7744378689485547,-0.4150530303156688,0.02757060936039092,-0.628504471526887,-0.42875720552765884,0.1051976364171283,-0.48017587225940866,-0.4340766527794312,peace
0.0,0.0,0.0,0.15433400070164932,-0.17047710726283563,-0.026904906884554186,0.2497676396613684,-0.423303758835642,-0.10033748133269418,0.26238859883162824,-0.6536437135933575,-0.19605825187319506,0.19527203157489442,-0.8102304814217769,-0.28901287178080093,0.1285606561272932,-0.9923588191431285,-0.03204066424000514,0.19249404646468318,-1.3455411140598776,-0.11895674856404082,0.23357900593061673,-1.5671774121759203,-0.19083290978788656,0.2626013348785067,-1.77267815710209,-0.2533840849101859,-0.004614385577137336,-0.9934872721233119,-0.11384958311177733,-0.052675349070575576,-1.439619078074946,-0.21616308875485926,-0.06140539077642883,-1.7023439571363188,-0.29838598475676614,-0.06872657352591152,-1.9023052871764536,-0.3666808262031054,-0.11684941258162286,-0.8655766198124052,-0.20588359708889206,-0.104642129829369,-1.1813936284875572,-0.31516647169186873,-0.0016828497404825498,-1.0259129639378983,-0.3471106878205906,0.07669237960810489,-0.8577794711992838,-0.36351231627532055,-0.19927407672137662,-0.6466788844165643,-0.3084728395865097,-0.10088013703150472,-0.7601907415856807,-0.39658868446675327,0.008413834819053218,-0.5948412352659928,-0.4084005792719571,0.08886282674134671,-0.4216645737896063,-0.41206750823564353,peace
0.0,0.0,0.0,0.15883674488230665,-0.16626887837664164,-0.039944391579083235,0.25590514122783076,-0.42607328184723736,-0.12046740255061135,0.25326109141607744,-0.6442800229427867,-0.2225345708689113,0.1726964539827648,-0.7811087386045703,-0.3225178096032471,0.16412462898170083,-0.9958261443192682,-0.053574368813472266,0.22617294334057905,-1.367765588265665,-0.149785767201411,0.2687046872190604,-1.5973092209631823,-0.22719575126002062,0.2970547289730569,-1.809842613084189,-0.2936842933839577,0.026662056905149778,-0.9907134813233102,-0.13332633890508283,-0.017023603071483394,-1.4487659076923312,-0.24713668871786612,-0.024390648283853025,-1.7159565380213062,-0.33550580449031575,-0.03346464446696669,-1.9258672172176936,-0.40700819180464426,-0.09442477758199565,-0.8640887547663082,-0.22415966308768837,-0.09439525077858757,-1.1960728300746621,-0.3456243921655319,0.01304459690710529,-1.0042613270330276,-0.3818081427164188,0.09174020923709837,-0.8086259951879918,-0.3982339088404312,-0.18885645193559022,-0.6496146757745863,-0.3269260050970906,-0.11217103300258308,-0.7618574783066212,-0.42353810995600627,-0.002504605710986643,-0.588484278610708,-0.44097460334594984,0.07649166275589869,-0.41556518821976396,-0.44721127846945447,peace
0.0,0.0,0.0,0.15275863664315115,-0.15818026090872003,-0.04000593692152017,0.2474812017694962,-0.4006030165087122,-0.11977229466717738,0.232288498477382,-0.6116526905157028,-0.22052130000136058,0.1538166178489469,-0.7407882331936558,-0.31878855746327667,0.16523121011371886,-0.9904027621583454,-0.0444038396934532,0.23209028582553565,-1.3321575858683807,-0.13316976786555465,0.2756055864693609,-1.5516102268963037,-0.20860311577677915,0.3027067195306337,-1.755961859160157,-0.2758312328461971,0.02867497539943807,-0.991916463050865,-0.12361009713815116,-0.004787597898444619,-1.4147388848893443,-0.22881324887835,-0.009889879558260905,-1.6701989929582737,-0.31627873740654333,-0.020840493275815435,-1.877624615450976,-0.38898640988316546,-0.09526637932500065,-0.8682715802415812,-0.21382435679255127,-0.11759240866139602,-1.19899171926955,-0.3308878410278162,-0.023678576566462807,-1.028609733161322,-0.37126649528000905,0.0495501982424574,-0.8484805975454142,-0.39289647738345823,-0.19452432945625503,-0.6455815717829936,-0.3148080249417212,-0.13627437462922995,-0.7738283340124428,-0.4089793640715318,-0.024704157627245128,-0.5937049160691847,-0.42595563711107676,0.06133898041728561,-0.40403234950444,-0.4335584211388644,peace
0.0,0.0,0.0,0.16538714632566348,-0.14417293431569586,-0.059285347473535296,0.2819232193780359,-0.38782417770859534,-0.14519586693131104,0.29556688017094734,-0.6132351427645933,-0.2489374642045104,0.22118779706972816,-0.7710576584149694,-0.3486230491719061,0.20255653526294484,-0.9725387044943086,-0.07677477729513826,0.29268312090328213,-1.342739934201966,-0.17773811053110727,0.3410689762214375,-1.5738052443602533,-0.2578265029949788,0.37200949979171666,-1.7885221169898962,-0.32584487481826885,0.06370844512879391,-0.9871273748387687,-0.14669955645192642,0.049893544050878876,-1.44085560781978,-0.2665472333071846,0.04895695988569353,-1.7118673825746042,-0.356628589424106,0.040658182031082624,-1.9420695460569537,-0.4284640313037881,-0.06537416678411381,-0.8855270069637624,-0.22791991095935138,-0.03833118140282367,-1.1641932452295576,-0.3497484075342563,0.06474727249606242,-0.9598787644875876,-0.3811081510043912,0.13741645759184118,-0.7656724702500125,-0.39364979403231,-0.1701745874851229,-0.6982092630741139,-0.32370491207444446,-0.09045790826624157,-0.7924228442400398,-0.41712539682064775,0.020070636596021433,-0.6287558430113397,-0.4324802649695829,0.09862529563621544,-0.46610239299081835,-0.43660526012623546,peace
0.0,0.0,0.0,0.16865583292919128,-0.133818343489446,-0.0709221062080535,0.27949641595641994,-0.38416145010308034,-0.15802506038829947,0.2932798212115526,-0.6286445892052033,-0.25588156872978457,0.2132974764539777,-0.7858085230969594,-0.3475972009229803,0.18897565052884646,-0.953727302850738,-0.12802403249394886,0.2793967953476448,-1.3208282012153805,-0.23847428966855572,0.3314626124928209,-1.5483098875183041,-0.3135379829757983,0.36788915513967024,-1.7556542778963908,-0.3751885392346488,0.03236648035355567,-0.9819354935974526,-0.18642713687403314,0.013741838614175212,-1.4334110999247518,-0.319491156132641,0.030432586577614846,-1.6982428513945673,-0.3963828237515409,0.04245300893806175,-1.9300545509411366,-0.4570254470211416,-0.10007157199705839,-0.8712783611085277,-0.2540579194387292,-0.07171476309273063,-1.092866873030348,-0.38018788570024786,0.04305468026052366,-0.8827001309528393,-0.393686245973396,0.12247320488265379,-0.6849378962868591,-0.39068804880545444,-0.19585272355652278,-0.6628286231831934,-0.3371531760046532,-0.10579406771277769,-0.7002307047052502,-0.4284995269085613,0.009572867077255676,-0.5607444362298333,-0.43747948881249543,0.08820603762274884,-0.42581633309158545,-0.43428489507142715,peace
0.0,0.0,0.0,0.170222721288088,-0.11252606019455365,-0.04277555513564034,0.30228072294724795,-0.3857203291880051,-0.11650923092856819,0.3295364794901316,-0.6307519931818758,-0.20893006318952628,0.2545542714397721,-0.8287784459534249,-0.29856897071563493,0.21241725747959572,-0.9552754218556595,-0.04853648229061839,0.30712726204132124,-1.30812831657659,-0.13966341367191312,0.3685973349334845,-1.5294071416088322,-0.21610385104113883,0.4171421391571477,-1.7372279769030585,-0.28168800066723226,0.07348616426868995,-0.9902191294135614,-0.11859949158627582,0.06876282056074737,-1.4518696190512546,-0.22644594651042504,0.09308214870340188,-1.7185929863452238,-0.316668445601622,0.11200346955849103,-1.929311824257616,-0.3904520894664531,-0.056259071077306634,-0.9032287480266153,-0.19872199219040698,-0.001265489089289003,-1.1947500191125748,-0.3082810580217264,0.1008693081012021,-1.0022293987018964,-0.34391235419503624,0.1654807468979329,-0.8054868328183215,-0.3626329585597257,-0.16573738454541112,-0.7347247071726373,-0.2916066556623558,-0.05351407293681167,-0.8042856195826658,-0.37675638386758126,0.0518687508139138,-0.623070562905632,-0.3927072462169622,0.11860059412996309,-0.44915128138304167,-0.39948401131958095,peace
0.0,0.0,0.0,0.1728385397910369,-0.10386193083130722,-0.034503813616363364,0.30804744170126974,-0.38582734862955,-0.10418550695872703,0.3219980434689809,-0.6290298538882363,-0.19331732538113158,0.2320224398188829,-0.7906143080477946,-0.2813487823158278,0.21286443635344104,-0.9484030810304757,-0.04245682566150784,0.3161866462887087,-1.2891138466237548,-0.1318871938822812,0.38231916280529216,-1.5022524361322567,-0.20843212090019914,0.43281880047063603,-1.705517567408865,-0.2746690981222367,0.07275604746131775,-0.9903217133405134,-0.11819239249679285,0.07083105840132418,-1.4477798400911641,-0.21890122123877073,0.09269973233432212,-1.714910474490415,-0.30954284708767044,0.10729284792883191,-1.9166520428248928,-0.3868086443382689,-0.05507055852995478,-0.9069633756032524,-0.203627145985148,0.0015189221777624378,-1.2047222426998803,-0.3119769860084273,0.10245183457798267,-1.0375354577948437,-0.3566373819072887,0.16454456571191334,-0.8545413012983175,-0.38396791644928974,-0.1613113451764807,-0.7434168062687536,-0.30043030018352385,-0.044159657423516,-0.7944686948939317,-0.3853632202661902,0.05798611874437363,-0.5936811516944784,-0.40379413197422015,0.12058492523267345,-0.4006784907229402,-0.4147794883439937,peace
0.0,0.0,0.0,0.1725461164374017,-0.12167927631889727,-0.039015686990726495,0.2965676008634041,-0.42094676919255525,-0.10402849822603065,0.2945276057323829,-0.6752593338218238,-0.18772000049413418,0.20165707482519862,-0.8443146947411088,-0.2692858413006486,0.19727280005867573,-0.9535910400400115,-0.023981245975987223,0.2844770102916547,-1.2902061183762261,-0.10634840143883742,0.34322256341194823,-1.508999106268039,-0.17914968472015347,0.38960201268374267,-1.718119322481684,-0.2432235397456575,0.05466855506593503,-0.9939918281893557,-0.09482391354391836,0.04686786963375164,-1.4366487904029819,-0.18819937230497033,0.06436860186799181,-1.6885538937806521,-0.27591162487721865,0.07766136941924301,-1.8851905044517454,-0.35001134647321647,-0.07418143188275302,-0.9137615333884891,-0.17767731714103216,-0.033822994980628567,-1.2408555219591324,-0.28545357378289493,0.069018492608925,-1.0587728943780956,-0.33089706624538046,0.13944355299915104,-0.8626610709008111,-0.35691802354612245,-0.18084926259067494,-0.7511921278790031,-0.271943209436316,-0.07257645771502073,-0.8308138536709088,-0.35936236951167144,0.03278838163143068,-0.6366105983563716,-0.3799036163212699,0.10489966613650077,-0.4484665636019306,-0.39111492940233983,peace
0.0,0.0,0.0,0.17062004471081718,-0.12602608724587433,-0.036606801003332676,0.29033232917029805,-0.4308073874860426,-0.10401658356920479,0.28269593195304343,-0.6939850248630597,-0.19144992437053557,0.1957852485485084,-0.8820732495102471,-0.2781525533179238,0.19034330411489853,-0.9533856198227483,-0.027396241407216634,0.2844011740321843,-1.2933778488606111,-0.11355703029605468,0.34402168832250557,-1.5172787221448512,-0.18944004777768378,0.3905151264351555,-1.7312810067677251,-0.25677048371341193,0.04715753348272954,-0.9935948689523754,-0.10269071733772539,0.03850727156424375,-1.446146832807224,-0.2013796716498179,0.056085279070595635,-1.7119653452242123,-0.2941479128957036,0.06927601326653668,-1.913663677495392,-0.37323894910090516,-0.08210928320604081,-0.9123663049221742,-0.1893490494566959,-0.04550289136682864,-1.2456503079578816,-0.30388913450549526,0.057295014597271696,-1.070057009717197,-0.3545801835087392,0.12629657552863152,-0.8773616234400818,-0.38486933316313476,-0.19066415918134158,-0.7483475733879569,-0.286601639576109,-0.07819559757000913,-0.8301548890714369,-0.3824307122389021,0.030852453162215205,-0.6262708482498917,-0.40668881846369576,0.1036319892291198,-0.4272964029399435,-0.4204857320579667,peace
0.0,0.0,0.0,0.16474022145331108,-0.11837498556935173,-0.03675183763376504,0.28060730319329596,-0.4258840407623297,-0.09927007417272955,0.26847457900493116,-0.7038043376719526,-0.1800879660738834,0.17464202856995156,-0.8913846993728362,-0.2597044645910345,0.17928038308776242,-0.9480207450709058,-0.026546515088692678,0.2712101753384618,-1.2915343230047693,-0.10652692916569619,0.3276248663649575,-1.5160769243712686,-0.17311451636114783,0.37086508131290397,-1.7302604557364771,-0.2334853499765804,0.03600851322807205,-0.9944447819572287,-0.09890875903145732,0.027055268389087124,-1.4442814873212384,-0.19074698280504734,0.04157031342771832,-1.7077564553507214,-0.27187627208037174,0.052548847881059034,-1.909022955744537,-0.34227222180068556,-0.09167299266352912,-0.9115708135396581,-0.1828823927515954,-0.06213282443003176,-1.2459144866537708,-0.29555335833165136,0.033471502315698495,-1.0646652676086128,-0.3386895271945764,0.0993046820402025,-0.8700271424822724,-0.3619305646952922,-0.1990647490887326,-0.742255263792627,-0.27731407375906486,-0.09167721788525586,-0.8196329229473158,-0.37268850736431536,0.017900386579920022,-0.6178835149203138,-0.39412079786417115,0.09321637226649497,-0.42464511185823023,-0.4041282648657978,peace
0.0,0.0,0.0,0.16889845420408695,-0.12286960352484551,-0.03042844875414191,0.2840118735985737,-0.434257355034168,-0.09200841277859127,0.27489137877971337,-0.7068604105594559,-0.17245049339186644,0.17847458443275288,-0.8881660222562425,-0.2515103157411046,0.17208058736651025,-0.9547843551852171,-0.023871577808602783,0.2624927157845556,-1.3033640843895071,-0.1041650415833771,0.3198522823513522,-1.5313430667665104,-0.17244210212606537,0.3631607701928672,-1.7495368598920165,-0.23374052001129123,0.02606843316412354,-0.9948992658884539,-0.09744674200291495,0.012772892803522173,-1.45044949476046,-0.18999198475285534,0.0267951846204682,-1.7192437119713597,-0.27320269641645045,0.03640647263062616,-1.921536572563182,-0.3445456511812432,-0.10109820632549216,-0.9081998227917898,-0.18145014808423926,-0.07653070368533238,-1.2542592817671132,-0.29144474786636354,0.025991982686248284,-1.0874800867205456,-0.33429588960065126,0.09564143548801612,-0.9023875808280205,-0.35763248645641044,-0.20510459826768826,-0.7380576325726403,-0.27521311982421665,-0.09957509572461404,-0.8298255771816455,-0.3657865847059879,0.012222874087697747,-0.6364190818201906,-0.38521178988641286,0.08799685961702453,-0.4486432585375513,-0.3946622133493751,peace
0.0,0.0,0.0,0.16768769158039512,-0.13123058266128934,-0.031139531601080447,0.2753918975627778,-0.4530986284096187,-0.08884817330527013,0.259509151938639,-0.7274275121523943,-0.16624011981757122,0.16852789434757517,-0.9037423731169606,-0.24188859460479573,0.16618301777598055,-0.9587958145723491,-0.006930415519901097,0.24929876552327365,-1.3042630701104714,-0.08246842250701708,0.30472977382549454,-1.53041757058779,-0.15004245838858374,0.34911835025358917,-1.748042672848991,-0.21023213452351425,0.024403403866950613,-0.9966433949780005,-0.07814343943307803,0.00507501116653146,-1.4457358526899606,-0.16342790230666573,0.015031122625171792,-1.7116348573793325,-0.24451049919695625,0.023470673915701026,-1.9062513389802929,-0.314490707996239,-0.09970188642312384,-0.9055500326626607,-0.16134407417110871,-0.06814219241296546,-1.2348074345090334,-0.25947849008161217,0.03767254787357014,-1.0760881208706876,-0.29758893975107276,0.11200264138740405,-0.8858000236499451,-0.31942520952524917,-0.20261682009960275,-0.7280320852392362,-0.25585859707084835,-0.09249641936344592,-0.8237930594320556,-0.3365280262897047,0.017365045096889253,-0.6384394346070793,-0.35219492370642225,0.09257356419449628,-0.4449965566216906,-0.35970576543342275,peace
0.0,0.0,0.0,0.17357499762540185,-0.15299748460323856,-0.0466177387797924,0.29154548505098726,-0.4635676844039821,-0.11218205593769962,0.287296200690781,-0.735509900139757,-0.19467892045549232,0.19043480624849443,-0.911884919715542,-0.27195118589713213,0.18816660392559584,-0.9583420843893574,-0.02995492091607998,0.2804566024351933,-1.305741811975375,-0.11237247085164144,0.3337119030862934,-1.522911998573103,-0.17748627519081805,0.37559551483028286,-1.7317716347008745,-0.2326682835763935,0.04955557122817238,-0.9943876635484479,-0.09347406026758333,0.03573904589926477,-1.451307003443004,-0.18894195217395698,0.04963921478382449,-1.6994058926577802,-0.26204934074752895,0.06457018863359856,-1.8838618623415884,-0.32152536122561287,-0.07447248315760553,-0.9059941605339564,-0.17007856283508427,-0.018203617839543672,-1.1854475196340217,-0.26918615523364064,0.08430743143766342,-0.9804407597259163,-0.28593796420840756,0.15290137839746068,-0.7833722286152586,-0.2892366119969976,-0.1744845314182379,-0.7348479416849973,-0.2610542760265455,-0.05532002624405976,-0.8276891727963137,-0.3387758559551734,0.05176241896583629,-0.6498545851577169,-0.3433647475313082,0.12386699859953663,-0.4807182083078943,-0.33952703020818964,peace
0.0,0.0,0.0,0.16715744891462925,-0.14917865683783393,-0.030162361438484744,0.2787486763505316,-0.46414835501079305,-0.09049154808332437,0.2854952818965907,-0.7202018634399323,-0.17204398770988347,0.21388613992300523,-0.9059802496880182,-0.25176614280903226,0.17571216004834883,-0.9534949183298456,-0.014040693952596007,0.27390682970916036,-1.2781245927446938,-0.09698882983129622,0.335570625884779,-1.481879730894017,-0.16943281801847887,0.38620140766844324,-1.6836831861008354,-0.23125080683738974,0.03983417273441239,-0.995467450070257,-0.08635840742617126,0.042138806048331735,-1.437756216561346,-0.17865280171146658,0.0647312001260249,-1.6881970745213697,-0.2652891277131896,0.08618084086968322,-1.887187000123694,-0.33936759936033206,-0.08197858926552677,-0.9194252616325949,-0.1707435351808177,-0.012485364366810024,-1.2147513844739988,-0.2675552686523363,0.0892217225378446,-1.0332471660184646,-0.3046567856164559,0.1584586503821751,-0.84612455910006,-0.32809378049712956,-0.18357729184369967,-0.7653476332377852,-0.2671690538560159,-0.05239145328961743,-0.8268777979144004,-0.3443575181183234,0.054112596394147804,-0.641868557851418,-0.3598435981970103,0.1268091519397762,-0.4681708161439621,-0.36912518562850544,peace
0.0,0.0,0.0,0.16803978765337843,-0.13803353412857014,-0.01735376798470615,0.2892294586086387,-0.4500158555066451,-0.06860859722458207,0.2950058673253415,-0.7051432077879203,-0.14254798484146405,0.21105414396090136,-0.8716494948661481,-0.21479806085860007,0.1968050441188551,-0.9408946128894402,0.002364331570748387,0.2972690195278653,-1.2572307365991306,-0.07374692907533187,0.3576126019854969,-1.4590033850702058,-0.13933728497733286,0.4046333457345095,-1.653632063743978,-0.19698139581388352,0.06093796460195632,-0.9952916953001995,-0.07537231412544702,0.06864055718519353,-1.4325440045350666,-0.16095262012307876,0.09187905079179101,-1.6842720748863946,-0.23984600143751236,0.11277028404204877,-1.8789986565226502,-0.3088415740506168,-0.06266486035881161,-0.929767961292727,-0.1649230975347245,-0.0010465304361769606,-1.2188214356432217,-0.26116000204611367,0.09214691115426271,-1.0362470090014022,-0.29675122783482094,0.1574957323450412,-0.8510328184874238,-0.3181461055316158,-0.16658182370044478,-0.7822998494771776,-0.2654166045486972,-0.03676704907359478,-0.8189956476943548,-0.343607003083096,0.06691794719413778,-0.6211668412701328,-0.35872939467189097,0.13965837508732357,-0.44242013920803425,-0.36678455845723124,peace
0.0,0.0,0.0,0.18275538700833768,-0.12476621065716033,-0.01612513204246371,0.3114916826945409,-0.4510059817871264,-0.06950128143682449,0.31967349183083466,-0.7407540496889277,-0.1429153044895914,0.21883915544484467,-0.910417401422677,-0.21256254390081578,0.21680578511468165,-0.9327355468932931,-0.012293964859843182,0.3255133530315022,-1.288083671677905,-0.08693811115886026,0.3971690953351438,-1.5071254437411228,-0.14572355205944615,0.4512863431524014,-1.7160048667450447,-0.20000832442242272,0.07548894855049453,-0.9929715164126532,-0.09115353114331666,0.08144797834004233,-1.4632804082162343,-0.17694835823818675,0.10843260966136889,-1.7442199062422405,-0.2480849329788434,0.12488267769112892,-1.961582061582337,-0.3116758584825035,-0.054046707216786824,-0.9250550262794928,-0.17983842164810862,-0.006070393886460929,-1.2783121475624932,-0.28267511676517165,0.08033763927135715,-1.1097648381800203,-0.3135500809632538,0.13131598045405396,-0.9309891417292999,-0.32886911676413716,-0.16064285988377472,-0.7678704568553888,-0.2774448501738375,-0.035763484093093295,-0.8602303156563237,-0.360662928565744,0.06846580629852757,-0.6585505364919292,-0.3712334375462733,0.1318706997292446,-0.45820682631772597,-0.37461623455480203,peace
0.0,0.0,0.0,0.17588532080626773,-0.12278213131512108,-0.024988363348427856,0.2982879454890307,-0.445305156969319,-0.08309646325475294,0.2992642986966155,-0.7343343599272287,-0.16020735280779452,0.20936481674615387,-0.9215183095166181,-0.23362590192890462,0.20629950052527565,-0.939517592751544,-0.009582308754233831,0.3128338707817999,-1.278573390469363,-0.08346390073793442,0.3824039902220378,-1.4986847986402445,-0.1447630713030664,0.43571811833936275,-1.708986493807726,-0.2015970853324372,0.06432012528031492,-0.9943918131936955,-0.08395131528021638,0.06968900103591637,-1.4516921231669704,-0.16965691554120974,0.09400912726568433,-1.7352748725074834,-0.24404324467790833,0.10852396044881454,-1.9542681840297786,-0.3100131569228663,-0.06607195228124838,-0.9207446646708953,-0.16909794342306772,-0.031837710621106304,-1.280046607781963,-0.27349375951348576,0.05577040477880418,-1.1305840933259503,-0.30736428826608003,0.11095798491417974,-0.9632366048616252,-0.32517025554726436,-0.175818259393321,-0.7594954972402705,-0.2635254424581589,-0.05852540955250126,-0.8627868385316075,-0.34884925942803047,0.04702955925039506,-0.6589716585314072,-0.3596715997669277,0.11510177058508454,-0.45568656851809086,-0.3632870862954985,peace
0.0,0.0,0.0,0.16690921214312898,-0.10694327727850841,-0.037448398850926615,0.29126410203615655,-0.4071868754338575,-0.09886791309121601,0.29673247569186095,-0.6827565161246398,-0.1783848954871361,0.21950615802624954,-0.8782797947585012,-0.2554323997141172,0.20331101152134573,-0.9320067466785623,-0.020929963787042604,0.3126805934176949,-1.2409560005138667,-0.10105282803969153,0.381701639308272,-1.4519920839641032,-0.16962829012149763,0.43732197644352183,-1.6525035364075262,-0.23122504798147975,0.06424555783470294,-0.993775690375785,-0.09100750252940158,0.07427131120963928,-1.429483243371702,-0.18436764255864901,0.10302666611181534,-1.6934163222952467,-0.268164831605456,0.1253330636072228,-1.9012389228353141,-0.34043560510130244,-0.06351953422792418,-0.9294792205122249,-0.17323031616313705,-0.012239974748307101,-1.2393879702759898,-0.2820913614517194,0.08174483554033089,-1.0609572756261167,-0.32399090680998166,0.14325620654718177,-0.8770045840002048,-0.3475675820194691,-0.1731084294793501,-0.7798186422403504,-0.2663843415548483,-0.05388993066332571,-0.8284456548910518,-0.35645594861955343,0.0540504993697211,-0.6270048319800308,-0.3772685374812829,0.12795247242919003,-0.4440501968724829,-0.38807442732207187,peace
0.0,0.0,0.0,0.17081112808688473,-0.10567837225694618,-0.030066448726870927,0.2954887630522801,-0.4140441623530028,-0.08953087232914043,0.2960101696911755,-0.6951133660693152,-0.16724194206235302,0.2132191692673817,-0.891419501617843,-0.2434090863747179,0.20641166491207535,-0.9331248035213076,-0.024343975095474233,0.3093537818785966,-1.249692130280474,-0.10267279149136657,0.37853127967681194,-1.4635658441037882,-0.16852700911792046,0.4356384095756539,-1.6653788289719496,-0.22846828983442066,0.06761629005159785,-0.9929639716724783,-0.09721403334948661,0.07246257047516093,-1.436105094455299,-0.18736553490107757,0.10055196001699222,-1.7068640918518947,-0.2675132054810667,0.12334294240794562,-1.9155857899896709,-0.33865561711935965,-0.05984639735933553,-0.9247208490295798,-0.18042007315662412,-0.013545126365018482,-1.2535121643616245,-0.28709185910223395,0.08245695076317269,-1.095778673845093,-0.3271124919383894,0.14783308993466385,-0.9157247019023417,-0.35098529520952354,-0.17117319092914482,-0.7719715963257586,-0.27348684703103654,-0.06021749671180185,-0.8299570750166392,-0.36114730276185986,0.04614072232965428,-0.6246276828102549,-0.37894903960736365,0.12063198934609799,-0.42782122581331267,-0.3889009106452804,peace
0.0,0.0,0.0,0.1716054659463129,-0.10893221130037847,-0.014638747775576878,0.3005869053783726,-0.39133771233103903,-0.07131229227435992,0.3159999018287005,-0.6698075991223444,-0.1490224359025287,0.23393487188119136,-0.8614567141008423,-0.22398733682521801,0.21214731380121632,-0.9410804475635348,0.0021078084452625617,0.3162685795149655,-1.2720675724599577,-0.06686410285686575,0.38215833183887465,-1.4869835877953734,-0.1281104936304934,0.4317400826985371,-1.6882836639918741,-0.18579902475187166,0.07117257227319183,-0.9944204560259358,-0.07786142557895052,0.07327325005192392,-1.4289982449103364,-0.1590987759286658,0.0939446945958406,-1.7061555751359538,-0.23376144198275847,0.1055233815081922,-1.9143338001008383,-0.3006337214439333,-0.05922830752543056,-0.9156512056966107,-0.16766089512985746,-0.021596400513025717,-1.2636798368226245,-0.26876001403295063,0.06456310119107274,-1.1478139793957154,-0.3070569166711625,0.11947318570643434,-0.9890178322558922,-0.3296350918771137,-0.17078210831539814,-0.7467410320805999,-0.2652762885004877,-0.055172302191683543,-0.8457568344816828,-0.34736051495481646,0.045451161774755396,-0.6529184904000447,-0.3596042525498775,0.11084613606439517,-0.4398890916047954,-0.3657585865678317,peace
0.0,0.0,0.0,0.1739655448019857,-0.1442685917218027,-0.0382909452792713,0.27729278522900563,-0.4291571215122105,-0.1061802948005036,0.2303870376465464,-0.6681882393235846,-0.1935024954114402,0.12453775779401834,-0.8022931127268775,-0.27495311970062447,0.19947404788248335,-0.978017208567018,-0.005892153373308607,0.2655754536594771,-1.2747035229574484,-0.07658317754384501,0.31400899341897937,-1.476920856099297,-0.1376049495304592,0.3530007177281849,-1.6582411940723722,-0.1926557170729652,0.06263540224707892,-0.9952792760219186,-0.07413466872274793,0.0396326305453677,-1.388660620038439,-0.15177817101098143,0.04924404968156971,-1.6518862200657114,-0.21961854118251514,0.05671204787698534,-1.865261382874146,-0.2789058504749868,-0.06488944610479404,-0.8829902203197768,-0.1562475101278988,-0.06711685348619718,-1.2110477805871491,-0.2483121756632439,0.01167982306206863,-1.091687827627265,-0.27178186712765523,0.06831141790856039,-0.9340259807345019,-0.28305319060689454,-0.17571186480509915,-0.6755703484729326,-0.25030787288080975,-0.10399179333092844,-0.8150791649582337,-0.3238708215847253,-0.009673389713744296,-0.6595898216895777,-0.32770851267950496,0.05930557090729012,-0.4766977957137005,-0.32665942962393824,peace
0.0,0.0,0.0,0.15903081906957353,-0.16724631831769413,-0.06731430358346058,0.24681263167102765,-0.4282780833027767,-0.14955265106753754,0.19904448834677035,-0.6471677709532047,-0.24573298099805405,0.10178752694293537,-0.7917753386807729,-0.33761465627390463,0.17701205879533435,-0.9937873311161568,-0.05562263912658168,0.23466584936980867,-1.2979113780487666,-0.1409646269917746,0.2773458732313277,-1.4966444104390955,-0.21150544193988977,0.3157703378623396,-1.6713451844955263,-0.27008445654961627,0.037942072395006,-0.9933826143365999,-0.10840369309278018,-0.01026673460289274,-1.3669852203594295,-0.2086121568756021,0.003692475015471643,-1.5665181339873668,-0.28298112751109344,0.02018229570203361,-1.7189759503539277,-0.34019428583403616,-0.08565390729775964,-0.8620650909682781,-0.1752417972730218,-0.1179834880547757,-1.1427266252693908,-0.27919718273278854,-0.024118103539002657,-0.9793753917338285,-0.3031704931879253,0.04562792055335889,-0.8004103859444712,-0.3106957743630845,-0.19006907678523347,-0.6299479518021502,-0.25603424850007195,-0.1493759357967683,-0.7740112885808114,-0.33647544766809506,-0.05375945992298758,-0.6332329448923663,-0.3463539935214037,0.017567222001580722,-0.4751236734711499,-0.3468199205716575,peace
0.0,0.0,0.0,0.14746745459204635,-0.14517094839504818,-0.0578179074005098,0.2425966031848183,-0.41857458521570784,-0.14013926825220746,0.21399933047770686,-0.6446519479597069,-0.23856659097001406,0.12740711276898944,-0.8095310224764816,-0.33350821212130866,0.15156392510561068,-0.9997514309241612,-0.05325458516366203,0.19754639532815024,-1.3513260149271746,-0.14226401320950424,0.2327093874783239,-1.570358565108538,-0.2151473315231836,0.26384769830246546,-1.7622890767543624,-0.2772276701910589,0.011324495065214855,-0.9931834680689884,-0.11601006234794464,-0.044194470770561996,-1.4207421709827543,-0.21829432459877945,-0.050000421312240285,-1.6831967103646706,-0.29938909208949827,-0.04513670385692397,-1.8937443020425369,-0.36551422489614516,-0.10684349882916937,-0.8628978082943618,-0.19198528550650923,-0.1323974583745364,-1.1740328948635745,-0.30070080268704014,-0.052383672777506704,-1.0420654238101954,-0.32927408334797126,0.017623248467141146,-0.8774859694441635,-0.3420761145558874,-0.20245311151558218,-0.6475825919799076,-0.28147999552929204,-0.15339105963551375,-0.7819422881469947,-0.3675196172133192,-0.05674686006419473,-0.6350840445769242,-0.3781938343515377,0.026139240838165396,-0.4655705791761171,-0.38046102039859286,peace
0.0,0.0,0.0,0.1340804577955133,-0.16541132999984584,-0.057924236432519,0.20921152887714636,-0.44870678808658504,-0.13759637447935738,0.15886887828996585,-0.6648635155474736,-0.23290795757735616,0.05408170059677349,-0.8072632356013643,-0.3231348466294035,0.10288895254459864,-1.0072774904135975,-0.04237471923676168,0.14888736984310488,-1.3446541766667595,-0.12483756610907788,0.17550031635146215,-1.5492739187515325,-0.1886834424280012,0.19335062471743117,-1.7258536203464612,-0.24412587530545485,-0.03514173162721278,-0.9939679463621399,-0.10388821060577898,-0.09282618607743955,-1.422247790950743,-0.1978431582800445,-0.10953746486818224,-1.6777643444239163,-0.2690848874468092,-0.11717796282037701,-1.8810449826799964,-0.3278026947082189,-0.148770325223751,-0.8520557744300384,-0.1797860287646645,-0.19471193277260126,-1.1621746467463143,-0.2827711947028467,-0.11811349302209498,-1.0097891663724075,-0.30260712783226484,-0.0480019944152772,-0.849310245447696,-0.30810583326325,-0.23589687533672857,-0.6233999571840969,-0.2692972448893905,-0.19267150608848554,-0.7611367896778534,-0.35238114943873977,-0.09686381206859333,-0.6032078115703481,-0.3569077703696312,-0.01352237392438939,-0.44319636047752664,-0.3528271532165754,peace
0.0,0.0,0.0,0.12932178795360513,-0.1867521717689032,-0.054623604218262733,0.19666165437193275,-0.4793992136574457,-0.1320064157076591,0.14471189664748202,-0.6981696660786836,-0.22616997647002784,0.04464903583114722,-0.8227049396074274,-0.3153878969508169,0.08454531079725044,-1.0180988881654525,-0.04388092526866948,0.12522397597040097,-1.3763169801165125,-0.12980482083629055,0.15120772596052698,-1.6007788020084828,-0.1964277621850213,0.16872603987467935,-1.8015949570345946,-0.25277328549181644,-0.04664406594842538,-0.9932093160727371,-0.10658126279099996,-0.10859472216707694,-1.4206700231923384,-0.20509670680333894,-0.1302548791504773,-1.6694849303080046,-0.2760793071620132,-0.14417876349754705,-1.8665953339303292,-0.33200871236418616,-0.15219956133361975,-0.8416843931975172,-0.18276203306908642,-0.21190149481393025,-1.13030177932941,-0.2875016686716935,-0.13741463665774925,-0.9598566879627534,-0.30095043379976444,-0.06618185967382631,-0.7962650838218214,-0.2992786589284286,-0.2313047070380083,-0.6057597758440021,-0.2731117796486207,-0.20490325674514337,-0.7491208809918724,-0.3548337187608648,-0.10646002587760585,-0.6012898092269148,-0.35594463820757577,-0.01816525714398388,-0.45831427358926524,-0.3476186248887,peace
0.0,0.0,0.0,0.12864984945936936,-0.19624184356018068,-0.06540377956662112,0.18456886410582346,-0.48898145467312665,-0.14526946433038215,0.118725720276155,-0.6973748065347759,-0.2415077204271865,0.025216805258363315,-0.823407547196285,-0.33329931196160384,0.08196656489433608,-1.0239649891864901,-0.03661618981571934,0.1155980162651403,-1.3841488013413676,-0.11831966212447269,0.13598133072651322,-1.6104229550144096,-0.182553128336584,0.14870612809782394,-1.8124850495651186,-0.23813797701863154,-0.04980708305710667,-0.9942187069476648,-0.09512306362105541,-0.10814083895417803,-1.413949349738113,-0.18645848026545936,-0.13250469943114632,-1.660358611866133,-0.25714151274880487,-0.14871835853871848,-1.859896199528614,-0.31360968960795793,-0.15469534417096614,-0.8477903186070738,-0.17017025657915472,-0.2190315743502171,-1.1571879957723745,-0.27714110997420494,-0.14270570935192872,-0.9818947391518981,-0.3022278511741445,-0.06800155970556611,-0.8175663297356511,-0.30728395655078333,-0.23103323405652068,-0.6125481684537116,-0.2593485677520424,-0.2176731731963797,-0.7691272060761064,-0.3451747360458144,-0.11572576784524284,-0.6181640991375268,-0.35456483690222695,-0.02015905545269637,-0.4717560606061557,-0.3520926948008554,peace
0.0,0.0,0.0,0.13008710052663983,-0.1936293085065972,-0.07354067626809668,0.198294964896369,-0.4887440918566109,-0.16060839271855046,0.1335133488333048,-0.7036916166388226,-0.26284368214157167,0.018452978887336755,-0.8200738232503477,-0.36031900644878584,0.08747033166134476,-1.0198151614898547,-0.05480743399345793,0.13139841016841405,-1.381973381343057,-0.14729252695355968,0.15410520046790657,-1.6118381953832173,-0.21936402008860859,0.1667818226448413,-1.8182154317561456,-0.2806283936417906,-0.05055970624405048,-0.9921350476338066,-0.11450652104216295,-0.10450404925736068,-1.4119952614330518,-0.2188218535359084,-0.1281952155920898,-1.6584154093563817,-0.2972603463820211,-0.14816458246187472,-1.8707472666632041,-0.3590684754726255,-0.16477523287567694,-0.8467256653682159,-0.1907881657513439,-0.21674655342207352,-1.1681951506930965,-0.3112449760918546,-0.13584200594329554,-0.9836321917636605,-0.34021258964673434,-0.06570263133251333,-0.8012757367437165,-0.3466583558270222,-0.2502789973205407,-0.6114931616258256,-0.2817772792515199,-0.22436841657545384,-0.7628157519109945,-0.37780138877777114,-0.1155700367955277,-0.616249986014018,-0.38995337288971954,-0.02300412906558396,-0.46789959165122214,-0.38860007929224577,peace
0.0,0.0,0.0,0.14045730099866055,-0.19108402722416284,-0.0796012682973885,0.20957381032938524,-0.49119710805569566,-0.17276284200694011,0.14241117807228637,-0.7075604397143714,-0.2803509260165276,0.025605343787225343,-0.8284867351588244,-0.3836378486571836,0.09627243219212517,-1.0213935160027332,-0.06709882758417973,0.1371560173989622,-1.4036117001073392,-0.1657653317508061,0.16014321702011985,-1.6446428526873462,-0.24171024975448036,0.17373661052147918,-1.863437374382196,-0.30575476824419334,-0.0467693966148622,-0.9909233348070678,-0.12602994911972734,-0.102769333939557,-1.4270546864268772,-0.23659852378885776,-0.12483994719832614,-1.6812715113038266,-0.31935693443540153,-0.14255242575086588,-1.9004089788237029,-0.3839133406064798,-0.1615842971980267,-0.8456814038500168,-0.20148314188467306,-0.21569926115312096,-1.1875235900909893,-0.33007040375679136,-0.13403126882412772,-0.9995287292150465,-0.36262194862254576,-0.061964088607339166,-0.8198909735083272,-0.37051274969491416,-0.24476296146305768,-0.6100256248249639,-0.29170789794038043,-0.2191719685186108,-0.7850632473670948,-0.3935220161941796,-0.11358289055998205,-0.627535225709732,-0.40650579375778734,-0.022749329487433075,-0.4664576312139158,-0.4055659855693272,peace
0.0,0.0,0.0,0.14355452988810627,-0.19366724347494968,-0.07449822151994387,0.21055732803729701,-0.5072605530936867,-0.1649375522574825,0.13565450567072282,-0.7315586973425525,-0.2707262273921274,0.0147685754432439,-0.8531111998503731,-0.3722443762789242,0.08614675404059555,-1.0194659298121684,-0.05889123503340961,0.12594483293682432,-1.3944392147215818,-0.15497015411262052,0.14812007388538742,-1.6350922812162931,-0.23029423825729378,0.1628462743765239,-1.8600689008219353,-0.2947983902136247,-0.060675503614967215,-0.9908835008803522,-0.12028445844815795,-0.1172412082231838,-1.420228039226487,-0.2281312350137389,-0.13447848171897803,-1.685847570481385,-0.31139304041886395,-0.14636194188368126,-1.9154891485786907,-0.3777991611525377,-0.17767598402033655,-0.846538797166207,-0.19781656327146208,-0.22570889686790283,-1.1906458812867433,-0.32621168020159214,-0.1396508921652041,-1.0168057350659372,-0.3614746393639069,-0.06599808327349319,-0.8377748952735014,-0.37180386722623,-0.2621311680626484,-0.6121011362872335,-0.28933485432395933,-0.22406151108934488,-0.7845481464421262,-0.3919190427362453,-0.11599176609598975,-0.6269843621626963,-0.4057745569923386,-0.02579558545232007,-0.459789370229225,-0.40601695124085424,peace
0.0,0.0,0.0,0.13781794867445624,-0.18001449579577794,-0.07839525858932035,0.2022811046526506,-0.4938172540802112,-0.16860990345749569,0.1291406153708808,-0.7216443125414752,-0.2714897858640415,0.007557686402576542,-0.8464595737663342,-0.3703441713348519,0.08672259656273142,-1.0167658083644937,-0.07839207010454782,0.13231457740984773,-1.3908059795382262,-0.17772267439502462,0.15183601724562992,-1.634938250917861,-0.2534503863335871,0.16030835657930434,-1.858637315458439,-0.31705116191206417,-0.06146579410312493,-0.9888277927681393,-0.13579960384537854,-0.11964535426551177,-1.4130853423341891,-0.24787689167759439,-0.14910890854704698,-1.6751304746186704,-0.3288041727933333,-0.17404825894608902,-1.8964462282494225,-0.39287821726122174,-0.17747422765014328,-0.8419945779514422,-0.20793155444734723,-0.22946682403158017,-1.1577342592775468,-0.3356052108131384,-0.14356178289285892,-0.96741830447479,-0.3627185725339816,-0.06997555740405642,-0.7764940705624362,-0.3673310066775889,-0.2585760608519694,-0.6108371587820771,-0.29486808204678727,-0.21954286300278023,-0.7560522059399097,-0.39578332254039106,-0.11342617980627613,-0.5988758258044653,-0.40622181657175355,-0.027022059343013997,-0.4422388348886423,-0.40316506044019157,peace
0.0,0.0,0.0,0.13678994903894515,-0.18079586818124174,-0.07800779551843033,0.19459167236806266,-0.5033406404301898,-0.16673608198127132,0.11412052914412796,-0.7338745460282567,-0.26793091531737534,-0.010762919049421673,-0.8555986463619204,-0.36336082689010396,0.07642309279106532,-1.0121454651224477,-0.06757728515599525,0.11763351082490146,-1.3807123666180634,-0.16406330255443732,0.14463507823772573,-1.615256668018147,-0.2331238715186852,0.16058465626285884,-1.8305951539052385,-0.2907316601776967,-0.06712701699116536,-0.9900944159696794,-0.1233166292741037,-0.129582106705731,-1.419638018878427,-0.2307697244236233,-0.15930244503584426,-1.6787009022573343,-0.3023732908897929,-0.18569239112158403,-1.9052451931468273,-0.35902077545194117,-0.17829636444219754,-0.8433948160257339,-0.19542676819596647,-0.23156567800667283,-1.1652971505398,-0.3205930035553021,-0.1512976388883053,-0.9610459996608703,-0.3366231971256164,-0.08242056964339668,-0.7702427028657387,-0.331841458643711,-0.2561688940968244,-0.6106717909688841,-0.28285176261104117,-0.22281976833444675,-0.7657200619911761,-0.380355076699153,-0.12152268358183718,-0.6004109040614702,-0.38322748561496905,-0.036974005638610086,-0.4439171925397402,-0.37364136258779185,peace
0.0,0.0,0.0,0.1351200358648705,-0.17643256066306323,-0.08065692395592924,0.19427321143875753,-0.484367266288164,-0.17467672715946686,0.12108439930577881,-0.7132488348440532,-0.2807162320285597,0.008974805425420666,-0.8481601462337603,-0.3811624783426365,0.08827544495832375,-1.0151612407742874,-0.07593082407222469,0.12545121722194844,-1.378755459436374,-0.1746534777166806,0.14952592847549917,-1.6091922248610313,-0.24483197498687861,0.16235988114848776,-1.8184721708534697,-0.3032735050699571,-0.054557073040985386,-0.989711776088519,-0.13226528665114357,-0.12279531539022395,-1.4200760521382205,-0.24169002533585923,-0.15755436012720517,-1.6783273057905856,-0.3132738017758882,-0.18671419297703917,-1.8998280437783497,-0.3699672643794727,-0.16571821110797616,-0.8393864311381105,-0.20499995388492012,-0.2285415020793136,-1.154031030053317,-0.3290668749929103,-0.15029116479944657,-0.9685540891397779,-0.3457570904210309,-0.07998623784014179,-0.7934646175558836,-0.3430662927372138,-0.24268852775981423,-0.6046066177499831,-0.2932286180148017,-0.2231435540252417,-0.732731520892355,-0.38899233546248474,-0.12289325800554383,-0.5626887399228249,-0.3924664355018176,-0.035327615065419225,-0.41281502407370524,-0.38446316182924595,peace
0.0,0.0,0.0,0.13722390451698568,-0.19745446245356957,-0.0789215454162424,0.18712974116054232,-0.507682400419094,-0.16998928843169453,0.09492386515438456,-0.7315353781556618,-0.27354599441196437,-0.018039557693371934,-0.8500978705470322,-0.3709359666490349,0.08359611994317521,-1.0240080420243503,-0.07044244719906688,0.12179057724853842,-1.4102851990743364,-0.16571689691882086,0.14493219687041442,-1.6487321663216863,-0.233486037550588,0.15779949285927658,-1.8615527308344781,-0.29062595686214093,-0.060195203085714494,-0.9901654609056008,-0.12628886552292842,-0.12912475408867838,-1.4291913755521264,-0.23144030049461825,-0.16517820321349289,-1.6964737081761894,-0.30291614440189185,-0.19542087862758697,-1.924968029940866,-0.35951031569695585,-0.17211854741197394,-0.8323339277127235,-0.19853222202358503,-0.2423880132678487,-1.143716507514582,-0.31852858308430004,-0.1667609277032655,-0.9752686604966251,-0.33797105270559996,-0.09851042780234165,-0.8101757848559041,-0.33655150445061005,-0.25142755173671527,-0.5891083614272777,-0.2859822969213247,-0.24830298180348764,-0.7329308749135456,-0.3791778112951551,-0.14665098654346212,-0.5765116660277639,-0.38449884383247074,-0.05631611304186034,-0.4270690910551783,-0.37732712083232434,peace
0.0,0.0,0.0,0.13372648623761127,-0.1994337607030861,-0.08544369618122442,0.1778391363308779,-0.5104435764387897,-0.17707509661612114,0.07849009577643763,-0.7350011468534788,-0.2813335393525527,-0.029010860085876795,-0.8486221916627429,-0.3794297048034471,0.08385766249788527,-1.024597110342201,-0.06906228010704923,0.12263790281852698,-1.4191480125156914,-0.16425783375936337,0.14316285658271233,-1.667074488573299,-0.23288282837583976,0.15189011944609024,-1.887266220026955,-0.29126738052349743,-0.06156594941483085,-0.9905020648944582,-0.12294418779456172,-0.12584936745297876,-1.4304538331743628,-0.2308526372218372,-0.16507340293225,-1.6986633341320463,-0.3064108274272249,-0.2011508097315266,-1.9354928463350944,-0.36474370703614756,-0.1756172989256177,-0.8342539554805599,-0.19418465500259544,-0.2486393036350784,-1.1458179428421273,-0.3206005194536126,-0.17014695944912278,-0.9466884941472244,-0.34479508195161923,-0.10219855213670825,-0.7602490687704614,-0.3429316410234873,-0.2580770639060629,-0.5911871508744282,-0.28087474117041406,-0.2568124766329383,-0.7490606559687893,-0.3794652705540007,-0.15177344743220605,-0.5972702841449408,-0.38928754973269236,-0.061525314522819216,-0.44953816886009845,-0.3831528256837908,peace
0.0,0.0,0.0,0.12589056630996134,-0.2044402629372715,-0.10577864355639748,0.16158713169740685,-0.5008347132320947,-0.21126786169370843,0.04371452877951351,-0.6912898333692151,-0.3257096719656755,-0.07230417658771918,-0.777450532699382,-0.435185006441959,0.06194723650095,-1.0273479788047368,-0.11981138857784426,0.10389731219695113,-1.4343126243625728,-0.2344855663439865,0.1256606327448027,-1.6914860249022556,-0.31751004631780116,0.13728368137305372,-1.920545819240547,-0.3856964222794842,-0.0873459742768799,-0.9819069313254365,-0.16801618669844537,-0.1513620698362688,-1.4316407715112942,-0.29654495751829285,-0.19178840899824703,-1.7015712958442255,-0.38422508794629295,-0.22808649424542263,-1.9424524603894877,-0.4517721066338044,-0.20235080760300633,-0.8148139612833734,-0.23256187030302528,-0.28241431110970333,-1.1030743177721467,-0.3716098496087379,-0.19353692033154346,-0.8894410564524375,-0.3981613970152473,-0.11130824787398368,-0.6984371677458396,-0.39854396023271665,-0.2837150182915566,-0.5577404778934624,-0.3147748143427929,-0.2992684259207377,-0.6956813782827185,-0.4236326678152739,-0.18934769213124314,-0.5430528120278337,-0.437335280910868,-0.08657231454498854,-0.4013474864756619,-0.4338247989077182,peace
0.0,0.0,0.0,0.13199857199838272,-0.19526575043312427,-0.10522849544628289,0.16605657911484578,-0.49344059135397705,-0.20942820790174468,0.032248306058375344,-0.6790515111919853,-0.3226664330945188,-0.09757516500181557,-0.7603203016893522,-0.4307832447783867,0.05365504162094305,-1.0266084823235762,-0.10839145135344636,0.08705262010640512,-1.4247773853977532,-0.21863613397992301,0.10031757796175582,-1.6874769328823371,-0.2987121117542563,0.10473469129885896,-1.920757741470348,-0.36506617939569763,-0.09729331243515231,-0.98302004545756,-0.15558143071720382,-0.1593514839539467,-1.4161190865465618,-0.2798628441075589,-0.2049844376752973,-1.6821447004256838,-0.36479426417468563,-0.2494992559859356,-1.9218415378310865,-0.42910939091585304,-0.21172902458391482,-0.8157201939867612,-0.2189178577291428,-0.31337632980879165,-1.1092796899272557,-0.35954219297295414,-0.23016725417047945,-0.8794941034397611,-0.38377426312417584,-0.14880203461530914,-0.6799791440060599,-0.3803986204163327,-0.2941529026958239,-0.5494864847287008,-0.29929064929609217,-0.3193692853363178,-0.7079008769877121,-0.4105622185769609,-0.20931263017131166,-0.5474448386621102,-0.42092134934388054,-0.10526490389684157,-0.39730244014333455,-0.41298866075016744,peace
0.0,0.0,0.0,0.1243818474660972,-0.17925829619137534,-0.11784820248319999,0.1671991856271794,-0.47593806522099397,-0.22064985305484325,0.034501272975689945,-0.638458145142526,-0.32983306641350274,-0.10811735960756931,-0.6797842307251901,-0.43448107241301703,0.04596073088499244,-1.0208088904438541,-0.11858536054290021,0.08275269951397257,-1.3988205254971957,-0.23169921298764382,0.09458078481788339,-1.6614115465591366,-0.3153310958726315,0.09277626930278783,-1.8908147759592682,-0.38331369062539855,-0.10786772710570502,-0.9815362845651253,-0.1579590311794115,-0.16344738183031648,-1.3942925288838421,-0.2833542698241696,-0.21419629414144098,-1.656865048227313,-0.3739158376994355,-0.26819493129612293,-1.8913224828117279,-0.4431813120644317,-0.22680261237528646,-0.821375842061524,-0.21421449106934837,-0.32784960710090416,-1.0493655542403066,-0.3577629581160119,-0.23378275499892012,-0.7904204269480182,-0.3893442659642183,-0.14206080225395612,-0.5830126454640058,-0.39048022223414963,-0.315411844446731,-0.5735444086242439,-0.2896056346816877,-0.34275358551324325,-0.6752191603261573,-0.403351720041273,-0.233396575593824,-0.4994090779466383,-0.4202719988487589,-0.12567506834302233,-0.3577589364590995,-0.41681900132262106,peace
0.0,0.0,0.0,0.12653058762945804,-0.1847094715591214,-0.11312513922805842,0.1689591061407029,-0.47844566088087664,-0.21198850820481804,0.03834640569740577,-0.6478158653436029,-0.31732813282794414,-0.10950501093897416,-0.6816030510417029,-0.41783960554995636,0.05210267994747458,-1.0229000496638259,-0.11339758674566883,0.08275593559194452,-1.4043334869506476,-0.22163962753265876,0.08917797451269001,-1.66670902790039,-0.3013254563226656,0.08399194139429521,-1.8940915692887619,-0.36676663676384347,-0.10093310942007791,-0.9830944007963237,-0.1527674263241732,-0.1680269512000059,-1.4003259899054452,-0.2741267040647881,-0.225814458141591,-1.6633749703583103,-0.3615856525780223,-0.2858129570394645,-1.895288335735944,-0.4285575744962095,-0.21585443901952292,-0.8189142279355068,-0.2083513961092425,-0.31562985192031945,-1.0448011670621626,-0.34780918259765975,-0.21892012376977718,-0.7838663678248985,-0.378318018439256,-0.12945185257683875,-0.5722827497098298,-0.37794016174712936,-0.3006274062318461,-0.5635763568259395,-0.2826552491459139,-0.32815035756621214,-0.6662461635094805,-0.39311698197938216,-0.22120051313486108,-0.49962352715942576,-0.4104030700364765,-0.11858817618047858,-0.3611256816835865,-0.40685546636635633,peace
0.0,0.0,0.0,0.12362349169453739,-0.19737680840346825,-0.1237196873940804,0.16611502326630131,-0.4808969918249171,-0.22581036497800017,0.034435449771559705,-0.6444297903569236,-0.3331379447536519,-0.10702798722296059,-0.6693944565216328,-0.43414697270429115,0.04385468770186098,-1.0262704139600751,-0.11296042879601975,0.07910879231820514,-1.399426392292767,-0.22278614608264466,0.08399755254006845,-1.6548217322553507,-0.3021784563141249,0.076796180850629,-1.8787565491193048,-0.3671434354783976,-0.10538089587326942,-0.9832098768759343,-0.1489737721834184,-0.17050922542313596,-1.3925660767118961,-0.27794197298419415,-0.23226381699692486,-1.6526152167463721,-0.3696392944968678,-0.2975768296314233,-1.8900242537366974,-0.4365257188773368,-0.21664707945868925,-0.819584135880512,-0.20287370737116206,-0.32379728735642155,-1.0420718345829427,-0.3562571488367678,-0.22259750034114265,-0.7782653352192606,-0.3911716996472925,-0.12728446995625745,-0.5730259416096819,-0.3882962254163584,-0.29588453566123485,-0.5646600515980921,-0.275450587489466,-0.3454978502612377,-0.6778515530023504,-0.3960167595514078,-0.2359978071722549,-0.5185573848313751,-0.41694226777567095,-0.12574457625384622,-0.38751825969086007,-0.4128512636981255,peace
0.0,0.0,0.0,0.12210395290985097,-0.20085478068649454,-0.11391762009263426,0.16379360261473364,-0.48456001525362435,-0.2132136170659601,0.029897212760861103,-0.6505718981383155,-0.31950782880446266,-0.10851281063051284,-0.6798753335496254,-0.4196137798052959,0.040653692024531465,-1.025492253948152,-0.10398266586785822,0.07277642951465328,-1.4059928557712265,-0.20979455089692237,0.07869039020412402,-1.6658713990819067,-0.28801036193836277,0.07272451088964718,-1.8899330672844699,-0.3533912046793957,-0.10968168401557923,-0.983251689944595,-0.14555419063910352,-0.1730436703524719,-1.3914620132106112,-0.26816995118305714,-0.23409101840284255,-1.6543048148644934,-0.35760519933071927,-0.2979277180590727,-1.8932039071206819,-0.42518483608775076,-0.2220543828098103,-0.8198236642113632,-0.20452326765729925,-0.32869936388915577,-1.0536576384655976,-0.35005372252542727,-0.2390155066924906,-0.8036026490483252,-0.38514608462490174,-0.15146306333247184,-0.6019148896986212,-0.38613579179886853,-0.3015097007145228,-0.5637309545915244,-0.2812898179073104,-0.3387631923494519,-0.6807001286569552,-0.39647692206249124,-0.2247030711642001,-0.5272265266328764,-0.4165974686804341,-0.11141847605518429,-0.3957520668493723,-0.4145613396071222,peace
0.0,0.0,0.0,0.11348678581913495,-0.19595630095093008,-0.1377129011379041,0.15516352013138351,-0.4747946194275932,-0.25117974587783576,0.021497228032688467,-0.627415240670403,-0.367522599909305,-0.12649761699437426,-0.6546107511430767,-0.4777067689548093,0.018248676434283476,-1.0292472956053267,-0.14446528131997988,0.04429243589033185,-1.4191826568132224,-0.261801855696543,0.04489501495412098,-1.683376205161127,-0.3449202395184495,0.03240370820449599,-1.9170602659952876,-0.4132722671785234,-0.13417518359106506,-0.9747491833583796,-0.17849658162126186,-0.21339323778767189,-1.3870637865338098,-0.3151810335530828,-0.28061900576293697,-1.6557642439088809,-0.40941351682475335,-0.35018973382061697,-1.9047460131699114,-0.47933887225535776,-0.24635079366483445,-0.7984874299531795,-0.23028230879451914,-0.361594299376742,-1.0083392775412086,-0.3889489994453012,-0.2541627439129511,-0.7539201310067359,-0.4252937506725845,-0.15480820005922497,-0.5552458168008382,-0.42432930552887393,-0.3228315775677644,-0.5323408853845051,-0.3017783424210834,-0.37645294039404487,-0.6367305214314388,-0.42686725161792366,-0.2591015509126115,-0.4929930751674006,-0.45035699436269,-0.14201224418641956,-0.3766193267500883,-0.44874414810085095,peace
0.0,0.0,0.0,0.109643434266359,-0.21526639207681775,-0.11958962591100798,0.14841954075008354,-0.5000644781065392,-0.23215501817597833,0.01826397455120479,-0.6435970308415603,-0.35009747261598634,-0.13309147426196274,-0.6647779799496503,-0.46258697009997707,-0.007607768579413171,-1.0304902980701651,-0.14216815356533555,0.018751601644812946,-1.420942921569741,-0.2614402402708451,0.019339111914518335,-1.6842022509478134,-0.3471246978012098,0.0073086906286668465,-1.9201094156285123,-0.4177542493248658,-0.16063115211789694,-0.9693210693984744,-0.18604912627979378,-0.2412622747056249,-1.3796976715361253,-0.3213455502329826,-0.3017551842464595,-1.649950252184875,-0.4138204740379168,-0.3619808812847159,-1.8937716939038265,-0.48538541221498205,-0.27251231247536334,-0.7868983804593774,-0.2453166271482112,-0.3756466573757834,-1.019021165934114,-0.39603691041380684,-0.2750177511994013,-0.7941934246741427,-0.4282114391399913,-0.18231083835813816,-0.6075286300858306,-0.4306952293644888,-0.3463276586203299,-0.5121299085170601,-0.32282561456377246,-0.36976383838186205,-0.627415956313793,-0.4408148669153281,-0.24433632591676638,-0.48224326181161153,-0.45805639640820617,-0.12730432305973985,-0.3554303525467194,-0.45580430943126476,peace
0.0,0.0,0.0,0.12010927386617426,-0.19023964039750718,-0.11293052973315745,0.1646697372145323,-0.4945599179833442,-0.22640910593812663,0.03920173450714892,-0.6489649801687032,-0.3462802818687391,-0.11227469256497746,-0.7073875937923552,-0.4617885914957997,0.02527666597534039,-1.0295588103228508,-0.14065817639102376,0.051041043769360674,-1.4174854772816987,-0.2637769257969821,0.0534695359417171,-1.677524801107209,-0.35018655229137796,0.04328699783650273,-1.9117161611882267,-0.4199802108196665,-0.1288283714571355,-0.9732275232811904,-0.19034552433840374,-0.20613019899827817,-1.3972339589912102,-0.32157335023920736,-0.25792668130085705,-1.665881339218003,-0.4031841250446823,-0.3088150815666857,-1.8971568384984743,-0.46901603068776865,-0.24243193573197805,-0.799233452980303,-0.25676098727759394,-0.31873046494151125,-1.025872486872076,-0.396613628715279,-0.22955619118972612,-0.8193006398453423,-0.41644691219519053,-0.15144416716605894,-0.6469924737608326,-0.4167554785780486,-0.3122838603790266,-0.5493395264225249,-0.3427842766108518,-0.2846780368120695,-0.6063202824005226,-0.45071596978842593,-0.16609710459504973,-0.4277273070034623,-0.4581288843741447,-0.06765741212437304,-0.2944379167626124,-0.4523793378292882,peace
0.0,0.0,0.0,0.12359731116351515,-0.19772260825485627,-0.09904820447859926,0.1744850303291344,-0.5001476393774871,-0.20680402703109604,0.06293426357907807,-0.6732090134698024,-0.3251102538522034,-0.07292997520413708,-0.7452815502228349,-0.43889272182377004,0.040953448193903605,-1.032042668269797,-0.12003657260447223,0.061149432678094674,-1.418167458139172,-0.23574020547578123,0.0700714186893641,-1.6674537130610056,-0.3163779507991483,0.06748079161191642,-1.8877480110626674,-0.38206750642236365,-0.10790223603098724,-0.9783533356262943,-0.17658379916746664,-0.19059308302962602,-1.407630345933475,-0.30223399114116,-0.2460232341845275,-1.6773350567248084,-0.38162886834623894,-0.301548839217205,-1.9084764008945891,-0.4450153833226728,-0.2211774371182175,-0.8045241541536342,-0.24961968922336428,-0.29876541699158604,-1.049140357219306,-0.38375873068090016,-0.21168055934664406,-0.8571356651397911,-0.4024652812876336,-0.13604438438510985,-0.6808902998564311,-0.40155941314507004,-0.29580815385856596,-0.5509112725177264,-0.34107450329803934,-0.274910741994015,-0.63189342683678,-0.4437215154463805,-0.16505778529801707,-0.4763014375680568,-0.4503097204055517,-0.07419782115666043,-0.34605753274604917,-0.4442282201286604,peace
0.0,0.0,0.0,0.10924633038116495,-0.2066101384207569,-0.1133206619309498,0.15386096936765525,-0.4766152746180065,-0.22927094336398277,0.06101137270884,-0.6645110218959943,-0.3525363754229783,-0.06286583603018167,-0.7698662377312159,-0.4703210546480466,0.01739486062705242,-1.035407770298594,-0.1527968273917753,0.038857075072938486,-1.4636766614067558,-0.278786587883566,0.046698080184297774,-1.7293258020339537,-0.3620349397511689,0.04303665379904333,-1.969277480963165,-0.4293169679393212,-0.1266511349873423,-0.9705959330678011,-0.20470223427862758,-0.2180220086789078,-1.439339305210738,-0.3491225940714317,-0.273619772609298,-1.711248802196011,-0.429662254857342,-0.3253412491769051,-1.9567719505722863,-0.49085217526279795,-0.23283356558605023,-0.7872650049214961,-0.27235902618006474,-0.3228776283486108,-1.0389407240249704,-0.4232901175196351,-0.21962600802603074,-0.8146358074638996,-0.4359902657876804,-0.1286191549988738,-0.6244522347028683,-0.4245812366664222,-0.29720706866557856,-0.5204005679883408,-0.35939108430122824,-0.2976666225580123,-0.6106169634605637,-0.4750469751201118,-0.17961001545735455,-0.47299424564794884,-0.48373401752687323,-0.07717211449801968,-0.35671912016469526,-0.47420355699778294,peace
0.0,0.0,0.0,0.10681742893364173,-0.1991301025105265,-0.11439214648028707,0.15543776140378257,-0.46355243589060163,-0.23095823572424343,0.07106336047644589,-0.656126380208605,-0.35515794448807003,-0.04806819935294638,-0.7684052033085864,-0.47362400711535,0.01800330395687248,-1.0291390352918146,-0.14941087878924128,0.04192200662407602,-1.4470331780183041,-0.2745017165163772,0.050001624620687,-1.7120200704801507,-0.35698935806867715,0.04690655439977534,-1.9500634515741744,-0.4233004038243017,-0.12258552114484943,-0.971981242850834,-0.20056229344468843,-0.2124694668512615,-1.4332555243240719,-0.34555370175319194,-0.26533253528533596,-1.704177550851754,-0.4263798959057987,-0.31317432625429986,-1.9459780959336508,-0.48673554687761,-0.22712196327214257,-0.792603307443998,-0.2676960339910626,-0.31307268003671274,-1.033322382454461,-0.41873089240221073,-0.2103285462485637,-0.8040249617074872,-0.4306746199127047,-0.11865462207136537,-0.6143338411713346,-0.4180314750578247,-0.29096172679698784,-0.5306537410147346,-0.35445711094919186,-0.2900633112845976,-0.6229925456641857,-0.4701927962791549,-0.17424445879098607,-0.4870663810351885,-0.4788520489763256,-0.07241568916544103,-0.3779331543209057,-0.46860492246751734,peace
0.0,0.0,0.0,0.11663999534222852,-0.2015371355418138,-0.09164648132930081,0.16741728582420753,-0.4716772587299763,-0.1978632471120372,0.08544578731446341,-0.6643305020651127,-0.31561412189144583,-0.025243387107276083,-0.7866054652318345,-0.4282183223973218,0.03436645516559567,-1.0252130480047237,-0.11361295805084402,0.060904116057066915,-1.4346601982321088,-0.22535012228170823,0.07190096641467196,-1.6985010714813402,-0.30349742657414536,0.07177733031135418,-1.9367163620419678,-0.3679395306994865,-0.10627599419143789,-0.9795574164406269,-0.17080006134303768,-0.1898099939637624,-1.4403433631816236,-0.29683638863103295,-0.24379134549613604,-1.714845516686774,-0.37413736188571484,-0.2911554032151731,-1.944999171328777,-0.43466387823355357,-0.21392703521453932,-0.8123412059739725,-0.2427849798151537,-0.29493354346025047,-1.08228168257311,-0.3749402583602093,-0.2094708966771527,-0.8702714832161764,-0.3870531674409094,-0.13107770132098995,-0.6856582061436511,-0.3801609547499132,-0.2842173984928442,-0.5647430496109576,-0.33256179316953993,-0.2681081285871735,-0.6844795673590153,-0.43527343851335604,-0.15961144709777203,-0.5337332479745821,-0.4397064310005841,-0.0655605679421255,-0.40230235507338913,-0.43018964196147474,peace
0.0,0.0,0.0,0.11716260318521214,-0.20450537864707546,-0.08832770531651872,0.16624077014146593,-0.4826789074045027,-0.19204729367482576,0.08600617328368954,-0.6794079034951903,-0.3087650468055159,-0.02211445215767621,-0.8078967530886338,-0.42047256949846573,0.029397185566572975,-1.0255999126037432,-0.10223893159502824,0.054506170569361446,-1.428699410773419,-0.21192870468074124,0.06543153346092717,-1.6897750195599153,-0.2885418964436346,0.0654731080054227,-1.9256404268123977,-0.3518386061857519,-0.10846128415058479,-0.9808897926495335,-0.16152815394339443,-0.19135140646961993,-1.435292667273836,-0.28521925981891966,-0.24558578831118125,-1.7068223312652333,-0.3628204298342988,-0.2929741637346213,-1.9321298440883625,-0.42324461053477686,-0.21403449737373717,-0.8151511225559587,-0.2363385962332161,-0.29241135319535233,-1.0891232910364685,-0.3694167947118743,-0.20293215125770722,-0.8719522468361878,-0.38378169835035186,-0.1208143635257841,-0.6891891893188391,-0.3778653881129939,-0.28311108873698826,-0.5703147445503451,-0.32851822511154344,-0.2684479023122736,-0.7009139879608677,-0.4328918961618565,-0.15911520405264803,-0.5467390637177945,-0.4386430252942736,-0.06282574203420471,-0.41515718457802714,-0.4298635597151448,peace
0.0,0.0,0.0,0.11990882669784426,-0.21055977781968313,-0.09078879834656213,0.16998102784041727,-0.4939190702199432,-0.19588025151612462,0.0938048775147324,-0.6974545045794014,-0.3141346443376661,-0.016366573465189205,-0.8382162665012629,-0.4272019955817591,0.03431724889161414,-1.0310164062621088,-0.10203962990445643,0.05958254403101453,-1.437864666174794,-0.2121780515289822,0.06908604979261637,-1.6973453936323761,-0.2894877572663439,0.06738682268091323,-1.9342030738362637,-0.35312295795877063,-0.1053444394308897,-0.9814526661552687,-0.1601661424200065,-0.18773573914609049,-1.4402916451110241,-0.28613668533739867,-0.23977924483020518,-1.707758136717713,-0.3663309296428597,-0.28670516107458816,-1.934429805027796,-0.4276523410393519,-0.21196742158085738,-0.8145992216602143,-0.2340156084274449,-0.2797483845148996,-1.103675759742466,-0.37073738248174515,-0.18544872021811426,-0.8808535949352629,-0.3878683819187391,-0.10451262251401872,-0.6890520778769869,-0.3821746639967554,-0.2831489502039474,-0.5719280732686599,-0.3250593172951472,-0.2609783598734882,-0.715463697767898,-0.431997687057105,-0.1521972587456746,-0.5670946267767194,-0.439945294005686,-0.06128911099947279,-0.43680513116209624,-0.4318816569927912,peace
0.0,0.0,0.0,0.12411182507362375,-0.21515469636384874,-0.08938858082696446,0.17076136956919533,-0.5004382750675548,-0.1947599029167653,0.08835022706228063,-0.6966057058286063,-0.3142393136664112,-0.022248338753985096,-0.8249089651281492,-0.4280690730216979,0.03973978185453709,-1.0283013270421324,-0.09510973991473891,0.06647528113294239,-1.431651942019684,-0.20504012674120164,0.07901039240159041,-1.6879472828769904,-0.28275855848075,0.07995559095496568,-1.9257328179615367,-0.34693160014711705,-0.10137190530302964,-0.9827885380656095,-0.15443576743130152,-0.18523077641589367,-1.442584400939846,-0.2803182025534817,-0.2353687656319505,-1.7114864822730491,-0.3616118015180068,-0.28012484319760317,-1.9422838718983424,-0.4234881549813603,-0.2094013361101366,-0.8167667708126691,-0.2300178196918465,-0.2817761010795799,-1.1257131604586588,-0.36803499718693966,-0.19166359086408602,-0.9034108924857076,-0.38647348073476756,-0.11595929568681207,-0.7132132445117001,-0.38114268164010756,-0.2811844438276997,-0.5712975706664783,-0.32227058503809336,-0.25911906653451733,-0.7353839167395393,-0.4302440171542473,-0.14942241476496051,-0.5883999648442267,-0.4380141489017862,-0.059929190209857215,-0.4549625286239235,-0.4298295910265899,peace
0.0,0.0,0.0,0.1251632561631807,-0.21535063501490562,-0.09172961809295635,0.17355951823867155,-0.5041544533821726,-0.1978971195316456,0.09901777064144862,-0.7043299794349221,-0.31818857321232913,-0.009572210967832982,-0.8341291306125967,-0.43280733933127497,0.041067236326471336,-1.034557698256969,-0.09491254865768017,0.07070613091086334,-1.4288008244042145,-0.20849405397581192,0.08599129924752436,-1.683608642115492,-0.2907148831394066,0.08881918148851467,-1.9182819256082866,-0.3580306735341562,-0.09927323923749418,-0.9829787892069448,-0.15458817529340177,-0.18325856656811024,-1.437867585320391,-0.2866538716074648,-0.23337430851661653,-1.7072586394803089,-0.3756428642641687,-0.27940888424427357,-1.941672127977868,-0.4421953881482408,-0.20824774276498803,-0.8137317412628662,-0.2309256555493558,-0.27889087708277416,-1.1225159263067643,-0.37466119373586804,-0.18035112079080476,-0.900097854410909,-0.39893638216405647,-0.09769937962988329,-0.7087006978356767,-0.39665444401591754,-0.280914682206098,-0.5661886864443539,-0.32403786491659314,-0.2629305794286815,-0.72703260089916,-0.43569684638023354,-0.15125218192965423,-0.5847518935815808,-0.44749694188681904,-0.05883269766191826,-0.4553782068315217,-0.44209738465440435,peace
0.0,0.0,0.0,0.12648072145253403,-0.2125598342400738,-0.0944572447282441,0.17389032623341028,-0.5045800285157656,-0.20169154990339513,0.10244198185956167,-0.7138219238875059,-0.3222620917739226,-0.0011036460294687296,-0.8603607414663259,-0.437604841622823,0.04978373081069778,-1.0352839519997856,-0.09765236029796795,0.07941146228043326,-1.4328609366811733,-0.21020414825604608,0.09349972410190872,-1.688469643737536,-0.2931149638461991,0.0940618328779208,-1.9231936241146532,-0.36139028549621016,-0.09320181398992329,-0.9833812466615415,-0.15580348386149664,-0.17917828457329762,-1.4393581989752788,-0.2874834018422624,-0.23237527256364726,-1.70972885829074,-0.37866427914969886,-0.2802993808170298,-1.9415163884534108,-0.44699356065730367,-0.205282469653449,-0.8148356389375834,-0.23057209620930832,-0.27360878929262294,-1.1250083170433387,-0.37309833599454273,-0.17629697896381694,-0.9097756927313125,-0.40095357769098205,-0.09578251687975474,-0.7164901903785822,-0.40171534332530684,-0.2797707680803623,-0.568321591232677,-0.3220723706378918,-0.2601052541515403,-0.7167394181439954,-0.4328240628625945,-0.14728262352002314,-0.574512003957352,-0.44693655815304945,-0.05553729486790635,-0.4451739949557035,-0.44372031907619874,peace
0.0,0.0,0.0,0.12871513318337327,-0.21450811663408423,-0.08451110546716736,0.17613754518923214,-0.508752839790639,-0.1866800742560018,0.10262072231103139,-0.7138696908687436,-0.3036166735901565,-0.0046398592282074,-0.8450229870685376,-0.4149394558519844,0.05088983076456274,-1.0337326296772746,-0.08742569473473955,0.0810829995838878,-1.420791606496056,-0.19704657512044774,0.09787236015361758,-1.6708925978432285,-0.2769402553973985,0.1019739448302196,-1.9007202843657358,-0.3427880249198496,-0.08991870404944108,-0.9847662796978054,-0.14882869693782924,-0.17406120356399368,-1.4362793667967857,-0.2769230775789469,-0.22290100303284524,-1.7051911565521043,-0.3632947523787905,-0.2672548913173334,-1.9339497956769272,-0.4281051936714894,-0.19982129929875023,-0.8152377370772516,-0.22628725836871819,-0.2697246919614085,-1.1232855984022152,-0.36440027546059167,-0.17373471629304452,-0.9068818333977438,-0.3866193487461901,-0.09420337382903289,-0.7181502292742777,-0.3839636634495993,-0.27245389940817555,-0.5657544948721147,-0.31996408585605385,-0.25193586503076043,-0.719566420813201,-0.42676108373784094,-0.14070438069959507,-0.5750544353173392,-0.43656967243385986,-0.05002659102718742,-0.44505009598713996,-0.4304988900566018,peace
0.0,0.0,0.0,0.1297889316612104,-0.2141725607313701,-0.08611162960089014,0.17649806122587527,-0.5090546881218945,-0.1881132974509744,0.10222271172378715,-0.7161632801959843,-0.30452976045817054,-0.004193442829475011,-0.8561021822911342,-0.41506456113615664,0.05333435671508858,-1.032532002152352,-0.08634797155382899,0.08386249324681148,-1.413791349991153,-0.1950883850221725,0.10015638075601127,-1.6594710146125062,-0.2727220709109209,0.10336877168393284,-1.8850823420971567,-0.3364704493531791,-0.08760183477674185,-0.9853429887789875,-0.1463731293914291,-0.1681144669510732,-1.43595410457369,-0.2727475791380637,-0.2153907020043455,-1.7015429130518138,-0.35575239253244956,-0.25874624026116266,-1.9283555957502874,-0.41813498369451774,-0.19740350706408233,-0.8169140849290272,-0.22299799232488005,-0.26184847953294904,-1.1181711845619633,-0.359958260337081,-0.16712650314281036,-0.8997553713876867,-0.37953895148413636,-0.08931620706634949,-0.7107741872185419,-0.3749800827296897,-0.27062495536215314,-0.570198731429273,-0.3162027640499453,-0.2450092096705153,-0.7128225252863116,-0.42216292475777795,-0.1360466209151679,-0.565117712008033,-0.4306959478728748,-0.04827133019385458,-0.4369994869400736,-0.42338899278090836,peace
0.0,0.0,0.0,0.12698609473331587,-0.21487134580387707,-0.07795669788324293,0.17852610203861288,-0.5048088087418078,-0.176394066429043,0.10045024684064048,-0.7083383954899456,-0.2900340700510039,-0.008932731648926582,-0.8389543928835754,-0.39797723213218644,0.05279304340640848,-1.0277932193049246,-0.08255582559829885,0.08491160962231636,-1.4201501625217678,-0.18744334169235716,0.10096864371994803,-1.669895224636979,-0.2615232256311057,0.10530957099368089,-1.897271517635328,-0.32313905219430594,-0.08748076656408196,-0.9855021544998805,-0.14537055739541418,-0.16654427464512558,-1.438108847297484,-0.2653878687438175,-0.2144296401765623,-1.7066629449913016,-0.34261106790331936,-0.2570833578960896,-1.931181870375072,-0.40218431517910924,-0.1972862216427073,-0.821017186156438,-0.22376073989856768,-0.2640116590951995,-1.1135531556208411,-0.35441553272025833,-0.1788630037849045,-0.897660084427509,-0.36955674170198954,-0.1062983483819133,-0.7114235878501802,-0.36357187222048737,-0.27245331934023576,-0.577163069229141,-0.31825082825862294,-0.24659015043498259,-0.7204360469150353,-0.41988531959713915,-0.13799601231598843,-0.5686892481364949,-0.4248976607899881,-0.048255102828435224,-0.4345823369204738,-0.4157964220426573,peace
0.0,0.0,0.0,0.12504094251837827,-0.21176354419374122,-0.08239709891159258,0.1729470122987633,-0.5027681680145663,-0.18056663376822468,0.08955229040305858,-0.7017764722615506,-0.2932512508084371,-0.01752427459163544,-0.8303819751736651,-0.40020264159963215,0.05320905953536818,-1.0335405047410402,-0.07946078716183018,0.08412116508944344,-1.4238229648142446,-0.1811766302137354,0.1003397098640483,-1.673085010072304,-0.253935445827891,0.10446567485200464,-1.8981614401639695,-0.31491917309512013,-0.08703388565913335,-0.9864652089736892,-0.138965730421454,-0.1668135902255696,-1.4343174379136323,-0.25484956490317323,-0.2160299457539586,-1.700302711199896,-0.33117410836837685,-0.2608812638165523,-1.92385711865156,-0.39052353777167365,-0.19647087849124395,-0.8187559227187121,-0.21484336553271677,-0.26461701331662085,-1.1056458574807402,-0.34157851640733045,-0.18028411133517985,-0.8916806596440122,-0.356995274279721,-0.1091687623960409,-0.7049631181810273,-0.35175182484764866,-0.27176823036931497,-0.57307370022315,-0.3074986150981816,-0.2462299592968619,-0.7118318675133588,-0.40682559845593835,-0.13816874372050067,-0.5601918053953272,-0.4123480986601428,-0.04927694941033792,-0.4281483969705424,-0.40377904741389936,peace
0.0,0.0,0.0,0.1271960153184701,-0.21305038238665663,-0.07503328514226004,0.17604248413662563,-0.5066904487784478,-0.17045743626735999,0.09013517300799574,-0.7075778621213681,-0.2817986067088463,-0.019341301238872465,-0.829248421658023,-0.3873935324454012,0.05557222218081526,-1.0337364955326864,-0.06880250359468404,0.08553856039185621,-1.4304774566821457,-0.16642143855440392,0.10112106555002907,-1.6820530026299654,-0.23835501540098628,0.10477919825264852,-1.9087514581768787,-0.29986968589230806,-0.08412509330448882,-0.987690256648253,-0.13187458283770412,-0.16509734458848616,-1.4391634174405696,-0.24303561575774715,-0.2143621411473827,-1.7155766940601496,-0.31936282396241955,-0.25889680388507424,-1.9394489120647023,-0.37981138568398776,-0.1944400807191712,-0.8198789484350572,-0.21078835802164397,-0.2650659479807031,-1.1099058149123684,-0.33208237324683854,-0.18543529454412896,-0.9111438269433065,-0.34793552008241024,-0.11765412558287616,-0.7313151458525938,-0.3448778264337028,-0.27077531470932226,-0.5735511341625159,-0.3059383407679502,-0.24627498631749348,-0.7202391555234898,-0.40170822473512435,-0.13812257800329653,-0.5656418023959929,-0.40592868489551387,-0.04839470272344953,-0.42456608365282517,-0.39760752729040927,peace
0.0,0.0,0.0,0.12829225630154734,-0.21666242321469814,-0.08183076893917518,0.17730754986614156,-0.5097701952351787,-0.1781389633091753,0.09121365171461264,-0.7168616411278137,-0.28884461342478474,-0.021069149299174708,-0.8442901446989869,-0.39264861594995637,0.053724032935526946,-1.032843287331793,-0.07317845446841735,0.08379118438183261,-1.43301455603925,-0.17081216813893804,0.09830361714587847,-1.683068914648659,-0.239487988264314,0.09859415963458247,-1.9058471867305544,-0.2979781609299654,-0.08711244232916146,-0.987370096915286,-0.13233175774902536,-0.16620252700906063,-1.4428532743763893,-0.24560661385735827,-0.21591432331963323,-1.7144896979082354,-0.3198838539845406,-0.26395585292026585,-1.9402952769810475,-0.3770401257512791,-0.19795052316853615,-0.8197348381354725,-0.2079290592208951,-0.2701533874790685,-1.1078497926316229,-0.334268263526167,-0.1819306074109155,-0.8958654325784922,-0.349723372678016,-0.10927253636140673,-0.7114010407940007,-0.34286265608340766,-0.2743785945690434,-0.5722041560298867,-0.29996030243512234,-0.25461723906914446,-0.7234042536586367,-0.3986089681696791,-0.14546129581000078,-0.5755294101117687,-0.40376119032600954,-0.05578027922997501,-0.4404323243326754,-0.3939496221971595,peace
0.0,0.0,0.0,0.13162243428232576,-0.2184885390605869,-0.07912569163888496,0.1804528613041179,-0.516024356508924,-0.1747916475559053,0.09883117154625434,-0.7321131584535273,-0.2851158316893641,-0.015735398579394728,-0.8601355085022773,-0.3888394675799293,0.05512910884177345,-1.0277543584440563,-0.07721778667467333,0.08783387193008058,-1.4309403431841157,-0.1765281010657958,0.10262100466137083,-1.6837790528789325,-0.2461503724493539,0.1025689613048324,-1.9128052350595512,-0.305094767794988,-0.08679049236140514,-0.9867083015215495,-0.1373831072007147,-0.15817088703175688,-1.4418988794726602,-0.2529153208699567,-0.20477577263209487,-1.7135640042055695,-0.32820318458718767,-0.2520179799802069,-1.9427599554044146,-0.38562815320169264,-0.19797579963074097,-0.8224006054546316,-0.21295160125859203,-0.2630759370257253,-1.1216972829524772,-0.34204408534867464,-0.17055517200966142,-0.9010289049122705,-0.35834370569688884,-0.09781136103789619,-0.7105516556595023,-0.3509539678080469,-0.27404930866188104,-0.5749582534533254,-0.30424059872830306,-0.25369796345725526,-0.732998015154585,-0.4033991349511756,-0.14588374965272471,-0.5887843188672013,-0.40894327783127116,-0.06059509695713596,-0.45388099960473727,-0.39922615505602416,peace
0.0,0.0,0.0,0.13185875663894378,-0.21720670115626453,-0.08402882132978184,0.18049560260140132,-0.5156220689629741,-0.1817842548642616,0.10019683798939287,-0.7318104117060661,-0.2938880770676729,-0.010584547710246023,-0.8684430544334276,-0.39904107646784126,0.06146105994167372,-1.030942241602043,-0.07420521365604563,0.09311683955114546,-1.424911647871424,-0.17427691604048645,0.11148737530877054,-1.673337534551513,-0.24545407522117266,0.11626415035722543,-1.9008506006410912,-0.3049977534513782,-0.07987781905989695,-0.9880794637676074,-0.13159972379511792,-0.1520850881005744,-1.4381137137488609,-0.24783770799867175,-0.19596815032154102,-1.7031242773901418,-0.3244561933164089,-0.23957423349892512,-1.9324423416364016,-0.3818769523658208,-0.19013546037942794,-0.8225849065335796,-0.20563430519943174,-0.2513112355174112,-1.1218474618712477,-0.33542072955157004,-0.1606507342380388,-0.9017643195044427,-0.3521522017946605,-0.08980019305491083,-0.71128290616054,-0.34414147673104084,-0.2661370173091847,-0.5739735245444247,-0.2958950014936329,-0.24578128451254722,-0.7335803812222942,-0.3951330357772898,-0.13906105438544022,-0.591729313680765,-0.4008508594645843,-0.054750246521535255,-0.46010973885824796,-0.39081777209480506,peace
0.0,0.0,0.0,0.13146395225530447,-0.21440747278878286,-0.08535598927156862,0.17626435137807156,-0.5145891607622566,-0.18356715372153984,0.08981596457144078,-0.7293756956271708,-0.29556868306582396,-0.018891141736427502,-0.8617048084735428,-0.4006049619479773,0.06104928379775166,-1.0287642691028926,-0.07546543050701171,0.09155770621356192,-1.4223161145885588,-0.17498792801338112,0.1095760332208466,-1.6703324216908426,-0.244855750828413,0.11458997963746911,-1.8967290690740848,-0.30349083746845734,-0.08052894370622404,-0.9879793766077588,-0.13195385793262535,-0.1529967435818997,-1.437047171533701,-0.2466035064361652,-0.19770990982945438,-1.7019573763116682,-0.32136416108219634,-0.24116050777727951,-1.9312407271977565,-0.3776435804219623,-0.1902952369306672,-0.8231046256748809,-0.2052588899074616,-0.2579398363703376,-1.128171111671731,-0.33470213452399183,-0.17122537714488373,-0.9085974601645973,-0.350829069340349,-0.10122123777555106,-0.7219504527281835,-0.3426434242718147,-0.26468252454377816,-0.5748031715557124,-0.2946279226744763,-0.2457849436118264,-0.7390743390289043,-0.39473812586005935,-0.13923970608045788,-0.5915725376198463,-0.39987004319845215,-0.053325529513810886,-0.4589989783320715,-0.38937163348849646,peace
0.0,0.0,0.0,0.13136950535970507,-0.22212364052984016,-0.0885399838770887,0.17644560234886011,-0.5219312175463368,-0.18695924216016674,0.09036556500240402,-0.7488317263472407,-0.2986084750566421,-0.023457354615588892,-0.8918419424056097,-0.4021215000967194,0.0591489192634892,-1.0301829544711276,-0.07023547373252383,0.08910038738763397,-1.4306051240470221,-0.16692085539990528,0.106513126856205,-1.678551674668863,-0.23310733279216175,0.11007913903468794,-1.904939065307467,-0.28921712193867116,-0.0822108523481877,-0.9887870182645156,-0.12466590659740318,-0.1525237008419374,-1.4404637462497245,-0.23820918201663735,-0.19658836534474636,-1.704529474506565,-0.3101580687425799,-0.24232733171953338,-1.938869707277736,-0.363063530395227,-0.19121469440422625,-0.8226005981716176,-0.19672440748727874,-0.2549967256582112,-1.1289159914229883,-0.32772994947238393,-0.163616669525194,-0.9028246775494693,-0.3425466952054366,-0.09558287804797375,-0.7134361161186547,-0.3305491324800943,-0.2645799475310763,-0.5691816435723049,-0.28481683394981056,-0.25059032038081547,-0.7429789493686743,-0.3848476842507742,-0.14340404709424012,-0.600971723938473,-0.3895772047085784,-0.06065744261617361,-0.4680175961567102,-0.37715568330133126,peace
0.0,0.0,0.0,0.13417014325953286,-0.2029120523348334,-0.09629676427124398,0.185661628220675,-0.5001102947451346,-0.1981625807045938,0.10123836646954228,-0.7226124589708245,-0.31171813640843765,-0.004990036423819461,-0.8930847168774728,-0.4191444375173648,0.06598365443194922,-1.029639262384744,-0.08134385405768847,0.09198887634295161,-1.4255929247280552,-0.17891775876314533,0.10877922180880188,-1.672817633765729,-0.24867970901028216,0.114412752438448,-1.898812577127371,-0.3075879912896188,-0.07822753595391455,-0.988191534517875,-0.13174947334158837,-0.1484099161706656,-1.440085833281028,-0.24131247638984246,-0.1912001867919956,-1.7054442928015403,-0.3161263919872885,-0.23062085863836648,-1.9284938705514822,-0.37431931971770405,-0.18983288478497518,-0.822679503387686,-0.20002863999327425,-0.2416569567207978,-1.1241673786892017,-0.32410823301890224,-0.16004134493777475,-0.91427666618268,-0.34283281810324234,-0.09506555221946916,-0.7248706013485452,-0.3392107919735187,-0.2670731301455322,-0.5762877399510457,-0.28547954930353425,-0.23536391843839558,-0.7324262383311236,-0.38421298154210703,-0.13135473292868058,-0.5830749778417508,-0.39182746794214995,-0.04830948987597499,-0.44383436138266985,-0.38440736015175375,peace
0.0,0.0,0.0,0.13441162705343304,-0.203138219422537,-0.07871568676541082,0.1874472020340197,-0.5069931812432372,-0.1747511639033799,0.10151733956070298,-0.7160964997205282,-0.2860785789620358,-0.007455760428033112,-0.8709289976104888,-0.3923149149604998,0.06954007073024415,-1.023881821929436,-0.07628150826416785,0.0959683645597847,-1.4078395600108469,-0.17767528799424775,0.11214776339238279,-1.6527488075769017,-0.25363910512322396,0.11897332651364828,-1.8791499809595573,-0.31684483110692746,-0.0746291256020843,-0.9879651145327087,-0.13548212457088032,-0.14367050992936753,-1.4321530063863543,-0.24789726484278435,-0.18537786814837462,-1.6960714681004072,-0.3278513245987005,-0.2212561773054644,-1.9141770269062792,-0.39157311126871513,-0.18710112716495322,-0.8296029228700559,-0.2104485842286947,-0.2298458512445845,-1.1046589596064016,-0.328315170426399,-0.14877342742446362,-0.9060897626664918,-0.34597544705524397,-0.07986232722016805,-0.724188100647097,-0.346510507509491,-0.2658300315863625,-0.595647478559594,-0.3023054848818532,-0.21973582783636345,-0.7238742901135732,-0.3948426968382395,-0.11372307264217923,-0.576858103534377,-0.40071284305759575,-0.025865201433577185,-0.44333503382821265,-0.39528495132352215,peace
0.0,0.0,0.0,0.13782078855570054,-0.19380013859604756,-0.07589358645499814,0.19648032762320528,-0.4835687052327351,-0.1698487820733017,0.12608654219962628,-0.6941310785161496,-0.2797753860972311,0.02575271289007639,-0.8455962885932466,-0.3844144479240701,0.07953687788900277,-1.0113083385025021,-0.07298589194821763,0.11279034428325836,-1.3835359868518495,-0.1771018114485274,0.12808940647422679,-1.6266241987518217,-0.25763167166279904,0.13141196391443746,-1.8515756732072592,-0.3240675651306971,-0.06239243764984217,-0.9892091111865506,-0.13256129929064672,-0.12221881202205795,-1.426180041467184,-0.2536962820894298,-0.1614207024884944,-1.68934196177733,-0.3422635882834333,-0.20122111369473758,-1.905959820535101,-0.4103974219982341,-0.17461994832735192,-0.8420456014530645,-0.20663664497913745,-0.21640848611802146,-1.1074677475199464,-0.33133498202370687,-0.12636546212110766,-0.8832592475278428,-0.3523516590068531,-0.05451715193668753,-0.687933697099206,-0.35321707200777175,-0.25692020402358734,-0.6107834724247981,-0.2972776720697154,-0.2112733145854607,-0.7395704223009124,-0.3939748240798846,-0.10137350636184797,-0.5832103503004609,-0.40212772037427746,-0.01436352336262979,-0.44079188960673926,-0.39709068846037765,peace
0.0,0.0,0.0,0.1319764980633411,-0.19539806630528755,-0.0703378669337029,0.19243903315780725,-0.4870675473324171,-0.16367094633845414,0.1272558046273943,-0.7020296553825569,-0.2741395744931917,0.026107163040789427,-0.8532435844759546,-0.38056867233804687,0.06807765867779224,-1.0189662207348775,-0.07290967910736425,0.10031503515673076,-1.397986628755626,-0.177480946288602,0.1147388834649809,-1.6446169117123868,-0.2590370051481673,0.11947887390095781,-1.8728649443547132,-0.3271456768617224,-0.07144624368305526,-0.9878546624005552,-0.13798036178045825,-0.13583841506937533,-1.424420881939784,-0.2589516968266052,-0.1730444694132197,-1.6921946840724362,-0.34862704335957034,-0.20795094461061447,-1.9124007818450546,-0.41852599125449363,-0.18081540728250398,-0.8374080587369277,-0.2168124273500531,-0.22678673435432903,-1.1208980088941347,-0.3446942008891398,-0.13185664092029695,-0.905070052842642,-0.3697665772854553,-0.05202075679556249,-0.7129114853995586,-0.3742718574710658,-0.25885103711871144,-0.6031091580851476,-0.3113036488726851,-0.2133192261904304,-0.7429129268750039,-0.41281087306699316,-0.10123901387246048,-0.5834178280543821,-0.4229797927971666,-0.008695995299301014,-0.4326914778188891,-0.41998018800676595,peace
0.0,0.0,0.0,0.13523713672330673,-0.18806029525680643,-0.07536220236189822,0.1922186781175465,-0.4964080830330506,-0.16437823931289036,0.11536182508091815,-0.7189896673444914,-0.26836970956439554,0.008254454576361668,-0.8746895554599456,-0.3690162718129913,0.06487459132891425,-1.01939569959373,-0.06350489879577637,0.09984154798661607,-1.3961638686870692,-0.16229393150867802,0.11397405869661044,-1.6459226018573943,-0.2418626913464756,0.11900422592712678,-1.878509069427331,-0.3091078787500176,-0.07617863338003614,-0.989618746828702,-0.12186686071914264,-0.13954483766757825,-1.413880585063703,-0.23527610318496717,-0.1781567104837686,-1.6815885866641862,-0.32384940944580975,-0.2116998860586078,-1.8951358552600859,-0.39400807163005114,-0.18603672652753733,-0.8386186053760718,-0.1948768008713408,-0.23328904002269454,-1.1125724703649513,-0.3199701119157747,-0.14186692823153382,-0.8894896529155302,-0.34708394922124736,-0.0654515125000473,-0.6924396315699646,-0.35298295676284885,-0.26597037814450103,-0.6069850981631297,-0.283972991963938,-0.21698821579495445,-0.737388948008019,-0.3867530249385826,-0.10059351202596274,-0.5640971944709207,-0.39843362067126,-0.005703584927300978,-0.4080769470368942,-0.3958933267670134,peace
0.0,0.0,0.0,0.13213752731918788,-0.20966460612039528,-0.07712901864312496,0.18693651668958286,-0.5041791011034287,-0.1738345001506803,0.11178453669308792,-0.6989782536264049,-0.2867270087715331,0.019179461215743782,-0.828624820926994,-0.3975762717983105,0.0687215143858714,-1.026548524947027,-0.0996226096877476,0.10408027068932489,-1.4164904880368796,-0.21457606414257588,0.11825414612137497,-1.6688031247012962,-0.30569392690855907,0.12360518450794554,-1.9003006718032964,-0.3804329901006741,-0.07765135201029395,-0.983714869708928,-0.16209658430861387,-0.14244132415959684,-1.4200556037625403,-0.29653634853409105,-0.17816482457491892,-1.689667788955423,-0.3995064321369154,-0.21041338585312402,-1.9180709555831503,-0.47880790916560884,-0.19217976937765852,-0.8251729867366926,-0.2366780487706585,-0.2307113059506484,-1.1017295543669456,-0.37302636852706844,-0.12331491459358043,-0.8806968657734482,-0.40678544374333825,-0.036635921494673075,-0.6813511980848215,-0.4172082703158256,-0.27233969051650336,-0.5848582105860122,-0.32722389586304723,-0.23373872694313017,-0.72920737525695,-0.43593757762843816,-0.108906176255549,-0.5894439817292624,-0.4537606606981635,-0.00859997525264982,-0.45131094503125424,-0.45654065687183165,peace
0.0,0.0,0.0,0.1413838249519543,-0.20369192255445756,-0.07179747170867888,0.20503662445655338,-0.49913967562234446,-0.16443715228586187,0.14754094044691704,-0.7252462459378388,-0.27379701425368463,0.0490861541178832,-0.8851237590249712,-0.38007994985690574,0.07723276240500139,-1.0166090162740264,-0.08814790293460563,0.11341384842480015,-1.404430645111874,-0.19683681721716273,0.13330079284067406,-1.6499458052021365,-0.2827946714989821,0.14129047667054548,-1.8744807178413043,-0.3545161801261852,-0.06930656425466603,-0.9859215429764754,-0.15216862766713563,-0.13316995040358048,-1.4243341798621219,-0.28414694965377474,-0.15941254131575475,-1.6871246339311643,-0.38441008242953234,-0.18790942686261444,-1.9088978089082715,-0.4608408127697988,-0.18668207392565503,-0.8362565973208198,-0.22795110451703238,-0.21195025919895236,-1.1252814577370787,-0.3597602465688965,-0.09515519002658135,-0.9154329726988039,-0.39051338994001006,-0.010982248344183054,-0.7203158197664606,-0.39957660665664047,-0.2697858238587892,-0.6010921468462518,-0.31901421944397024,-0.21419360421295172,-0.7472153879198296,-0.4236837173788008,-0.08482217676755242,-0.612055482209249,-0.43998114939904326,0.008555414232011553,-0.4740329696036169,-0.44156458621277483,peace
0.0,0.0,0.0,0.13904465969493746,-0.20385881583255086,-0.049228676747550056,0.21531659599354896,-0.49853516515321344,-0.13220174838699442,0.1876583602816317,-0.732688345064452,-0.23456109390582938,0.08712457588106334,-0.8741605674144574,-0.3336720312428127,0.07746032750087961,-1.0234636155324517,-0.07313847645644359,0.11619021346001453,-1.4189506516263852,-0.1787726550550069,0.14021516113717142,-1.664447383914056,-0.26247136966866247,0.15276443889329608,-1.88766692029834,-0.33202256203270797,-0.056073063821800447,-0.9875867573909358,-0.14672487225992953,-0.11822797935607758,-1.4361628231096697,-0.27462062794576275,-0.14164756422164435,-1.70771937994099,-0.3696158648679348,-0.16585063168348904,-1.9318267373356641,-0.4427810665501821,-0.1658865223200795,-0.8360987139852931,-0.2298596288559868,-0.18340081962654975,-1.1235602675356642,-0.3535218033867838,-0.07150392634168568,-0.9171019917885868,-0.3748887605214765,0.012571056594426906,-0.7271116290607651,-0.3793374215943145,-0.2410307370374081,-0.607366020247878,-0.3273438619803002,-0.18200075144996436,-0.7585453819555402,-0.422275651368438,-0.059230995375653586,-0.6148586073230474,-0.4300646695450429,0.030542376155682376,-0.46609336317129696,-0.42703352194273586,peace
0.0,0.0,0.0,0.15049269975496443,-0.18443454921187694,-0.05835323494570789,0.23691781170122836,-0.4814895604649534,-0.1471920061839134,0.2224469464265144,-0.7197745304900259,-0.2530855387534302,0.12536422886541615,-0.8855667693761914,-0.3547718872442911,0.11017567675681508,-1.0144968401910275,-0.08607330627756181,0.15173878132688146,-1.402347351582666,-0.19299019238587053,0.1760491067731539,-1.6473226895194812,-0.2747361786477445,0.1882070112705638,-1.8691169839978812,-0.34185585474245705,-0.02295292783884271,-0.9878149896689645,-0.15393079382933034,-0.07855589076779557,-1.4530872843178195,-0.2809862724466148,-0.09185766349219854,-1.7254147817511356,-0.37021155845862164,-0.10481561772267763,-1.9410256075455166,-0.4388939910538644,-0.13484484562003124,-0.842269986097371,-0.23171982404163954,-0.1258454650859384,-1.1286384385992827,-0.3493441063855929,-0.015699838175162947,-0.9075481220834013,-0.36203852127288283,0.0629605690279463,-0.7065738744008375,-0.3616168363895862,-0.21713382656794283,-0.6156211060899354,-0.3252991572712733,-0.13696116634642452,-0.753368064943206,-0.41600618035402254,-0.022787105330768553,-0.597707011011322,-0.41954611253655577,0.05843313200524989,-0.4449270134862552,-0.4134533143277686,peace
0.0,0.0,0.0,0.1502709932465201,-0.18141066211301524,-0.05147661772377378,0.2371384133032294,-0.4744739158719154,-0.13851642290718835,0.2254786036573066,-0.7140085082689683,-0.24417516779006812,0.13622957954075354,-0.8819109418744886,-0.3445649835048384,0.11987595633991224,-1.010003954311631,-0.0763755751892326,0.1663542169363654,-1.3857022122897982,-0.18045692614277042,0.19612948859210608,-1.6174390527388123,-0.25836369144701016,0.21233344577237995,-1.8270581703547526,-0.32217805761878204,-0.010872757811020171,-0.9890465782135962,-0.1472026808912087,-0.061234938656327155,-1.4508258570270316,-0.27280398793906013,-0.06930417780446478,-1.7182508646333041,-0.3586819644110333,-0.07944078763060079,-1.9290180380974202,-0.4238522438185564,-0.12188013228102856,-0.8470222262079069,-0.2278556980270595,-0.10577406712002095,-1.1179033659388382,-0.342701445764735,0.002820812919619385,-0.8960811379700457,-0.35156812417870903,0.07654764338563447,-0.7005603201999566,-0.3479110686845055,-0.20316531432352047,-0.6252395901224623,-0.3239074017158073,-0.11611353096385933,-0.7479787792570095,-0.4091476388744869,-0.00701864024358763,-0.5852415636636311,-0.4084334622094826,0.06765774280931244,-0.4320894995211874,-0.39947800117247967,peace
0.0,0.0,0.0,0.15303250892351622,-0.18398471486825754,-0.04897586366563878,0.2422921000868697,-0.47774567833707854,-0.1309775066831144,0.23092317218577968,-0.7155460265833518,-0.23271098785573427,0.13943779656310293,-0.882653477461674,-0.3290373136461719,0.13800475127051276,-1.010962570113606,-0.05847003782494745,0.19269217934648927,-1.3853018665209946,-0.1585749982577257,0.22931672884955703,-1.6153520428888637,-0.2363319550310546,0.25181588935993554,-1.8272396477280082,-0.30060735040285846,0.005714710334730251,-0.9915446098521081,-0.12964030530286588,-0.04424751185953723,-1.4534933769975513,-0.2504362698282644,-0.05293772388758386,-1.7211959339671739,-0.33762813299838934,-0.0657272491108773,-1.9341552653795253,-0.4042175132512697,-0.1091988374829759,-0.8535477204576292,-0.2122518067379307,-0.08881681467284344,-1.1250554254275704,-0.32560254736121913,0.021725202491948304,-0.901792341123975,-0.3395201699008092,0.09628068323235303,-0.7048257034550434,-0.3391916635945947,-0.1970021253038064,-0.6376586391027689,-0.31027502838624954,-0.11190572507847377,-0.7576741076954663,-0.3953845044401243,-0.0003496350980549283,-0.5963495034108331,-0.3986540348374656,0.07742441033637502,-0.44531107198909087,-0.39285513691354107,peace
0.0,0.0,0.0,0.14998768721030686,-0.17834693677127086,-0.054190340050423724,0.23990216706372403,-0.475014473840421,-0.13688023692635085,0.22262852646223197,-0.715408570176823,-0.23768996652604202,0.12663803207827423,-0.8801698308633167,-0.33359002483031414,0.12960401298587537,-1.009640541336491,-0.06649529410345713,0.17745832502128064,-1.3955616358009235,-0.16781464377804103,0.21004111419434443,-1.6353030873352215,-0.2461614218347213,0.22916679970617185,-1.8491345079753871,-0.3108646877164365,-0.00278000240197767,-0.9910119451946072,-0.13374444313034223,-0.05535730846400667,-1.462974759012409,-0.25652827224587055,-0.06677251863633482,-1.7395068440360202,-0.3451559797191225,-0.07964051119305308,-1.953488767513106,-0.4125396742508881,-0.11790381494163521,-0.8558511524655675,-0.21214147838435118,-0.10050998707465937,-1.1303618768873078,-0.3275149240669978,0.008804845967965245,-0.9010391992428965,-0.3411083402976737,0.08549292150874013,-0.6954131932716467,-0.3399256567545429,-0.20896351388199236,-0.6427737510383748,-0.3064986541683806,-0.12782184439268193,-0.7617907494630912,-0.3945744193627323,-0.015300118401356394,-0.5941892852398515,-0.39876154266339875,0.06586369650538669,-0.43628149373862,-0.3926052509946647,peace
0.0,0.0,0.0,0.1421707053624195,-0.1730114012154632,-0.05563127550291767,0.22482513360097803,-0.46422822980090617,-0.14337906594417135,0.2070357627172414,-0.693875628032902,-0.250916149315822,0.12095928032158203,-0.8661023089714465,-0.3544993001797989,0.11438011418168384,-1.0211780959788386,-0.06375779955376075,0.15505557451541072,-1.4042492072412882,-0.16867020662292875,0.1832785544951963,-1.642917321747506,-0.2509589770102285,0.20230940834229139,-1.861039933558994,-0.3190229584636127,-0.02282584829741857,-0.9905799500295694,-0.13501971429727738,-0.07748775859711515,-1.4472562379735583,-0.26367077670063005,-0.09004883155503393,-1.7208998900747898,-0.35737274370895733,-0.09904279600163395,-1.9376938277810396,-0.42751155232634397,-0.13786267030680707,-0.8431353695535313,-0.21837381429410618,-0.14420552863604214,-1.1432451001256678,-0.34711317011371756,-0.036952993060512564,-0.9172054335506397,-0.36935555609665294,0.04611757471883646,-0.7105975019136681,-0.3712976644713957,-0.22535600875801526,-0.615055628420199,-0.3166636454290166,-0.15330154635097876,-0.7490882296582446,-0.41614291731447617,-0.042682243728767603,-0.5816106916885506,-0.42538270133267136,0.04061442653441089,-0.42390628991516516,-0.4215776006363571,peace
0.0,0.0,0.0,0.13331019779702644,-0.1841382160941875,-0.06806259594539828,0.21225864682806433,-0.4723349024526496,-0.15552454259359308,0.18500972945691804,-0.7059119336569277,-0.2594302328863671,0.0925512278127999,-0.8662046957211343,-0.35798531587960797,0.0981300020220858,-1.0269507648650296,-0.06675985427947943,0.14022899653711865,-1.4181205185112447,-0.1664375585906065,0.16804196681694583,-1.6588326782317397,-0.24122312587495423,0.185579413509446,-1.872865416928822,-0.30329712501218536,-0.036880050397574096,-0.9908802852478681,-0.1295997769665341,-0.09425521194092132,-1.4492645919338027,-0.2509025459598705,-0.11548772137346731,-1.7205792967435625,-0.3355377698465614,-0.13333572564913307,-1.9451791584268514,-0.39828166393369896,-0.15000194053609534,-0.8370370599364986,-0.206407429348614,-0.17942748270892664,-1.1282131845044423,-0.33203580841427116,-0.09023457523411804,-0.8991615282004592,-0.3496377317038204,-0.01928892013373189,-0.6956170764757259,-0.3450206160850166,-0.23659616897788144,-0.6024719506918557,-0.29907306323390676,-0.19878125484929718,-0.7424253965900581,-0.39440274434704675,-0.09418031772775541,-0.5885665917807116,-0.4011857386680273,-0.009639955151788226,-0.44392690797298273,-0.3934125311646399,peace
0.0,0.0,0.0,0.13039194929721123,-0.19795947157120003,-0.07869001708077596,0.18593905587667162,-0.499261140258427,-0.17289839304631788,0.13317150700317837,-0.7274440682290327,-0.2831399857849598,0.042424098482217905,-0.8824959713085482,-0.38964397585717864,0.07695666779721343,-1.0320731688035534,-0.0751664222824272,0.11107052225101587,-1.406203847178135,-0.1807012458290906,0.13439308041003714,-1.6450570723250002,-0.2608470169346642,0.14796340794616533,-1.8643134416852503,-0.3268862562885291,-0.058463720574862495,-0.9888597243675856,-0.13688834464703897,-0.13140942991967472,-1.4301316641620745,-0.26329968398359543,-0.16679952235672402,-1.6882370862575908,-0.3535239621603748,-0.19708246925820225,-1.90219388726362,-0.4205594699997175,-0.16885159370180408,-0.8295641654735809,-0.21448884577060662,-0.21551697890772112,-1.1548048823899766,-0.3518636682367586,-0.1160832551313807,-0.9303073822483382,-0.38020459683478497,-0.038088048126899664,-0.7230254506724607,-0.38194886186530846,-0.2491687729132747,-0.586035495779634,-0.3075691287033979,-0.22615200295443333,-0.7406467479721184,-0.41419525856748207,-0.11762263768057843,-0.589860612221137,-0.4287302009038042,-0.03190577409296318,-0.44395076726980887,-0.4267324431586987,peace
0.0,0.0,0.0,0.12567881252621366,-0.20940449861434896,-0.08695339434221314,0.17159073162171903,-0.5196717352945022,-0.18452242778047648,0.1116470591839696,-0.7540984972901944,-0.29752317522642113,0.022797206197209846,-0.9186128459201647,-0.40782680365770657,0.06517543498235238,-1.0320970812829342,-0.08398870365323718,0.10491103506590348,-1.3953266516723901,-0.19525429277518003,0.12549703388055405,-1.6355569998951742,-0.28167305113907704,0.13450788790716034,-1.8601124023802116,-0.3527719813337122,-0.07159395239933303,-0.9868276198579458,-0.1450707919098235,-0.14159162860599556,-1.4159499583900308,-0.27963948910202024,-0.18264027644002773,-1.6630421908026856,-0.3799580598078534,-0.2203915462030546,-1.874661662214397,-0.45417161561366104,-0.18448957119520462,-0.8289985704477765,-0.2226890401085206,-0.23114444558389866,-1.1553896595591964,-0.37067678840551355,-0.12271270439660824,-0.932420751844468,-0.41201463740866445,-0.03767024842381879,-0.722208290430792,-0.42214317042229765,-0.26616453447652,-0.5873164167749907,-0.31563841272088844,-0.24158892719594033,-0.7337425783041929,-0.43160332066809254,-0.12773715272389943,-0.590565753346786,-0.4558780842901057,-0.03998602180826212,-0.45262467275193463,-0.46108595592699353,peace
0.0,0.0,0.0,0.12854707747795993,-0.21626358929670256,-0.08245401940017975,0.169333132701056,-0.5286306673977107,-0.17658424950830656,0.10035645244880109,-0.7697749083339934,-0.28610916964583666,0.0032785091157689025,-0.9404502609105031,-0.3912581681908116,0.053827527737628965,-1.0331632823564587,-0.06413768715323531,0.08463710589903385,-1.4035316369063406,-0.16572412943986078,0.10325713447174645,-1.6444434344539895,-0.24420206110607973,0.11037846317503024,-1.8682498372925735,-0.30999803582538416,-0.08559783211317135,-0.9886477300929845,-0.12348545225861329,-0.15610509153856608,-1.4208704129634213,-0.2453535767853926,-0.19457481343362065,-1.6727138712996419,-0.3371503398188147,-0.23137846365937295,-1.891326110888543,-0.40604740010990426,-0.1973502352445692,-0.827562415312836,-0.19975804956273158,-0.2582880919800038,-1.160291227289652,-0.33784519718270967,-0.1581960588078548,-0.9485659970966369,-0.37400478907199874,-0.07809373071305066,-0.7462720337573433,-0.38094935506631744,-0.27646386888184976,-0.5824016617653235,-0.29093635628736364,-0.25547429910343344,-0.7324344042656735,-0.3979621902381987,-0.14479065805315686,-0.585989100593866,-0.4162077172104416,-0.05890819790210596,-0.4450770751228043,-0.41731199384452233,peace
0.0,0.0,0.0,0.12489960630338309,-0.22454426266478456,-0.07874028048191825,0.15782778557879518,-0.5425554144840135,-0.1711770249717903,0.07435055642919831,-0.7755354875417557,-0.2795673061018911,-0.0236543565917676,-0.9301204051805335,-0.38333207705919703,0.04696083514542571,-1.0324832858629946,-0.061624056632098044,0.0764194309124482,-1.4120788066750778,-0.16303729692675412,0.0944339951628867,-1.6589301262681495,-0.23779580637905648,0.10197644327898267,-1.8872987270402162,-0.29986132368923263,-0.09196594265434084,-0.9883772781295083,-0.12104793046146164,-0.1641347308784872,-1.4282734870050748,-0.24095978371377866,-0.20819450112352234,-1.68349581700729,-0.3259455320178374,-0.24941100332873087,-1.9085044795560802,-0.3894185083514676,-0.20218691824905763,-0.8294186990831552,-0.19718370324163523,-0.27210863203446367,-1.1621943753395967,-0.3349788438240553,-0.18121231098795956,-0.928685524288929,-0.36264139160218256,-0.10601707664473942,-0.7188598016978424,-0.36189112928957845,-0.28236846072183003,-0.5892706340657876,-0.2883470921901828,-0.26988957008872655,-0.7471416196337927,-0.39392746503774945,-0.16616555224624188,-0.584489441510003,-0.4061655072935103,-0.08431541019024147,-0.43610254107312446,-0.40156108031857435,peace
0.0,0.0,0.0,0.12565510717412645,-0.22027068628614005,-0.10066991754817825,0.16527882401976518,-0.5360170653679344,-0.20240181998392917,0.08264992146424172,-0.7538156621369867,-0.3161146769313563,-0.017397425516998608,-0.907401742007556,-0.4254552477809318,0.04524382410642464,-1.0423742074096332,-0.08818536078384005,0.0761428661027559,-1.425077940248193,-0.19895660899433068,0.09638889376257957,-1.6776993024912794,-0.2813301484246644,0.10462207507837822,-1.9092617120871551,-0.3478284508765952,-0.09652123811668335,-0.9857878158348341,-0.13749913724823612,-0.1701687526689875,-1.4276558720170875,-0.26611721476761585,-0.21652981900641732,-1.6888818604015845,-0.35922209097000746,-0.25915641512329995,-1.9193195091449566,-0.4285817896831135,-0.2074827988376347,-0.8184816225286901,-0.20459079809317124,-0.2773871199068799,-1.1327770322793937,-0.34781393287541507,-0.18482283674413402,-0.8900565729869362,-0.37777455952222805,-0.10549381977870065,-0.6741046493522375,-0.37832989902945274,-0.2905030020258198,-0.5763301691880586,-0.2891994450756948,-0.2860261406261929,-0.7306232487155179,-0.39954927662818607,-0.18029803894003843,-0.5710581616408296,-0.4145337646557946,-0.09089697692136807,-0.42769491464691156,-0.41122511426384756,peace
0.0,0.0,0.0,0.12555289060282596,-0.21035098429494606,-0.11854919967578288,0.16440177059025535,-0.535071702754538,-0.22746767454361147,0.08102223905640692,-0.7605079524450499,-0.3447545663261845,-0.024569794227464265,-0.9297171997709007,-0.4571971231247852,0.0481472981741684,-1.0421361247696548,-0.11282351712538273,0.08014361037352538,-1.4173445890685092,-0.2347359248732781,0.09821408724661164,-1.6700468659842194,-0.32326019735887324,0.10203434349933789,-1.8982881040143207,-0.3925108358952771,-0.09786508890147078,-0.9831175444985354,-0.15460368065954058,-0.17565672190824683,-1.4260085465804713,-0.2979457970089036,-0.22241072514266477,-1.6908789108310864,-0.39679158516127916,-0.26721702650667295,-1.9237674363376152,-0.46794918320036405,-0.21220530375904167,-0.8112948981308145,-0.21498270439778613,-0.2815999613524697,-1.092685362351079,-0.3679606258064401,-0.18205317142799807,-0.8392033178113611,-0.394157906927845,-0.10092544786708502,-0.6215173172193614,-0.3897524161024446,-0.29888731799326573,-0.5666663561274347,-0.29494470152750696,-0.28699995027384073,-0.7019861305963135,-0.41176919912259524,-0.18087313508340405,-0.5382674743864018,-0.4256391031301973,-0.09570968885939792,-0.4000054181802083,-0.41922425515035777,peace
0.0,0.0,0.0,0.12541227165892296,-0.19252566262817097,-0.11449752955875624,0.1653634078748953,-0.5205071834958986,-0.2205673096172878,0.07275173508962765,-0.7509073706343589,-0.3349849049558017,-0.041380849041390125,-0.9222536460083983,-0.4446045880037392,0.038832086396011295,-1.028419570978902,-0.10980607222971685,0.06500141924668369,-1.419171436099602,-0.22714504231114183,0.08055027631273756,-1.6817950171932963,-0.3114297468353082,0.08336936944431812,-1.9212855701001694,-0.3783606351281418,-0.10842170461886616,-0.9824633883246253,-0.15169180785143113,-0.18870196615983859,-1.432844081198503,-0.2885758102102997,-0.23714092714227844,-1.7071913627106505,-0.38092415742342445,-0.28555289454040245,-1.941790709710979,-0.4482061793660359,-0.22315146260641017,-0.8186614251237525,-0.21134077226600811,-0.29304756061843906,-1.0903714255554042,-0.35681063858993467,-0.19361377243336095,-0.837928687893586,-0.3775772686827254,-0.11467229796011173,-0.6216295703442756,-0.3706609519879421,-0.30975793109615524,-0.5787656527377091,-0.29059008804693837,-0.29432715122932984,-0.7066238430643406,-0.40221017722846314,-0.1845737631175603,-0.5396146947608935,-0.41288262750218063,-0.09936196315078807,-0.40235389708821007,-0.4044473691893808,peace
0.0,0.0,0.0,0.1234523394939509,-0.18638972317367075,-0.10632640712851193,0.16420863659782015,-0.5081698346786215,-0.20961029450226945,0.0709592378759012,-0.7362751884038706,-0.3218300685125502,-0.050750590433847505,-0.9047680114477279,-0.4287981191119211,0.03615230734537186,-1.0273993108182768,-0.10568106377830269,0.061013744955716834,-1.4164697566627849,-0.22063345039046323,0.07429281069666875,-1.6813139405269826,-0.30278316530882915,0.0766145016660771,-1.921140341894284,-0.36816980560597334,-0.10965888071872687,-0.9826386264831465,-0.14965373240527938,-0.19616487359759854,-1.4367335531572865,-0.28497642737814566,-0.24485108431367966,-1.713103009351831,-0.37216696456337006,-0.2911094363976655,-1.93878635590478,-0.4354939866247377,-0.2203894582111627,-0.8142466168250396,-0.21018612786439014,-0.29504796602260563,-1.0687351701557044,-0.3503419756486428,-0.18923651573122494,-0.8253327237120746,-0.3631300159496671,-0.10410993757057925,-0.6148007188103235,-0.3516310178211448,-0.30140135103565197,-0.567176720148806,-0.2902191441303515,-0.28478695321151065,-0.6784315578430117,-0.3973371144839488,-0.17487175560685872,-0.5093151910050446,-0.40286766186633566,-0.08894042962263207,-0.37340956825311644,-0.3906570420880954,peace
0.0,0.0,0.0,0.12494251630267961,-0.1797160401626834,-0.11138893678159514,0.17750998330189818,-0.4868449953265538,-0.21928840852807027,0.09790377088468857,-0.7101896000793031,-0.3354466694845776,-0.01987868525974634,-0.8825546540993415,-0.44680926738215365,0.05114831766382213,-1.0193646491064776,-0.11705544317382881,0.07865837196944789,-1.4084060742505897,-0.2352386554962468,0.0932493997690782,-1.6648795082050982,-0.31906378005761205,0.09604464869661189,-1.897229716355689,-0.38519385603310224,-0.09528430219132722,-0.9825850972229312,-0.15952243877058292,-0.17775440437454212,-1.4425995079351188,-0.29711344714415217,-0.22176325413166087,-1.7122495953687122,-0.38545584766820257,-0.2634690545388502,-1.9341878463336712,-0.4506037254718921,-0.2080982061649313,-0.8220499932750108,-0.21865689416173179,-0.27263357639967384,-1.0772145508933195,-0.3588712136234247,-0.16859562745346,-0.8282415461243455,-0.37297582408999597,-0.08596757673215394,-0.6116968609566872,-0.3642129630486405,-0.2928621807164104,-0.5821595144087299,-0.297932660629387,-0.26862614518665645,-0.6797658913997805,-0.40518744008768126,-0.16155874775642848,-0.5016593296800373,-0.4123292955018096,-0.0776563649469796,-0.358588544108239,-0.4023323915601095,peace
0.0,0.0,0.0,0.12478273601073084,-0.18279656599366131,-0.1025457093869524,0.1779566579115839,-0.4898023986867501,-0.20392723652971306,0.09992031603804617,-0.7207576464378629,-0.3150722360564153,-0.010782390921762757,-0.8928079951227592,-0.42126524238571306,0.06199702253871947,-1.017643512757487,-0.09890485798939518,0.09711515472819482,-1.4046914648716742,-0.20771139837834618,0.1155030288238884,-1.6544476635947922,-0.285020476208589,0.1194053805590153,-1.8797974422088681,-0.3476223640246098,-0.08340929885658635,-0.985810126633838,-0.14567519723833713,-0.16014179811319293,-1.4463104579144719,-0.27263292860732763,-0.2054977453021263,-1.7120961931714083,-0.35567994152535015,-0.24960915336545889,-1.928355891683132,-0.41854088397869077,-0.19775621294220264,-0.8313066345013467,-0.20948089094750255,-0.2551469770878327,-1.0936115126584673,-0.3433659734796682,-0.15926271106523948,-0.8472166540245049,-0.35851312411403363,-0.08517801411015943,-0.6288772761080579,-0.35147553632990586,-0.28481533076392956,-0.599997082515586,-0.29260233657235446,-0.250436444653082,-0.693969910559947,-0.397081627465326,-0.14315309206742513,-0.515839058122039,-0.4051390153768997,-0.061555734794409546,-0.37042249891173346,-0.396397248491529,peace
0.0,0.0,0.0,0.12997275072460798,-0.19924739386373191,-0.09384155042363625,0.18445805571847412,-0.5107671721308544,-0.19090790244959055,0.10280156283441459,-0.7368442422974789,-0.29920979392524266,-0.01257487463017109,-0.8886112715686075,-0.40115933896736555,0.06957568681658427,-1.0246130363890773,-0.08263041304529763,0.10694071771327271,-1.4051889154272872,-0.1833183494726569,0.12742475961990674,-1.6473246228222929,-0.2529854217529525,0.13335679162622802,-1.8679087417180908,-0.310407898601476,-0.07464920424818308,-0.9883890126911238,-0.13234287248121127,-0.14622770036668356,-1.441949354185468,-0.2498309794906742,-0.18785602947880148,-1.7036256219566177,-0.32492253243418934,-0.2296023965174948,-1.9212596928446273,-0.38142720178399775,-0.18779200094833787,-0.8257895771475825,-0.1992649172041053,-0.23861319892567187,-1.1021520564272107,-0.32686853402707916,-0.14888097065655995,-0.8619284382035503,-0.3385694935771873,-0.08311889512690578,-0.6543196070767814,-0.3280224369475673,-0.27248969248043614,-0.5856266999259265,-0.284297016913798,-0.23898187176000277,-0.7110812907050453,-0.38269383953455915,-0.13356969823119186,-0.5439319157742446,-0.3868101382631785,-0.055255760770579386,-0.40447981156156476,-0.3751029363227227,peace
0.0,0.0,0.0,0.12609901370627907,-0.2132346214023132,-0.08389516673684207,0.17639303717556798,-0.5202266199298784,-0.17667536430399544,0.09859409358258815,-0.7461352875996621,-0.28216086115137934,-0.01007591864309105,-0.8941508525428995,-0.38095453644306676,0.0705423698157785,-1.0282454514705475,-0.07444355373885751,0.10955682595868017,-1.4178847786501787,-0.17166141069959182,0.13113344813771277,-1.6628054070726905,-0.23970149343765676,0.13756130809479356,-1.8832580310408646,-0.2961782146793415,-0.07055217468252684,-0.9893107307729376,-0.1276191546167031,-0.14356642433430616,-1.4494011857852191,-0.24258643367241225,-0.18558481614022615,-1.716526920242132,-0.31628522103553625,-0.2267800853310309,-1.9330642826474165,-0.3715865534887879,-0.18445126009938673,-0.8247921975490942,-0.19688193867685938,-0.2381378484955348,-1.1077864200664562,-0.32017120980410535,-0.15283899215969177,-0.882353572045812,-0.3303542932097965,-0.09010632025684752,-0.68006312670153,-0.31914913347755447,-0.2708299482888454,-0.5841606716212341,-0.2833065719857086,-0.23859446357096042,-0.7181048752374375,-0.37755561050761466,-0.13424394082365673,-0.5622444445121023,-0.37989390916316457,-0.05703588225818441,-0.42528196257656276,-0.36729712686631005,peace
0.0,0.0,0.0,0.13399688109645858,-0.21102542231066732,-0.08442601139124302,0.18129618621567778,-0.5219583788724641,-0.1787169444193802,0.1009155816834263,-0.7405889107199638,-0.28782712638700686,-0.0008595517985003868,-0.8848585720872473,-0.3905390950304376,0.08395852888888047,-1.0224812079019387,-0.06519963150245293,0.12186454168992579,-1.3849577373305755,-0.16614503537531838,0.1436643570655428,-1.616145913206487,-0.23776389500763415,0.1504945819276748,-1.8286050567593706,-0.2964557687433624,-0.05715047264856331,-0.9910037433756954,-0.12101811472421926,-0.12247911671355516,-1.4342707581025764,-0.24099174706072166,-0.15924105680007442,-1.69138126709037,-0.3210101781259043,-0.19737908377370325,-1.9124601309553129,-0.3796049759176051,-0.17009018062196019,-0.8351049869210545,-0.19458239022194845,-0.22863298443138566,-1.131592025693412,-0.3274259689028856,-0.13735517959028443,-0.8866316591798492,-0.3454635325377675,-0.06764673474616277,-0.6816007020509356,-0.33752463599203947,-0.25456401397265055,-0.5985343775916335,-0.28480261490207653,-0.23102934297699973,-0.7432659342176319,-0.38594873400592716,-0.12758203380002334,-0.5777774774076302,-0.3931698879813411,-0.04730266883247096,-0.4409764080442303,-0.3838280768842759,peace
0.0,0.0,0.0,0.13366013595860435,-0.21087922651908067,-0.0803613115263106,0.1852410439313147,-0.5120443823276605,-0.17308616952190156,0.11380718628356441,-0.7319369123146594,-0.2822299974827953,0.013728938867608162,-0.8679064216482097,-0.3844808856208308,0.09077552442209756,-1.0230831502129059,-0.05758114675720623,0.1300760868650461,-1.3841668728553322,-0.15889729001302985,0.1533888587627626,-1.6094662215945255,-0.23099648850034488,0.1611532459301108,-1.8184721983050969,-0.290215998740205,-0.04779801279084463,-0.9920041630601091,-0.11680355493159603,-0.10405957321164529,-1.4310880682939735,-0.23949088511077934,-0.13721310756071786,-1.680318498058797,-0.32201749602164126,-0.1753130318382021,-1.9058063060241837,-0.38121995103391026,-0.16074691188421703,-0.8395665746771818,-0.19392222530915565,-0.21215016296733188,-1.131857610970169,-0.3311989627871829,-0.11680940490895314,-0.8711654035050528,-0.35259596106289587,-0.04595854105792946,-0.6639298882155122,-0.3448703792124047,-0.24511133263005602,-0.6043820908116817,-0.28723823078823235,-0.21839349804672753,-0.7473176115430612,-0.3907439141907942,-0.11364465266520699,-0.5824355652089734,-0.40056049602714966,-0.03373686052538692,-0.4485811533813915,-0.3922592327308601,peace
0.0,0.0,0.0,0.13895086371079698,-0.21447767973557735,-0.06844378386061442,0.1943702557599708,-0.5167040653989047,-0.15805021583453527,0.12302984868426366,-0.730510380178321,-0.26673557071284626,0.02075371070772396,-0.8529373936367091,-0.3691967476688729,0.09595006888443293,-1.0165743729086973,-0.04988694843684585,0.14305489766006102,-1.3662371771988933,-0.15018046449838401,0.16866168010601132,-1.5877029737258888,-0.220834561999175,0.17891771589091435,-1.7976008298727129,-0.27903556883445085,-0.04293426787091591,-0.9922572033033109,-0.11654300122735811,-0.09218258818491774,-1.4269946608054656,-0.2367262537897826,-0.12138879239842583,-1.6733576479460173,-0.31554232271391797,-0.15358026312193,-1.8921711610489262,-0.37291951424322745,-0.15717358948781085,-0.847376645763759,-0.20055435515531156,-0.19913424755654308,-1.156585749434162,-0.33711377509522267,-0.1051940938365861,-0.8974548985546961,-0.35758600886121006,-0.03522236566891237,-0.6885862074424854,-0.35053319373484665,-0.24084717108567988,-0.6200092813328906,-0.29980053426598624,-0.20098498566007703,-0.7588614866136839,-0.4029746337560372,-0.09604672453960018,-0.5857661854820051,-0.4114758469366556,-0.017434677417317756,-0.445377242361221,-0.4033546385120277,peace
0.0,0.0,0.0,0.13904048085371265,-0.22148039124346625,-0.06575153665790509,0.19314739194014421,-0.5279378808945951,-0.15257516077047314,0.12433537060321564,-0.7435108138006216,-0.25858780133242676,0.020316700003317444,-0.8472347873942124,-0.3589350383954157,0.08667832023887326,-1.014961903958816,-0.04992476409009175,0.13352306797293842,-1.3651217880669722,-0.15229860069765808,0.16006679682879255,-1.589239942820408,-0.22542424946440667,0.173113492917191,-1.8020077567605892,-0.28603353283717237,-0.04926405694945172,-0.9917019288701825,-0.11874475553909852,-0.09443993643801415,-1.4243604825265361,-0.24152797638619758,-0.11842385680238603,-1.6749763140960028,-0.32504727088743124,-0.14485358207628943,-1.9047008766212616,-0.3865971063416417,-0.1629541966407414,-0.8488203834581166,-0.20447473945985453,-0.20246819863045287,-1.1729429309056603,-0.34621383830473274,-0.10538977771119955,-0.9152259829410969,-0.3739594713271356,-0.031009424897605865,-0.706426935595335,-0.3719276616386203,-0.2447505500512779,-0.6203494547879753,-0.30455098144701304,-0.20040279618686102,-0.764640859517065,-0.412835098318628,-0.08993665976885266,-0.5955208264602652,-0.4264601485470802,-0.0069205130921489895,-0.4528615204419465,-0.42250102494338737,peace
0.0,0.0,0.0,0.12872610201865994,-0.22801530350375876,-0.06919883184511137,0.17073561379736713,-0.5419027992244843,-0.15820682697467248,0.09022655152186601,-0.7581720887852581,-0.26602939103250245,-0.013100478365368802,-0.8816159215836491,-0.3691381727202549,0.0736377946675041,-1.017032443461494,-0.05751104898354972,0.12011140530130618,-1.3732958806928124,-0.16217282520746706,0.14570884184831281,-1.605571710978396,-0.23921454614499943,0.15792894201030339,-1.8221479682887236,-0.30304243931334296,-0.06287347154110612,-0.9901533550150546,-0.1250729392346742,-0.11885332988849845,-1.4285994063335228,-0.24926702980774973,-0.15008867133354228,-1.6876281103801185,-0.33769521143164727,-0.1799756081760578,-1.9178117878605996,-0.4040476823625926,-0.1776348133875104,-0.843561578476862,-0.20936344745584812,-0.21450607135220112,-1.1682251382249556,-0.3486691191088282,-0.11956355971249719,-0.9279146496038093,-0.37896492809338894,-0.04769258127160477,-0.7165788108828738,-0.3809003067309025,-0.26361248434383616,-0.6121444436017361,-0.3083350528354746,-0.2231342132948593,-0.7565308244512768,-0.4171593808631627,-0.11251106561694758,-0.6058579486097926,-0.43367186920356204,-0.029681755129596445,-0.47055466961549686,-0.4325830426656241,peace
0.0,0.0,0.0,0.13693802972791574,-0.2356247719180167,-0.06086372459361793,0.18400042653245907,-0.5575821465358204,-0.14456104138476636,0.10283825489593794,-0.7733327056641421,-0.24740317665817463,-0.001984493804321235,-0.8791835088004306,-0.34486637197768405,0.07672606517041848,-1.0209263299727973,-0.05585498615799695,0.12291650677436979,-1.3926938998308984,-0.1550005707042451,0.14463424269321148,-1.6293583181986517,-0.22411381418594545,0.151430109848072,-1.8479439105777489,-0.28227561323434486,-0.06239833622766081,-0.9901526771757047,-0.12531601461027989,-0.12128547115073021,-1.440481681628814,-0.2445163968546831,-0.15265316553164213,-1.7009098263348237,-0.3229135293909947,-0.18522642933815825,-1.929678413331738,-0.38189580724013117,-0.17709846298095155,-0.8393205384076238,-0.21017014437530965,-0.21760891610551847,-1.1655901421247041,-0.3444882070898201,-0.11867029321078487,-0.9317912106030594,-0.3673753365101315,-0.04700581205966485,-0.7279768890471475,-0.363780682530585,-0.26096000201290553,-0.6053129506392401,-0.30904844950380095,-0.2180493143890077,-0.7496113196471403,-0.41282069652114833,-0.10524929550974238,-0.6053683565352669,-0.42489525235881664,-0.023196503565811856,-0.4774807423909612,-0.4201483718642019,peace
0.0,0.0,0.0,0.13935473332779655,-0.2406649895490581,-0.05629860115462796,0.19094367632312614,-0.5643676719220917,-0.13615438226607907,0.1127031462147402,-0.7858704480322797,-0.23507568936911152,0.00047577115216253647,-0.8844316220932542,-0.3282865129985913,0.07604212513347916,-1.0213543174013602,-0.05047012274639561,0.12010050125988443,-1.3987458734656666,-0.14473027768680097,0.14051316384151524,-1.6386275774908978,-0.21006003311387983,0.1466489004448277,-1.8622553896022795,-0.26587498032151274,-0.062491306065395893,-0.9907871224342377,-0.12014863580050833,-0.11814208250904885,-1.442638042224248,-0.23323442017022755,-0.1474797323426809,-1.7090182422358215,-0.30713224482338136,-0.17934225859011446,-1.940721969928557,-0.3635791412377294,-0.17845035419458977,-0.8391094756417103,-0.20455811580634728,-0.2191364217666843,-1.1740574902957273,-0.33404464531680383,-0.12045218047466379,-0.9463105636517966,-0.35530402274450806,-0.049237651834976436,-0.7400050022809801,-0.3507731299705281,-0.2641993175150257,-0.6031148926343834,-0.302556905412044,-0.22310633905659943,-0.7517889202125702,-0.4023902267724604,-0.11054070843225383,-0.6153464022938746,-0.413269559567608,-0.029413580573186524,-0.48793011261325303,-0.40785588228450054,peace
0.0,0.0,0.0,0.13406381537332152,-0.24082432887551403,-0.051946801817774724,0.18222763401783396,-0.5588274179300388,-0.13264093318668224,0.10875561141643235,-0.7829753544460264,-0.23403204898127106,0.00308788339857364,-0.8946053393336125,-0.32949415430238344,0.07459674556874779,-1.028261925620256,-0.04326961674300851,0.12207909162490783,-1.409377355491296,-0.13826274172314607,0.15218147827772793,-1.6478613474968546,-0.2070766169814661,0.16919462783518618,-1.8674342657495209,-0.26523847777227344,-0.06301307283652809,-0.991432876766582,-0.11441233988533564,-0.12517922645139193,-1.4465133183210706,-0.2303915162352517,-0.1500899396360954,-1.710532008630262,-0.3093510266966097,-0.1754413900863757,-1.9371300213020985,-0.368018900256185,-0.1774253884163556,-0.8336238045558769,-0.1996999484665069,-0.21078969157190466,-1.1661350973690645,-0.3261276556319196,-0.11035887306367594,-0.9479074277861217,-0.3461459652712955,-0.04057055116689065,-0.7427533930527412,-0.34126146756192693,-0.2625411890458768,-0.5891399636923891,-0.2985572831036618,-0.2254733944175494,-0.7518965185174865,-0.3945208854428698,-0.1168864757392601,-0.61738840563458,-0.40304740805934935,-0.04091442885283852,-0.48165682536963467,-0.3962380225418393,peace
0.0,0.0,0.0,0.13027339175797428,-0.24047944093677148,-0.059134845743144655,0.17094864142150412,-0.5583078025560513,-0.14149265337301495,0.08613627867854799,-0.7750966749588903,-0.24262618669413388,-0.015878286142768747,-0.8742167992394397,-0.33784024939877494,0.0732578495246297,-1.0248039299270455,-0.05595858473206482,0.11624005269600526,-1.4057824765645346,-0.15241441577387674,0.14154000023591715,-1.6409087152746882,-0.22028351288754602,0.15242783138580365,-1.8526570253699468,-0.2775713411352685,-0.0687761111674105,-0.989826476438248,-0.12455269196019017,-0.12633136862940997,-1.4373829942894658,-0.23823091530263818,-0.1562642257471554,-1.6931376288800242,-0.31381729526670793,-0.18725963395136877,-1.921620826648345,-0.3716427553616207,-0.18588476142455881,-0.835454120299639,-0.2081510271873146,-0.23181883746138754,-1.1561394481332277,-0.3334697928056071,-0.1431206099997718,-0.9460333203495452,-0.35342035986324266,-0.07547732755088407,-0.7484389465821393,-0.3499110962015561,-0.2717516071270398,-0.5969295015934815,-0.30574200255316203,-0.2386884229150115,-0.7386733281942721,-0.40005790225779736,-0.13216398745174038,-0.605496578492067,-0.4085123173179858,-0.05258401735038872,-0.47620102248765955,-0.40282638447464697,peace
0.0,0.0,0.0,0.1315492895388143,-0.2217265139258995,-0.07857936481614097,0.1754654837525001,-0.5349438757713102,-0.16900596301448756,0.08788530090443696,-0.744806166097065,-0.276062571225052,-0.007481887625351194,-0.8653224120646938,-0.3783646210828605,0.0789762549904804,-1.0283179774945488,-0.0637983673211715,0.12238719313573673,-1.4142037088908457,-0.164072310184717,0.14849818039616425,-1.6579078056561605,-0.23881989717272106,0.16044847918355185,-1.8803410866409918,-0.30167202530091536,-0.06353415517165184,-0.990190577253833,-0.12444280551460177,-0.11505327034146208,-1.433039388975305,-0.24159006601320024,-0.14619030924078782,-1.696553452453687,-0.3278467504453933,-0.1785694711795783,-1.9262483108300184,-0.3934833316706003,-0.1828282390941583,-0.8376602760005407,-0.20203029280612467,-0.23251009787467106,-1.1599507018774393,-0.3357555287539787,-0.14179741189332642,-0.9396113186377338,-0.3687869874721667,-0.06855640471638985,-0.7354177394777153,-0.3732640061529273,-0.27451758801296144,-0.6054674417608117,-0.29480084905008175,-0.24674957418781296,-0.7592080763218384,-0.3994706530462936,-0.1366940510064996,-0.6123851408582469,-0.41679679613533854,-0.04992772753622008,-0.4751589022830149,-0.4166195763019723,peace
0.0,0.0,0.0,0.12745408282912207,-0.2331975877748431,-0.08135745113669175,0.16597967137314262,-0.5391110851691545,-0.17321882281228032,0.07887599038012388,-0.7500344750115499,-0.2802301745606185,-0.016624197466547988,-0.8705406333700721,-0.3814931491385275,0.07582318679340319,-1.0275220982090707,-0.06802058550467568,0.12106293029946263,-1.4075861838712622,-0.16831478624367818,0.14661529683087882,-1.6512533875903264,-0.24454157043873487,0.15812188235723817,-1.87432272723416,-0.30817349059409754,-0.06443893338004557,-0.9901418038663355,-0.12436563874784863,-0.11889477776910697,-1.427023397381573,-0.24097798618256533,-0.15301677340230524,-1.6915435053232455,-0.3281085148721395,-0.1879993479542808,-1.9261885341297909,-0.3940073663293404,-0.18217005156703497,-0.8374316908202449,-0.19705236608845142,-0.24527578280970783,-1.1533492365667162,-0.3266251731524822,-0.15773999657106016,-0.9442277292301662,-0.357259043417705,-0.08270729934755124,-0.7516771908835151,-0.3605215184355949,-0.2734429852866393,-0.6005815712032518,-0.2850101021396832,-0.26626108378905117,-0.7742255206586695,-0.38526788339466245,-0.1587374338927632,-0.6354668714923439,-0.4000131052595548,-0.06797795264236171,-0.5003584714654661,-0.39820974418491323,peace
0.0,0.0,0.0,0.13447870131337158,-0.2256714745077233,-0.07855397085716552,0.1712900427144389,-0.5355072114672321,-0.17090366916061903,0.07768286646104054,-0.7342360442666508,-0.2791682306800653,-0.0163366834795218,-0.8293302212588765,-0.38200746541279973,0.08291445138190726,-1.0273682223822258,-0.07602179188186878,0.12469099069852317,-1.4180046473754773,-0.18176568441838087,0.1460451796891384,-1.6685033495105428,-0.2608998287287866,0.15341539212094366,-1.897355786120502,-0.32678784824850127,-0.06623297108915001,-0.9884740688729613,-0.13613298169964339,-0.12069172939695295,-1.434672612293449,-0.25913689768565096,-0.15548381190255578,-1.7029340247041282,-0.3481866586100694,-0.19096749986522712,-1.9397967453884153,-0.4155201010362558,-0.18813117982002706,-0.832972769519824,-0.21211324624278455,-0.25432102551482255,-1.1509181440339558,-0.34779458377778427,-0.15692856419882784,-0.933997823114577,-0.38047406360672126,-0.07412502142680327,-0.7402397594539012,-0.3844070376693618,-0.27795951918582196,-0.5919717648811137,-0.30311953821633353,-0.26291680387853167,-0.7558550727005859,-0.40722225414993163,-0.14957011323821034,-0.6143466225950494,-0.4239564547214331,-0.05564186945555131,-0.4791947318123898,-0.4236458590283615,peace
0.0,0.0,0.0,0.13387919175581647,-0.2286537344895555,-0.09368862070103867,0.16004122163147336,-0.5701472657316736,-0.18941490820687487,0.04558815096094593,-0.7970202181285504,-0.2963887836647155,-0.08023218568347154,-0.9184687208013095,-0.3980641555961316,0.06434627970244895,-1.0270361135682737,-0.09255162661807652,0.10090337124385333,-1.4095435685297566,-0.20087268383399132,0.11657150664479635,-1.6621761529708179,-0.27943390580403255,0.11711414156371454,-1.887001683702789,-0.3447870509684231,-0.09082327073014534,-0.9853342418372507,-0.1444560326081557,-0.14666092144030943,-1.4251893097896948,-0.27295105080701526,-0.18554157928758397,-1.6791704196372903,-0.3610934940351315,-0.22660596447134534,-1.908182958030496,-0.4268618016913674,-0.21591266261217562,-0.8298442561292606,-0.21281384943587953,-0.28162483562162666,-1.1557341470965288,-0.3563055520412302,-0.1786388092643535,-0.9219062712102598,-0.38800941022651586,-0.09773156464149017,-0.7102191341818466,-0.3893971502621868,-0.30793392035654654,-0.5887240516957981,-0.2966728160197895,-0.28292663192059764,-0.7282116818895423,-0.4060979541519844,-0.16475608407856354,-0.5750313781199998,-0.42350034159707434,-0.076572684454788,-0.4419767386359693,-0.42221063813424586,peace
0.0,0.0,0.0,0.1463715871536088,-0.2336075920861648,-0.10826952917113769,0.17060124460619563,-0.598382343404221,-0.20373313288706457,0.04400426444973311,-0.807849679036927,-0.3087533929896503,-0.08810756533961166,-0.8873400807394674,-0.4095161664280632,0.04778478436675213,-1.0323590307762678,-0.10809591739755305,0.08928636718033771,-1.4194799591641687,-0.21442225159656786,0.1104876154546817,-1.67530717623919,-0.2849010822542166,0.11352685208726347,-1.9121452237616272,-0.3435773916758594,-0.11436682414129355,-0.9817670053696713,-0.15183463604626488,-0.16845333593492115,-1.431938485064888,-0.27751313268793476,-0.19860223353978002,-1.6900541690487019,-0.36137169204148556,-0.2329336078871823,-1.9171330048374278,-0.4240340195100875,-0.2436189146374173,-0.8130834121947735,-0.21252814242837356,-0.30802259973375873,-1.12939010717663,-0.3616588430839627,-0.18532166545207784,-0.8799027122875565,-0.3981816842561038,-0.09316632087527582,-0.6570717153051808,-0.3986485064732174,-0.344890230759204,-0.560905047231944,-0.2901234167846741,-0.3549039870043217,-0.6706688125970183,-0.404129284391988,-0.2566108168323793,-0.5103463981983553,-0.42674147910146043,-0.18499997085688175,-0.38284507726849026,-0.42686241878639236,peace
0.0,0.0,0.0,0.14443939664133948,-0.22180312961704562,-0.08825812854832797,0.18335743757760153,-0.5775661797281656,-0.17398583914341495,0.06305496354780706,-0.8043021314706867,-0.27133469634985313,-0.06814652034642282,-0.9029319736342432,-0.3620645489937038,0.068625760274892,-1.030363051245586,-0.06297805968357599,0.11545224790606833,-1.4112581274899094,-0.15806111074605236,0.1378745083622787,-1.6628300319497955,-0.22352681497677201,0.14405224595402688,-1.8888970235427927,-0.27971732312482134,-0.08409458428278609,-0.989858627358573,-0.11449008139619228,-0.1317822099251991,-1.4335606863893255,-0.2279976729419385,-0.16632748167200084,-1.704483860640615,-0.30462418600354796,-0.20642798508838248,-1.949648744091995,-0.3623762838451135,-0.2101667793659325,-0.8358154456690278,-0.18384156850092379,-0.2788448247411153,-1.1610675134583444,-0.32164727497201373,-0.1831108061091346,-0.9086020879573642,-0.34611573812733654,-0.1080018379653126,-0.6905174168461427,-0.33984918814864334,-0.3060489310838977,-0.6037601957601737,-0.2688751522242503,-0.2848895124140598,-0.7556830600185819,-0.37417165790356205,-0.16925433894052336,-0.5787049829448163,-0.384603089585399,-0.08196901424710364,-0.4294321299630695,-0.3763148410306328,peace
0.0,0.0,0.0,0.1436382694060983,-0.23805118277791673,-0.08676591846430835,0.17882712848663385,-0.5806197640252106,-0.17218179091907207,0.055299079149044555,-0.80374140111951,-0.2699671084831614,-0.07448815085815881,-0.909831812126941,-0.3602663305453926,0.07673328764388829,-1.0343361228788046,-0.05759984896838608,0.12116876666184823,-1.417491053388398,-0.15181473079147156,0.14289577801894554,-1.6677980194548778,-0.21949719860550024,0.14915155839725633,-1.8877727814002432,-0.27706200519316865,-0.07606451646124822,-0.9912124951362757,-0.10822180381621252,-0.12885370836556467,-1.434532274424079,-0.22127666077457694,-0.16503951396580455,-1.706147165944489,-0.30272520793117896,-0.20594723798256087,-1.9506958331408801,-0.36309237404195244,-0.2007463979811881,-0.8359912750833115,-0.17651535592639073,-0.273761962960419,-1.1543374089668204,-0.31082944805626844,-0.1771062505031421,-0.9169121631463719,-0.33883547511558443,-0.09935759809498801,-0.7063857717557774,-0.3349554357674488,-0.298197660537834,-0.5997634040644072,-0.26008878998355917,-0.2905308064948024,-0.7651448834375628,-0.36279418738513525,-0.17596951422984536,-0.6116765135515978,-0.3754094334133826,-0.08436018826410292,-0.4718945050676442,-0.36874363457538056,peace
0.0,0.0,0.0,0.1375561393881436,-0.22917133314276072,-0.08690210929017107,0.1739002969129814,-0.5779035289690592,-0.17042808010305432,0.05936350955810435,-0.8063865986004171,-0.2661027203776677,-0.06766350400373955,-0.904506636647999,-0.35543590307243034,0.06789534691023938,-1.0256207824298256,-0.05200176243211682,0.10877198267659129,-1.407576590956146,-0.14199719413523748,0.13026062893546644,-1.6548237618452,-0.20649159597396582,0.13582789352523086,-1.8769321171767297,-0.26213987123685256,-0.08147139985145706,-0.9913624753462129,-0.10277564634519759,-0.13560864977707673,-1.432223303620897,-0.2074617541577803,-0.17493374977366946,-1.6947245606100154,-0.2848064238452633,-0.21755518504163718,-1.9316241439105453,-0.34400271866130355,-0.20474294457956915,-0.8469856850245169,-0.17235991273084783,-0.27836628731314544,-1.1877854691490441,-0.30520151833849274,-0.18812304533952567,-0.9506145901031058,-0.33868769014127453,-0.11417863098860774,-0.7403237854769185,-0.33973422497477107,-0.299412767489334,-0.6231788343974098,-0.2567329470308576,-0.28500650358483604,-0.7905278448643989,-0.35963919381540554,-0.1701710380071961,-0.6276575133131396,-0.3756112020295491,-0.07946528276998432,-0.4808083450865056,-0.3729158328165843,peace
0.0,0.0,0.0,0.13344282352132186,-0.23348370635992838,-0.09080096017589163,0.1764464837469546,-0.5731057019123803,-0.17619962960414187,0.0684685694992303,-0.7875434446664161,-0.2733605840030358,-0.05670983210376329,-0.8745915407443442,-0.36465597990756465,0.05934743121181054,-1.0255997450677332,-0.05849752384317722,0.09955504932894992,-1.4018183418585768,-0.14971729189506477,0.12185054572475439,-1.6445587315211372,-0.21430336286968235,0.12869976158180793,-1.8649692087014338,-0.269865692620836,-0.09168016959404042,-0.989825075532734,-0.10881657203673052,-0.15100133953505884,-1.4259800931596143,-0.21194219819102775,-0.18936693683194228,-1.6885622090054773,-0.28883278026954184,-0.22987186017789296,-1.9236480832457585,-0.34967461600664734,-0.21677976434845508,-0.8406560816129023,-0.17874933408174318,-0.28288855134117735,-1.1714075727605837,-0.30983196044491307,-0.19302029425079123,-0.9400963645812493,-0.3457136331402893,-0.11939811161199512,-0.7295310996037608,-0.35052690942486875,-0.31325385981701753,-0.6137708650825688,-0.2642581050396002,-0.2906567273863412,-0.7649734949546302,-0.3680978880241311,-0.17299091516233564,-0.6119089870558015,-0.38759614442891455,-0.07901592515269433,-0.47516553644753545,-0.3883439456328254,peace
0.0,0.0,0.0,0.13916017416958895,-0.23309350925623945,-0.08892923807857407,0.1886446318463021,-0.5701720185620481,-0.17167494806296146,0.08233267957015201,-0.7955497486131232,-0.2657186145860416,-0.05314641446799119,-0.8914618143258324,-0.35372918135568093,0.06565484703235169,-1.0315727116332454,-0.04771773917709561,0.1085551526479826,-1.4093976149657768,-0.13046795373172598,0.12848213839076514,-1.6569462290635895,-0.19148062157058043,0.1337532009558098,-1.8786867091205375,-0.24589794716998187,-0.08623532988621639,-0.9915586810474937,-0.09682370535550577,-0.14413419682312406,-1.4245446962428086,-0.19079112279415847,-0.18510123045830187,-1.693072126321433,-0.26634859138458183,-0.22746256962421943,-1.9238531538104398,-0.3273859194917788,-0.211242976053916,-0.8362751116185422,-0.1649519075094201,-0.27469624273336485,-1.165551018963097,-0.2896305135777755,-0.1855503730437967,-0.9422286524851756,-0.32726373484146204,-0.11237577267520109,-0.7296576977165996,-0.3342723459552927,-0.30765873937972743,-0.6010556080583108,-0.24833133404530638,-0.2861936973532902,-0.7504504915222527,-0.35057029403859447,-0.17160736426520448,-0.597354334424109,-0.3707396483432584,-0.079375866867051,-0.45315988279437386,-0.37173168906275905,peace
0.0,0.0,0.0,0.1447233312085708,-0.2347396305259838,-0.07875391713253468,0.1914008836076731,-0.574688662484232,-0.1618318208963934,0.0802511513276089,-0.7867626262478782,-0.2574088883363623,-0.05190951053987858,-0.8739460467832684,-0.34719470522740054,0.07334374060642283,-1.0240299128880908,-0.061216637368552325,0.1165834773025566,-1.400490694481161,-0.1512012633017671,0.13638472136995736,-1.6522735482351092,-0.21672835166737095,0.14335884511293343,-1.8801275662961447,-0.2737363236837454,-0.08195014414153703,-0.9901477956590973,-0.1135407267310334,-0.13172615623721234,-1.4315347069962903,-0.21620145062053764,-0.1664290272480442,-1.7066227685767934,-0.2928585261750855,-0.20322509582329662,-1.9452156528468714,-0.3546344783295963,-0.20880940417936997,-0.8379605626089748,-0.18174320971642483,-0.26617742406740236,-1.1667947437484307,-0.3041562846083126,-0.16884133621803474,-0.9322875965686709,-0.3319343486653884,-0.08971988069695429,-0.7178933190676225,-0.3344435256963053,-0.3055284789679976,-0.6033785574866275,-0.2651170671811302,-0.27000596056630255,-0.7507767654298484,-0.36206306982087116,-0.15375416515401427,-0.587244646398996,-0.37538724217602787,-0.06221904997002009,-0.4420036654553645,-0.37289145953798253,peace
0.0,0.0,0.0,0.14919802840332339,-0.2298931013721118,-0.06865624438035191,0.1925497432959133,-0.5702002341425558,-0.1529866282533592,0.07356345372038976,-0.7673306554799972,-0.25198084947202587,-0.05789536399257999,-0.8679232465917517,-0.34758537679460066,0.09141891306416727,-1.0175160196834967,-0.07719709013900052,0.13728529055092556,-1.3880613515960116,-0.17328624253569652,0.15900042119094493,-1.644846085089961,-0.24314195085519213,0.16785534817996706,-1.8807459232592232,-0.30378820570219234,-0.06981625103267547,-0.9880937211410479,-0.1371002163870616,-0.1164511067376343,-1.4358403336171441,-0.2450305741956486,-0.14406482561758588,-1.7146996456566745,-0.32204997078079417,-0.17306056818469587,-1.950201940922463,-0.3866406779309883,-0.20211310960822976,-0.8408380958078374,-0.2104551662673942,-0.24336356136209264,-1.1678140411515456,-0.33142934218051245,-0.13927801240049717,-0.9388135212898032,-0.35639305322242304,-0.05811372294968708,-0.7286677671861537,-0.36210988021264995,-0.3034185091860806,-0.612529078704596,-0.2986515910577502,-0.252868361524268,-0.7356028240999627,-0.3961659001539006,-0.13481652850192224,-0.5608257228005609,-0.4089616466756973,-0.04621703801522421,-0.41290206044209965,-0.4089190598062527,peace
0.0,0.0,0.0,0.14584492850557512,-0.20869113111138063,-0.07338236465459866,0.19506308048270307,-0.5124927427670478,-0.16686272591002393,0.10272226786899404,-0.7144527066675332,-0.27726349880918855,-0.002329918219563373,-0.8541435267796691,-0.3853456700395251,0.09965264434606168,-1.012552433427592,-0.0788180182535574,0.13981901750711395,-1.3875625087034165,-0.18352947140467332,0.15896277201801665,-1.6362780261993515,-0.26573952264267275,0.16785414573174826,-1.8694642638174055,-0.3358331659289637,-0.05807054510705754,-0.9879597780099544,-0.14339898474358373,-0.10816103382394042,-1.4323305397822717,-0.26302815504774396,-0.1355034770744166,-1.698390370589358,-0.3554160610792583,-0.15821380882599462,-1.9255140554601777,-0.42990815162742,-0.18823153826851835,-0.8479590622565942,-0.22242578405686841,-0.2309351576292297,-1.1992488675802655,-0.35367226466288487,-0.1341854460846181,-0.9717459990805141,-0.3896379682991306,-0.0554052476896093,-0.7574013189974391,-0.4033215175339962,-0.28488111843848907,-0.6233367614483364,-0.31593640399046946,-0.2312660053342475,-0.7746818016026158,-0.42326561651894434,-0.11176313212160516,-0.6040363049905505,-0.44259345683685114,-0.019927215519589103,-0.44649841948767877,-0.44785817448512255,peace
0.0,0.0,0.0,0.14160417044936344,-0.2184531896170523,-0.06228697747990506,0.20484786643965386,-0.5161994623760815,-0.14616990730463852,0.12728636620528824,-0.7146196226542172,-0.24909636071454327,0.021683986460621012,-0.8071958293147307,-0.34776654145664176,0.10438024659593473,-1.014108707257163,-0.05160665943555904,0.14921597300239803,-1.400869287151264,-0.1466502351712742,0.1726639140788988,-1.6441981113410558,-0.22318882735994422,0.1830458244054402,-1.8738299599544133,-0.28861713314082815,-0.042303247203966325,-0.9921687819780427,-0.11752243762025513,-0.09559668936516102,-1.4355076219683174,-0.22525558390012185,-0.1259680283860446,-1.7085879681272353,-0.3130417134815578,-0.1566247948284288,-1.940218769726186,-0.3838620836633321,-0.16383463181019545,-0.8504735660991736,-0.19790997534128113,-0.19690860382516331,-1.1554358972776522,-0.3160511695730765,-0.10094232059700325,-0.9284268651651791,-0.3474582009353823,-0.027095018659324826,-0.7188081170578353,-0.3567980710308334,-0.2573421320529643,-0.6237471794645216,-0.2933734475397974,-0.2105155455879752,-0.7741210480070561,-0.38746361324100587,-0.09453560546506543,-0.61576229297369,-0.40191259877476077,-0.0046860070950728696,-0.45921594895701856,-0.4031538261732923,peace
0.0,0.0,0.0,0.13652195353990418,-0.22111538657692292,-0.05634069483810485,0.1974170419503617,-0.5259512756760549,-0.13698969844417797,0.11586955527485251,-0.7270801139399163,-0.237614724961682,0.008578291852285569,-0.8256201773327445,-0.33296453016797234,0.0975017958278622,-1.013034839311313,-0.04249569919281474,0.14403179563056795,-1.391851589540565,-0.13519438209486845,0.1674562496115426,-1.6318029177065045,-0.20736365918324365,0.1786561977591264,-1.8555558190210362,-0.2689900903546219,-0.04591162286511678,-0.9928868418242751,-0.10985363998569926,-0.09049077848227043,-1.4329856264563672,-0.2154849081703198,-0.11641237440827061,-1.7045849829104611,-0.29672783601906405,-0.143516293942937,-1.934777537241007,-0.36172762644033685,-0.165326921215596,-0.8511672070826174,-0.19188723907429922,-0.19181190109375243,-1.1352076649983076,-0.30668514732093527,-0.0994187234093761,-0.9054892269365881,-0.3305874519781188,-0.029604130855623283,-0.6991152344565716,-0.3339018919992028,-0.2570572671676476,-0.6252198042898681,-0.2891416176239806,-0.20125770089670303,-0.7565790675136335,-0.3784884396967238,-0.08760316076254097,-0.5956418654421902,-0.38804197459485634,-0.0009813817977092998,-0.4457701728525479,-0.3850439360760052,peace
0.0,0.0,0.0,0.14511751506790124,-0.2246314852086342,-0.052735532177004586,0.19924252437832263,-0.5457215848474184,-0.13306405196643373,0.11294607768716394,-0.7512994366018458,-0.2331509987552007,0.004272004065294517,-0.8358575503846565,-0.32689016978146584,0.10473479284964225,-1.0155647031237716,-0.05539022241880724,0.15076545116831547,-1.4081917737514014,-0.1548650168675017,0.1730113054631726,-1.6533840745926072,-0.22806393234533825,0.18271639666828246,-1.872274829013564,-0.288182898486127,-0.04087156630273422,-0.9916261817745461,-0.12250310480635007,-0.08987656604432957,-1.447520105885787,-0.24125551222818342,-0.11579010945353593,-1.7233632861185884,-0.3224169799372836,-0.14559266984603517,-1.9538368656809408,-0.38224523119072473,-0.16026337405417102,-0.8453922045008867,-0.20243812561561123,-0.18745326240732432,-1.1237292419538703,-0.32207636700582803,-0.08887965014738719,-0.8866106013971173,-0.3361633424717922,-0.019947931802847662,-0.6830027557736292,-0.32838674535987933,-0.24808962685364117,-0.617465462909214,-0.29735679758084543,-0.19331186752746982,-0.7502791130360443,-0.38413216099691894,-0.07922889817355705,-0.6058151317228055,-0.3875086127313125,0.0029874037381338423,-0.47747360033031017,-0.3778521394634195,peace
0.0,0.0,0.0,0.14489033818123423,-0.22555624090927748,-0.0573408975167228,0.19489580674463997,-0.5430136154357064,-0.13861053588493075,0.10672847798827302,-0.7558534501506642,-0.23929351943512014,0.0027113093051379313,-0.8584222063678421,-0.33351815463391604,0.1013523172947539,-1.0162021408004207,-0.051631587602538644,0.1498028678279373,-1.4156007458105755,-0.14824493072915332,0.17395255680139318,-1.6619757168045823,-0.22111422583533086,0.18398578127282886,-1.8828531925054401,-0.2820971681272452,-0.04443894629260905,-0.9921980410354855,-0.11648264856942055,-0.09339136874286427,-1.4529447991831692,-0.23330305550557504,-0.11969971797087904,-1.727989256113279,-0.31782620314873317,-0.15170448201245898,-1.954567571191203,-0.3804141558505021,-0.16390200278957975,-0.8463433587046135,-0.194608193430913,-0.18763293843172546,-1.1301662549667293,-0.3145623501397661,-0.08483795006889042,-0.8812561144336096,-0.3336894484494406,-0.016960826752426862,-0.6698546842433576,-0.3289987263848944,-0.2528050205746768,-0.6178744908509192,-0.28776448090111895,-0.19864067301417573,-0.7636474241037796,-0.3773998956290084,-0.08315461435039957,-0.6138877484433486,-0.3847353741893706,-0.0025684591121174927,-0.4792438565555808,-0.37743576619738844,peace
0.0,0.0,0.0,0.13929301811605796,-0.24304569264194864,-0.0485294863058276,0.17551585002266532,-0.5706647037791445,-0.12704030877254852,0.0766821008565109,-0.7828748977902733,-0.22640325130843908,-0.028319197604648304,-0.902827999575396,-0.3196781352779946,0.08427628193970736,-1.0209239538871449,-0.04723334990169789,0.12566926255590727,-1.4108502092359358,-0.14409090282182457,0.1450529583287222,-1.652293188960373,-0.21577047992224732,0.15234132555996344,-1.8703487412639215,-0.27592462388695604,-0.06176637008001265,-0.9912190138507786,-0.11691775788060839,-0.11813834223102535,-1.4507861586470887,-0.2344101526435356,-0.14507019180095332,-1.7192348456795878,-0.31711505768433795,-0.1743469710365414,-1.939873492094229,-0.37926286551774396,-0.1805224413063605,-0.8408457294115907,-0.1994768607887211,-0.20370263889967294,-1.128442623776477,-0.3188582608646053,-0.09747915543269337,-0.8779191027489431,-0.33551221745206083,-0.027052376835346652,-0.6675133924326925,-0.33094673883336645,-0.26659341276262866,-0.6112059655223969,-0.2965264906580844,-0.20652304113459685,-0.7440156657528766,-0.38637520513976514,-0.09126482957020347,-0.5846398723165335,-0.39267064071395225,-0.012578079844450902,-0.44772218328299085,-0.38553461844763826,peace
0.0,0.0,0.0,0.13880164287940672,-0.2506117230494071,-0.04599232152353217,0.17678005904884472,-0.5812278535818337,-0.12344165960281052,0.0757685069025558,-0.790438383934209,-0.22169839175054523,-0.03438240648787703,-0.9056565858069097,-0.3135523734859382,0.07845340206031605,-1.0202225386074766,-0.04882984490538947,0.11279271898843131,-1.4192866535506048,-0.1432546684365204,0.12948543945725466,-1.6637714567864392,-0.2107892963539419,0.13501369873748442,-1.883228006391161,-0.26805690706095975,-0.06768669906678437,-0.9905045222816559,-0.11966320281954132,-0.1284635388318329,-1.4565965253575424,-0.232239968198975,-0.15508621553850477,-1.7280086944205992,-0.3079308264024675,-0.18272138753521963,-1.9512238785174558,-0.3662685127376364,-0.18516950884301853,-0.8405362309263577,-0.2031163471962675,-0.2045443903604807,-1.1168792017443145,-0.31601720020047247,-0.10349871653234984,-0.8737309404116571,-0.3264313124816369,-0.038728983805597514,-0.6715094491611899,-0.31919532864383376,-0.2678169249320502,-0.6138571493007127,-0.30130752907780345,-0.19916716326814796,-0.7341785111673613,-0.3853803729575663,-0.08403514051497153,-0.5799741005028697,-0.38765788585615557,-0.007218266810693012,-0.44993877701900714,-0.37844697297629,peace
0.0,0.0,0.0,0.1378610156878009,-0.24849923563305043,-0.04841624089142057,0.17442418480931857,-0.612652605467693,-0.12242284925277976,0.07306045389473038,-0.8465479913740602,-0.21730385776527042,-0.04880124190646424,-0.9799012175787358,-0.30495364589690216,0.057255371643679207,-1.024872243149361,-0.03175026201848727,0.08937156760358403,-1.4182718735107924,-0.12285583502007019,0.10680370680408617,-1.6620427503207391,-0.18806157729213116,0.11255151023399358,-1.88490173666451,-0.24327672385644533,-0.08189578738635302,-0.9916407507715732,-0.09970798071147312,-0.14968306957776295,-1.454298603013751,-0.2125964183244982,-0.17099841904643678,-1.722398542442107,-0.28790185659846795,-0.19475259114735977,-1.9396974626962915,-0.3431404565585109,-0.19483819673035813,-0.8367466479059482,-0.18155070530643422,-0.19245644448677493,-1.099827918715574,-0.2944886112679361,-0.08660949300155622,-0.8543089031856286,-0.30051220900368814,-0.030817018309042654,-0.6612466091481334,-0.2876999067482282,-0.2757729319925197,-0.6097076412031458,-0.27873470507004205,-0.1944407973251123,-0.7489673221112394,-0.3625795343689268,-0.07837174597349096,-0.590699235495615,-0.36165225072760376,-0.012005935122941264,-0.4581892848794482,-0.34827552453172983,peace
0.0,0.0,0.0,0.1339396207409302,-0.24429019191686024,-0.04577865484416978,0.17277483943292615,-0.6146468752031878,-0.12118646045253594,0.08267530513521178,-0.8550691778779337,-0.21783061283421498,-0.03845449747766249,-0.9960750328985751,-0.3073451233679595,0.0427567244250307,-1.0226855813387326,-0.038314613230719205,0.07877851152967942,-1.4039477044274633,-0.13666260957415116,0.09543779512622058,-1.6396804396206404,-0.20558416777806504,0.10069397638837957,-1.861522973361517,-0.2625608736872557,-0.09480895973888337,-0.9894126874527309,-0.10988073107144344,-0.1580565610653003,-1.4468809440489396,-0.23240170786655465,-0.17567200541658787,-1.7140209178236865,-0.31031587412413913,-0.1943615447382467,-1.940864678689856,-0.36721008675949096,-0.2071636403264578,-0.8367153483955149,-0.19466067653877533,-0.18092917957672675,-1.0792320038760879,-0.3123953886212652,-0.07783900939659782,-0.8185444327854127,-0.31295585195047926,-0.026097882116480956,-0.6218815711735066,-0.29692457632629254,-0.2865266378003678,-0.6147600655729085,-0.29534854384652837,-0.18395751841574695,-0.7287939572886697,-0.37926728821870165,-0.07211660737182703,-0.547051263300324,-0.37336828825598684,-0.013096655322279669,-0.40525881243552203,-0.35698607835686663,peace
0.0,0.0,0.0,0.1370975227796339,-0.23090497584074396,-0.04608373828235399,0.18230738861503795,-0.6198173506554762,-0.12135740314224806,0.10357023255473781,-0.8880673387249948,-0.2175028777514504,-0.018952946249652217,-1.0678126071277982,-0.30709206750866463,0.046507613382551466,-1.0113224867857677,-0.03969701178489451,0.08149075469145425,-1.421706301510069,-0.14328801821033488,0.10160350656956774,-1.6646061871818318,-0.21694886040462028,0.10922892672196179,-1.8922714074063232,-0.2770262537462004,-0.09193128349654717,-0.9896187895911438,-0.11046841359789913,-0.15025326340613923,-1.4738532447938026,-0.24063681109286844,-0.16262623205476362,-1.7535590187462449,-0.3282222976598308,-0.17597948819489612,-1.982674394682378,-0.3917808022600721,-0.2082740720250562,-0.8522270438751209,-0.19369684775563945,-0.16895470201214194,-1.101865238499666,-0.3151620969047525,-0.06314334043167555,-0.8248856114835771,-0.3213947991758087,-0.010310674315165297,-0.6167539237676521,-0.3097871177119039,-0.2949930646403685,-0.6505242924850972,-0.293053117012617,-0.17319900740617827,-0.7531826959241577,-0.3786765762766104,-0.06001384722441473,-0.5513626198634097,-0.37600145987664935,-0.004466083193939115,-0.396510684994668,-0.3625381121886966,peace
0.0,0.0,0.0,0.1447651464540913,-0.23547002048062368,-0.05151305058639088,0.19243696098966512,-0.6260001815459159,-0.13157704638451864,0.11450523724599776,-0.8992621404019768,-0.23183680815184682,-0.014957369136677032,-1.0884155844269936,-0.3245922827959666,0.05066824056739419,-1.014034157696048,-0.03948086962064395,0.08584304156789477,-1.407463640507057,-0.14724317126161438,0.10547031671288447,-1.6464429939126102,-0.2244287980455595,0.11239872464228737,-1.8816497716340785,-0.28717475504188916,-0.08508880028570405,-0.9903975367216568,-0.10896143960876054,-0.13141302184961748,-1.4713418294856413,-0.24634109051526212,-0.13488002141362523,-1.7529364999715473,-0.3377130858211181,-0.14335593619160183,-1.996874904227935,-0.4026605344812591,-0.20283225437698146,-0.8526625808329308,-0.19142409526972246,-0.15436375109220077,-1.1170767531502497,-0.3226646029682795,-0.04860098046006406,-0.8266749178951112,-0.3272752593872157,0.0018664333816637154,-0.6199838236268842,-0.31219616757462654,-0.293170505523078,-0.6458550983486924,-0.29014082885267173,-0.16518865392391152,-0.7801006898789616,-0.38308269580155035,-0.05225602686719594,-0.562868474635122,-0.37747726245399993,0.00048791765849424425,-0.3940343592159856,-0.36031279619163764,peace
0.0,0.0,0.0,0.14171970296509567,-0.22327625078495097,-0.053240660601591154,0.19395106754649694,-0.6201193809055834,-0.13114947497045676,0.11391273787426784,-0.9019539232477458,-0.22849230453439287,-0.016701078308799473,-1.090119541263872,-0.31819613951684245,0.06559455737997179,-1.0130607514684584,-0.05480025025029708,0.10525577248220452,-1.4277427751524707,-0.16626812470480165,0.13139532185896907,-1.68063570434548,-0.2479909927458474,0.14819085048465655,-1.9158647275681946,-0.31388060839121046,-0.07399384873386658,-0.989826652198975,-0.12152402620929946,-0.1006077988639574,-1.4657236795273167,-0.26390032854799333,-0.09176249840887822,-1.7550714900710604,-0.3627727300925586,-0.089148543471202,-2.0014527768781067,-0.43259014982916805,-0.19177938894298957,-0.8567937767620606,-0.19911845393205735,-0.1075357013291384,-1.0392274482416939,-0.32413002309312455,-0.009509732983700479,-0.7637155345375669,-0.3315891096159164,0.02948003651248942,-0.5686791367030002,-0.3202018796594223,-0.2799151082975291,-0.6574929753985483,-0.29432438749421436,-0.14352624908607114,-0.7408802757678993,-0.38029357493916094,-0.03937786415156931,-0.5438241116359094,-0.37820113279910256,0.002401752788597043,-0.39288526594350226,-0.3644772189699273,peace
0.0,0.0,0.0,0.14430791739153787,-0.22103574584919108,-0.054008729650161694,0.19932256769034049,-0.6097349681159124,-0.12856447054606357,0.12009936184052832,-0.888074194326463,-0.2221227202638867,-0.013306262381629876,-1.0645970130655236,-0.30719081727864345,0.06809030478424308,-1.0116978249111328,-0.043953273665551504,0.11301841399999471,-1.4070866537481521,-0.14975574590126525,0.13994581357529692,-1.6497575731795886,-0.22720272711569747,0.15585534136912255,-1.8722567288321328,-0.28976918175388683,-0.06911557057139751,-0.9916732810373827,-0.10866057970184967,-0.08907540360624527,-1.4493416230295653,-0.24539213092561046,-0.08020133929420062,-1.7314507774677628,-0.340990777116063,-0.0817073769506843,-1.9748268143254695,-0.4076754064702012,-0.1836907801354696,-0.8573425884560477,-0.18499924360148368,-0.09570183745605325,-1.0148010886728078,-0.3053107147176578,-0.002649408964553982,-0.7437795706726279,-0.31149631284404544,0.029589443083954097,-0.5591324104817388,-0.29845070660043793,-0.268071516751694,-0.6528016244564228,-0.2791017263063288,-0.13666918189547694,-0.7323258620525703,-0.36155654640601187,-0.03870279467465546,-0.5421656460109109,-0.35884091595054396,-0.0022732291472355947,-0.399197539621767,-0.3439488260198115,peace
0.0,0.0,0.0,0.14539942934276937,-0.22935533611330366,-0.0513940631138343,0.19904830368624457,-0.6122719610954057,-0.12536878171133342,0.12665010452030612,-0.8987770002905183,-0.2189570231598484,0.0034439181701445823,-1.1009516280246228,-0.30449812407961896,0.08266453414944326,-1.0102381714378683,-0.03840052397500977,0.13046233904729615,-1.4048887610270175,-0.14084468524306062,0.15751486051562225,-1.6421103532296384,-0.2165787968187856,0.17151552332597403,-1.8609683969079491,-0.27824842839361624,-0.055637429051376246,-0.9930522849042293,-0.1036899992045626,-0.0704815838364663,-1.44982965540176,-0.23760726557803408,-0.06425490464079413,-1.71740480303961,-0.3319939678235451,-0.07056534735236458,-1.9444886891934297,-0.3978041056858079,-0.17152104862385625,-0.8632975155037623,-0.1804440807693922,-0.08130741048355034,-1.0248711493378901,-0.29879753612182636,0.013177503931821332,-0.7555752029275231,-0.3068621504051239,0.04433907892938363,-0.5699643131854916,-0.29588197456169313,-0.25601313030090556,-0.6656817005465275,-0.2744305304362966,-0.12131045664668554,-0.734176166252542,-0.35551474651188475,-0.026203614701662794,-0.5391015462974135,-0.35391763153246686,0.004307411723216981,-0.3956458062437398,-0.34031575709678247,peace
0.0,0.0,0.0,0.14542285379042674,-0.2242446122348741,-0.046699869653155326,0.1962499008751068,-0.6167718029367707,-0.11740980472844627,0.12866677908412621,-0.9169491914102017,-0.20838792297653394,0.015174362746639773,-1.1350401246622317,-0.2909982885332674,0.08408949319182146,-1.0084523658015805,-0.023991943823687086,0.13012612427578635,-1.403803269070479,-0.121502962074133,0.15642238931327843,-1.6336649356259998,-0.19144847758213,0.171678256279038,-1.8500189896719426,-0.24833867101601834,-0.05382249279630408,-0.9945193410263543,-0.08963481239840594,-0.0726008219149315,-1.4580134038845467,-0.2191690785464301,-0.06464908034199965,-1.7154173119004676,-0.30721613720721164,-0.06662042222720742,-1.9364843639828941,-0.36684373487850636,-0.1693900639810203,-0.8684603656360881,-0.16750666843543563,-0.07011704157889105,-1.0378718548454406,-0.28294792464641494,0.021988027113573238,-0.7627962197103195,-0.2873157721940051,0.04736400128667152,-0.5804962408265976,-0.27248708452303494,-0.2518954155481125,-0.678459452878107,-0.2621242592973089,-0.10380158677204153,-0.7381711224827411,-0.3385831132428786,-0.01899975995783434,-0.5219865927949943,-0.3333448934041221,-0.0033815415788892374,-0.37212021291205594,-0.3167410040825731,peace
0.0,0.0,0.0,0.14533677365190667,-0.21920510169479332,-0.045531523513759685,0.20028305418070994,-0.6105846412225745,-0.10937525496412201,0.13196732426982755,-0.9095894296717217,-0.19356160584661491,0.011892762565946057,-1.1126519792102438,-0.2684923812870829,0.08349598514627973,-1.001872766804595,-0.006133760146535619,0.1305808794257917,-1.3762874548365012,-0.09579762044216414,0.15668776475608975,-1.5966437542981282,-0.16054007590109162,0.17391567106791261,-1.8037632504877832,-0.21393024176228861,-0.051098797534273134,-0.9961812365219244,-0.0707943281075576,-0.06331129582426075,-1.4327584731016447,-0.1913825339052759,-0.05090616768120203,-1.6814897465618122,-0.276345563720729,-0.04639811771264391,-1.9019595143826873,-0.3341614484006163,-0.16181919817062143,-0.8765391330999102,-0.14907300613268243,-0.049894328237275944,-1.0075596091926116,-0.2586129895679022,0.03135604882649048,-0.7276309295227806,-0.2653158265791973,0.050065329849100816,-0.5528579064484163,-0.2519927766998904,-0.23965795989965583,-0.6887880998471084,-0.2443149375077778,-0.0896166708759481,-0.7291137958364124,-0.31779702032121365,-0.01341419746741628,-0.5166541483770448,-0.3154660978831437,-0.000279249361117348,-0.37641514053260633,-0.3007301804808401,peace
0.0,0.0,0.0,0.15019123709261972,-0.22134758049481876,-0.04660756739414273,0.20266739758587618,-0.6135566897479613,-0.11146335322296408,0.13124223309846048,-0.9107918860967469,-0.19688799226067893,0.0157046815324231,-1.1166543898932535,-0.27330310810751957,0.08724397220732762,-1.0016068656430004,-0.006451106646540248,0.1355484949305904,-1.3765547360076993,-0.0973681018195778,0.16166940633646198,-1.5981791445700186,-0.16334184586859807,0.1781376336994925,-1.809488104475905,-0.21751716807235422,-0.04809762230104246,-0.9962989837070169,-0.07123856956278042,-0.06137181105108055,-1.4377166573631737,-0.1927901121424916,-0.04860793397194625,-1.6876901603613728,-0.2783170804137963,-0.043822107280883114,-1.9080912087904516,-0.33648700600924636,-0.16035978431408138,-0.877196723628117,-0.15005108266523168,-0.05350126774514331,-1.0212790602770556,-0.2609337617354615,0.029891239223788748,-0.7407744000309265,-0.2679658672364942,0.050501318382716626,-0.5632070769895865,-0.2547012334853151,-0.24023391650763465,-0.6899270732537749,-0.24582431926603557,-0.09147582248409773,-0.7383116657998781,-0.3204697051985125,-0.010601991862438527,-0.5258661414487108,-0.3182419758975012,0.006418290239136942,-0.3836508195488866,-0.3035421973316683,peace
0.0,0.0,0.0,0.15344638746122174,-0.21343028352478624,-0.04605272543128978,0.21224042647389313,-0.6115236948537494,-0.11150028632023316,0.1470383399516094,-0.9209411245857441,-0.197651782367632,0.034683726405758744,-1.1470100645054502,-0.2753960470951097,0.1061927919172179,-0.9990721822240325,-0.009234243047459238,0.15478183517821084,-1.3810304863176097,-0.1010733433393897,0.18225264900806668,-1.6046801730037406,-0.16820445879465298,0.20030881641648035,-1.8191099841148877,-0.22386813599667413,-0.031605848730319186,-0.9967037340666467,-0.07471758041879317,-0.045677879897400436,-1.4566583377712627,-0.19852359314199367,-0.032836869808828904,-1.711549788196084,-0.2860915988969493,-0.028316626270985756,-1.9343040489551673,-0.34604378241029105,-0.14887338897219632,-0.8810726805753016,-0.15382066428157123,-0.04759753182737811,-1.0550444271435946,-0.2676571015768237,0.03855087014755002,-0.7667239948705983,-0.2749363640656609,0.06213417487458348,-0.578515777677535,-0.2619215442867981,-0.23708356709876774,-0.6975569458777399,-0.2494816126515164,-0.09040692895824089,-0.7553893715400128,-0.32797583450713175,-0.007824090059618899,-0.5351477413613612,-0.32644734916589885,0.010326646285924009,-0.38753093849535203,-0.3120414560695706,peace
0.0,0.0,0.0,0.1585038036875521,-0.2104067780154373,-0.05469875793336213,0.2184787462937438,-0.6075592157874086,-0.12714450854267947,0.15142542376835855,-0.9163118370550756,-0.21813970529195742,0.04069544757940872,-1.147479010989396,-0.3017849997372873,0.12188414111254768,-1.0020137943552638,-0.03455810407115403,0.17008761950278997,-1.3806311566078566,-0.1348609150746323,0.19625376673499634,-1.6102380484229841,-0.20921608394235552,0.21283485129914181,-1.8310661482835655,-0.27068941611724145,-0.018423611046335473,-0.9950377280176568,-0.09777765786452726,-0.0390614070700416,-1.467972115744105,-0.22953481153383,-0.031071907066548478,-1.7388125937073085,-0.32282780539672384,-0.03231488478077833,-1.9769351066588283,-0.38869096077423676,-0.14276923170898884,-0.8721456658244378,-0.17384521485898247,-0.08557516784024799,-1.1228198943032077,-0.2982159040029001,0.015278681181300192,-0.8343123524885458,-0.3080356098606285,0.06209530338320713,-0.6213023112312781,-0.2972014229458234,-0.2442912060585693,-0.6742317289261565,-0.26603423084383726,-0.1265884710831411,-0.776379712452728,-0.35661708621904914,-0.023178546549200884,-0.5633363751807628,-0.3573402271475247,0.02332771710511314,-0.4025496997040637,-0.3443414409593555,peace
0.0,0.0,0.0,0.15699709991592412,-0.22092230960426287,-0.05863121944526201,0.2092103648016307,-0.6129626324763826,-0.13444905354298844,0.1277608144396597,-0.8861598382227834,-0.22848571533513953,0.022622014578097118,-1.0847205893905043,-0.319008016330238,0.11140044635584437,-1.019179035919121,-0.04547854302295789,0.14893945396885572,-1.3934873887672803,-0.14592475448337763,0.16776774708416364,-1.6415100651687726,-0.2267850743702087,0.1788699548091543,-1.874734664540074,-0.29521141365206144,-0.03367429318395333,-0.9934483764302843,-0.10920780808437064,-0.06669583000458272,-1.4435824553532872,-0.23055859571504467,-0.07874022695537876,-1.7218866967139907,-0.32963444858740704,-0.09344368384685293,-1.9625042606338858,-0.4061858464858285,-0.15912254239585524,-0.8655239549663187,-0.18584273695330814,-0.14000470496913967,-1.1728305505062715,-0.3127524438024582,-0.027087884517445728,-0.9062360249696673,-0.34186045156416095,0.04851951311011217,-0.6838795905774148,-0.3489612527515709,-0.2577026843736436,-0.6653625743142094,-0.27773039874866,-0.16540759316473114,-0.788524337347187,-0.3789969892408478,-0.046179419997474755,-0.591297629831334,-0.39216083493526854,0.03357543798602439,-0.429347628166649,-0.3916297529376026,peace
0.0,0.0,0.0,0.1498161798257443,-0.23030632635326687,-0.062200712115638684,0.19470284720756773,-0.6139852259112757,-0.13294993011387893,0.0990079034972681,-0.8844741147393704,-0.2201902616143067,-0.010084289762402303,-1.0705355735491644,-0.3033334478035112,0.10016054419141868,-1.0174932646885904,-0.023305215137462826,0.1373724998738669,-1.390246443416672,-0.10683973790989658,0.15607342017677778,-1.637331651352902,-0.17371769103618176,0.16567935676938497,-1.8666826156846197,-0.2338535180961546,-0.0488893743506256,-0.9953449527945535,-0.08305560801060856,-0.08955622739993212,-1.444057702197029,-0.1848457597379927,-0.10642304978811512,-1.7226314317536842,-0.26904336738443535,-0.12078731211539524,-1.962791161245712,-0.33667603606290714,-0.1751291284161619,-0.8656169174641262,-0.15870594352550021,-0.19498829073839674,-1.2186919686995723,-0.28230705333504985,-0.09922288235741744,-0.9838304206624144,-0.3141984222619351,-0.029278014654055207,-0.7721738184999748,-0.3214839258816471,-0.27064852659553224,-0.6581220999054086,-0.24808427283793044,-0.19853852265970356,-0.8177892182868378,-0.35079073134709315,-0.07813882224629735,-0.632251819460253,-0.366360258818526,0.008284359931231097,-0.4632233183432804,-0.3664736576466586,peace
0.0,0.0,0.0,0.14855656831301345,-0.23288351692109757,-0.06420207185683248,0.19153744795057306,-0.5769285155602233,-0.13776755473983804,0.11017894563831841,-0.8545600227396508,-0.22686625553488332,-0.004979427298915541,-1.0155342278095398,-0.30969051706590645,0.08580384587669034,-1.004651118571831,-0.03038911300581073,0.1280965269854263,-1.3795315572072835,-0.11125757843292812,0.14787889734408544,-1.6204476023284695,-0.16979221557747787,0.15870318248423512,-1.8438005301295366,-0.22232974547238588,-0.05585293797465653,-0.9944170279750882,-0.08952767054263865,-0.1016868948753787,-1.4391732228972378,-0.18935613906831,-0.11714298077480972,-1.6927766056654,-0.2624308897859654,-0.1311288983614439,-1.927334872862207,-0.31845731543580347,-0.17218952936779805,-0.869810224297625,-0.16516476964645205,-0.21710845680999424,-1.2727832937162782,-0.2952157462663005,-0.11983228393609642,-1.0713717543047623,-0.32935705713283114,-0.04700197339136993,-0.8716533070001139,-0.3325923282328101,-0.2603915968012478,-0.6490021441710342,-0.25194652544573304,-0.2250377715104911,-0.86104326313041,-0.35512122501002163,-0.11304472109228211,-0.7263050396980693,-0.372676528058878,-0.03199553368416677,-0.5671281170185473,-0.37229457841803865,peace
0.0,0.0,0.0,0.14743077370338228,-0.2244085089876144,-0.06914137805591386,0.1911785465883231,-0.5524683820737054,-0.1488881333962325,0.11484226194255717,-0.8142355530238838,-0.2453367498572218,0.005146132173019181,-0.9802844288185484,-0.33614548878815964,0.08280588627063822,-1.0038772437124295,-0.03081886885059295,0.12421587772281989,-1.367689515771589,-0.11587214928826657,0.14476866208704045,-1.606894647816121,-0.1819287193582867,0.15470603560844143,-1.8313408195655982,-0.23951040130299106,-0.056749388711485424,-0.9943220934199888,-0.09001700626972219,-0.09932208342631253,-1.4240099794294045,-0.19202566193110773,-0.11507092871100842,-1.6642810752425403,-0.27222207029510703,-0.13069753143148782,-1.8924126020442211,-0.3333772219873105,-0.16984592783776395,-0.8765493457808459,-0.16669822128471118,-0.21591178991140433,-1.2708537126676651,-0.29524816823084643,-0.11842312973256476,-1.0729996029510271,-0.3335733104667511,-0.043786834549387026,-0.8751909037644061,-0.3415098766661726,-0.2547476930021119,-0.6652653408313394,-0.25531194755232206,-0.22601132852459696,-0.885789850599897,-0.3558807222002332,-0.11588422915145924,-0.7561150245648163,-0.37480483423164956,-0.0335203960971975,-0.5987886292017551,-0.3771313706397952,peace
0.0,0.0,0.0,0.14832501107818805,-0.21585544224508177,-0.06158317859933287,0.2002606104118529,-0.5293657113365868,-0.1370998313069224,0.13419294971022705,-0.7931591793689843,-0.23074601155376076,0.023536720895333756,-0.9528948308768522,-0.3174778149693592,0.09271707726000317,-0.9945939360803089,-0.016322706004396503,0.13577168524210917,-1.3603314351730014,-0.0953439246958373,0.15953002826475066,-1.5944794003009626,-0.15631297454676377,0.17377150482056386,-1.813841175185207,-0.2104785928489312,-0.04305331948136578,-0.9960432846628663,-0.07774423939844881,-0.08858689551247949,-1.425009555201426,-0.174744709197111,-0.10066530145074741,-1.6645986442049627,-0.25057482997539277,-0.11166394376876068,-1.8967456750585152,-0.3081301447559733,-0.15193088039952843,-0.8863940191764088,-0.15671332246423786,-0.1977149624495419,-1.2734751035296201,-0.2810241962790974,-0.10047728771774579,-1.0675937307640002,-0.3160581019038253,-0.02726338716106409,-0.8670877683362083,-0.3203357901423323,-0.23333288103474734,-0.6795922273820676,-0.24698487900694674,-0.20823578574307877,-0.9026098009913337,-0.3427208866573816,-0.09677563984138696,-0.7802608574597271,-0.35997173722313713,-0.012712885177735849,-0.627626348281009,-0.3605774399460741,peace
0.0,0.0,0.0,0.1488554456006493,-0.21512503519372592,-0.06332051563478132,0.204425524325771,-0.5291785964533452,-0.1405600783188163,0.13591766012610731,-0.7934376874772355,-0.2357045311446026,0.0227171562976687,-0.9536026220031983,-0.3235875238959571,0.10381115254410715,-0.9931792053883458,-0.015741087156541256,0.1497908889818989,-1.3612156091842569,-0.09515860862329924,0.17198654637151828,-1.598988504581856,-0.15650243680574885,0.1850255278523956,-1.8224332740600397,-0.21127325298402563,-0.033016193939272624,-0.9964983050721855,-0.07681822001338799,-0.07536084912711583,-1.4287253078773388,-0.17500414359668642,-0.09032180033854707,-1.6723681104922794,-0.2513335753723025,-0.1040588079461936,-1.9073349990560537,-0.30884265148399637,-0.14421314616623532,-0.8884142885672732,-0.1557170900568997,-0.18321811760505244,-1.2786571267502833,-0.28332083547718834,-0.09106821518400049,-1.0662416442629372,-0.3194463548443556,-0.02405662931443696,-0.8622893378965061,-0.32324352213640084,-0.22910732726401328,-0.6830698096663967,-0.24586602735587051,-0.19813768514616104,-0.910369834453042,-0.344375328219798,-0.08890634948954582,-0.7801171030522099,-0.3620581987422176,-0.008857721998650895,-0.6207158265676682,-0.36230501892699957,peace
0.0,0.0,0.0,0.1520822848879601,-0.2041822970907175,-0.06714603618177423,0.21447615892354677,-0.5114221021555366,-0.14452951158928412,0.1446251169393004,-0.7730945108854914,-0.23852010540768714,0.026087349643971882,-0.9158446118173779,-0.32401117828387704,0.11717717763996581,-0.9828426289221515,-0.015000067537546145,0.1668309156196024,-1.3530251383380474,-0.09302027994620193,0.19368516880301404,-1.5841202624486648,-0.14990035406046873,0.21279275992769073,-1.801899092989033,-0.1995676603753696,-0.02093328752627515,-0.9972147757754037,-0.07158539270376983,-0.05344209339677653,-1.4298113007877609,-0.1646668127953172,-0.06135859780666478,-1.6589963516877126,-0.23085588765690823,-0.0666418925338614,-1.891406665286749,-0.2795106858721723,-0.13088737481692747,-0.9021139464596364,-0.1473240987238969,-0.16474653625240124,-1.3033083627165407,-0.2707605113703799,-0.084837016514296,-1.096501783553897,-0.2984566273616728,-0.025368894723932466,-0.8947763213965964,-0.29462913199245616,-0.2149222128419292,-0.7068420581529612,-0.23490559343555037,-0.18602516989268864,-0.94106968490934,-0.3259603370099676,-0.0839988009620324,-0.8159881966693122,-0.3369027026662883,-0.007792388845583734,-0.6571869048203981,-0.3316148624787322,peace
0.0,0.0,0.0,0.1504242945369186,-0.2051427134287798,-0.06910812649517593,0.21487018838761598,-0.505861523128341,-0.1441597478730287,0.14618374804779624,-0.7671874015526222,-0.2351086360955872,0.02704139127978034,-0.8985128242540539,-0.3168047793757023,0.11861247866952652,-0.9803179593830431,-0.014625977190442108,0.1692601294496683,-1.358384841379457,-0.09012646815582374,0.19523730812179466,-1.5875064137181625,-0.143118510236261,0.21218742916158118,-1.7985248502747677,-0.18918334044889187,-0.01662654214764176,-0.9975607905190823,-0.06779385897819777,-0.04257448241802613,-1.4285984175723598,-0.15834785894451112,-0.05007255641724779,-1.6552946155747168,-0.22057049298688966,-0.05785007997364214,-1.8876395858393313,-0.26484104726509144,-0.12372006876719258,-0.9060952439772609,-0.1402300496150689,-0.15189610568187176,-1.2979778686080978,-0.26224016099858194,-0.07460868404736894,-1.0849175264190363,-0.28654273466683067,-0.018058136903581733,-0.8828312585552875,-0.27807422289677014,-0.20772156220103888,-0.7129487533123986,-0.22476057877709427,-0.1837973758415834,-0.9587402362831143,-0.3136445320498386,-0.08541308868822237,-0.8398708074956743,-0.3226905022543097,-0.011734272770612937,-0.6827251587322124,-0.3144032359671682,peace
0.0,0.0,0.0,0.15273352649163163,-0.21193902716747415,-0.06408179737676421,0.21157469405868584,-0.5214798571564998,-0.13364179192173134,0.1410653283463998,-0.7792198210875416,-0.21987872885417525,0.02482837490749504,-0.9050394040904638,-0.2959969523419457,0.13377208778166455,-0.9797014874760797,-0.005772719117849466,0.18475219017657554,-1.3528533652301267,-0.0785253355960382,0.21078276566723814,-1.5804918272999615,-0.1308918608750625,0.2276928434186036,-1.7875126315983303,-0.17523709609573973,0.0005258325578542369,-0.9984121799267031,-0.05632781261623129,-0.030099418704701918,-1.4305848152665208,-0.14482371007275455,-0.03692822500858003,-1.6592085007235282,-0.20719022258063005,-0.04260789640026644,-1.8880544260877012,-0.24988208937502607,-0.10508493954771356,-0.9114923651048663,-0.12564171716779302,-0.1334242006452857,-1.28374015293563,-0.23941559843378998,-0.051287642078976875,-1.0723078809980147,-0.258793531395039,0.008136590029917944,-0.8726408384428499,-0.24659623890742496,-0.19047703317248124,-0.7299099716505858,-0.20757797749512544,-0.17626398525653278,-0.976073067403179,-0.286358817621045,-0.08502238816499184,-0.8673443582083156,-0.29178927771081264,-0.015340693424190888,-0.7185721182711619,-0.2812148463706588,peace
0.0,0.0,0.0,0.14966691604255425,-0.21788292789964098,-0.052851869893803756,0.20458061764775481,-0.5288342777528072,-0.11573486927225934,0.12300536727598425,-0.7828519014435028,-0.19623354992186973,-0.0038905714494595774,-0.8831487922974253,-0.26614747999708227,0.13159497892046743,-0.9810186379051702,0.0069509346902348655,0.18235390074714028,-1.3520746509388184,-0.06023119937353535,0.2079995914345768,-1.5801478471465142,-0.10812483896362994,0.2216653247230552,-1.7802394363479916,-0.14999157433637794,-0.003126137425406893,-0.9988460348120153,-0.04792500396568819,-0.03038057055654376,-1.4248885214720213,-0.12975700517336716,-0.03896220568819756,-1.657641308295513,-0.18729198830719304,-0.04969618807625308,-1.8895473828187777,-0.22757985218411458,-0.1114564693717216,-0.9094400341875639,-0.12074448810637933,-0.1490695517187273,-1.2753390677759302,-0.22981894401753838,-0.07328798134371844,-1.0779033295448108,-0.24832614742533332,-0.01755346378816312,-0.8862856379181376,-0.23620067330088482,-0.19866532314716678,-0.7242260618881678,-0.20493130887557365,-0.18512229703550503,-0.9602023433005068,-0.27967927889376765,-0.09538434235658337,-0.8503701323289484,-0.28343960372277716,-0.027065291436506492,-0.6995434531744307,-0.27221178777672994,peace
0.0,0.0,0.0,0.155982448939379,-0.23552592210786694,-0.05254817809134499,0.20245022566334553,-0.545941375568463,-0.10952032710920516,0.10487342902895115,-0.7913737100354209,-0.1836419551522315,-0.025558742831646483,-0.8729251539616347,-0.2468616842795163,0.13386133088057692,-0.99041456537611,0.022537504093884206,0.17850537279354778,-1.347205201388709,-0.036749757163973905,0.20135094765379313,-1.5701213846037905,-0.0815709019654987,0.21159800074379934,-1.762571439695063,-0.12129624886958906,-0.00436102676662131,-0.9995759914830589,-0.028788864100554222,-0.030821160634595023,-1.4043043763827645,-0.0997893939337244,-0.037121056451179794,-1.6137249854896225,-0.15387730724748033,-0.044635470338194705,-1.8260176012560154,-0.19154869054585655,-0.11378479796064292,-0.9032166759325978,-0.09917885441927389,-0.16240647385735024,-1.2517538378330457,-0.19839653221664408,-0.08913337219232934,-1.073741912609631,-0.21984710973756325,-0.032325419096838656,-0.9000430768272382,-0.21069486368137738,-0.20103189459268453,-0.7105488393488669,-0.18088680233771431,-0.20077146687016717,-0.9462878867851164,-0.24772812762979676,-0.11320129594440599,-0.8438218004053091,-0.25227685601072736,-0.04213352290078168,-0.6999012503264237,-0.24255624047155108,peace
0.0,0.0,0.0,0.15100685855031082,-0.2396586023916997,-0.048490313309672795,0.19755045651678776,-0.5524602926862109,-0.10103977822768576,0.09479564149323158,-0.789959831259904,-0.17262783829941364,-0.03372889202654134,-0.8565848005730379,-0.23447424970038472,0.13600360026641986,-0.9901915398691423,0.03270593952050497,0.1780531888549288,-1.345100221683457,-0.023687409849086665,0.1988815328980261,-1.5632691394963794,-0.06921379468531877,0.20634685232474695,-1.7511356060683025,-0.1094915662416393,-0.0011984304851579055,-0.9997919964807161,-0.020359458182266248,-0.03174980266405509,-1.396745334638986,-0.08748738690286187,-0.03842869143790624,-1.6005278395613414,-0.14493230130542445,-0.045709523930046896,-1.797027098339966,-0.18572408882672892,-0.11085209140138232,-0.905816156997121,-0.09277891136627392,-0.16168170494358727,-1.238773517130714,-0.18936232753929944,-0.09258526134359273,-1.0718678306152216,-0.2189390304766446,-0.03817336907622623,-0.8996092945211892,-0.21644618750260874,-0.20029299437135145,-0.7213686803732224,-0.1762592558227079,-0.20042490567781768,-0.9485289750660325,-0.242632680663607,-0.11473922481650749,-0.8544599476427861,-0.25283783570452395,-0.04279509210572113,-0.7163606681479424,-0.24828681692541202,peace
0.0,0.0,0.0,0.14839959494508717,-0.23825184013447115,-0.05008320004328699,0.19841319394269938,-0.5400095243388456,-0.10498409154502182,0.10544652859734285,-0.7818545336497541,-0.17858248464385856,-0.021053292795544694,-0.8442433313865038,-0.24330152580461503,0.13180719741658536,-0.9888103305730239,0.02254839204478133,0.17705611370040755,-1.3419079891338628,-0.03800596320742684,0.2006960259045425,-1.5531797131630949,-0.08621056497838737,0.21203343173766867,-1.7382199066774957,-0.1285973429379238,-0.0032550142777100677,-0.9994711141773134,-0.032355475691312134,-0.03298140222755658,-1.3976617857625364,-0.10527344205834231,-0.036857946667140734,-1.596264521410097,-0.16630087212149658,-0.041181788701438155,-1.790000617569659,-0.20978798784425567,-0.11153310848684792,-0.9030181311880399,-0.10620728644008744,-0.16187069882722033,-1.2481789912173065,-0.20989687018075673,-0.091610400717661,-1.0932134424994862,-0.24517978516318364,-0.034817457313655514,-0.9259351813188561,-0.2465819772039802,-0.19841881770756895,-0.7102223493434177,-0.19043364483016706,-0.2001864503210889,-0.9493375415291515,-0.2636922818194458,-0.11280751609255384,-0.8580850830310549,-0.27798250267639146,-0.03923023814792641,-0.7156084580752882,-0.2765319618792862,peace
0.0,0.0,0.0,0.14959367234229767,-0.236460149739979,-0.051597148728855805,0.20174186782803663,-0.5373181854732598,-0.10698399689534253,0.1106079366774214,-0.7818202246589568,-0.18087336390518768,-0.014855494647568832,-0.8512229090798891,-0.245492089564977,0.1350993155022793,-0.9874873227002832,0.02349859393088377,0.1804025205723888,-1.345697575707242,-0.035631532049559406,0.20338346000302004,-1.5585959517125902,-0.08280842528884656,0.21450203571997006,-1.7452111857448853,-0.12460596303557159,0.0005900835888552408,-0.9995473509060387,-0.030078648541412227,-0.031345202827146666,-1.403476195405202,-0.10139391489396098,-0.03739038991416897,-1.6077197349752115,-0.1623765349308834,-0.042020852116534245,-1.805949992294721,-0.20605260632888037,-0.10821548963637964,-0.9052705335465198,-0.10270200020084234,-0.15779030544138062,-1.2525348295123102,-0.2048472504386219,-0.0891561430598257,-1.094973989474979,-0.24009928883389672,-0.033079807473426925,-0.9245757656058551,-0.24144999619640967,-0.19658513170986255,-0.7157310705562807,-0.18597613720132675,-0.19926648899694444,-0.955045819806417,-0.25788142868517194,-0.11263685564628673,-0.8619951042752375,-0.2720085161692528,-0.03864465529527007,-0.717844064485235,-0.270410754172783,peace
0.0,0.0,0.0,0.1525006316459888,-0.2393439801440409,-0.049758507854551395,0.1978486258642464,-0.543363187852315,-0.10800708889576313,0.10192043830674345,-0.7858090365462271,-0.18592685538769999,-0.025279888405995148,-0.8571447952290818,-0.2545918126529466,0.1247896297900795,-0.9918447929533633,0.02136008355331433,0.1652988039352101,-1.3547840360430867,-0.04064704610757256,0.18950950561846047,-1.5675834373428579,-0.08839434639876637,0.2039411032018282,-1.7566376956490493,-0.13064569220196207,-0.009571536072793718,-0.9993190979764986,-0.03563293584092825,-0.04674662944897507,-1.4075639555233599,-0.11056973685365303,-0.053533784282084926,-1.607820906693463,-0.17073113318200608,-0.05713193942628281,-1.8113293444995309,-0.21331463422974264,-0.11594721121333432,-0.9011133333785879,-0.11168638169088774,-0.16552957256145204,-1.2629529711822323,-0.21731610601177193,-0.09041479717478022,-1.099306256134265,-0.24992777042677258,-0.029914233865253628,-0.9298138150099299,-0.24890776897423192,-0.198464111981332,-0.7039414432131916,-0.1980734130712652,-0.202941312048994,-0.9547217720330589,-0.271637189736893,-0.11411261094608774,-0.8614042190060274,-0.2838504749214663,-0.04088811726462972,-0.7168420074800081,-0.280686918556292,peace
0.0,0.0,0.0,0.15155125032006284,-0.23275616133969187,-0.04997959673996738,0.20118563744818965,-0.5374836886695105,-0.11092251399504872,0.10491887969509867,-0.7711025869699804,-0.19172412116220997,-0.028092256044634157,-0.8346803439859889,-0.2619366592036369,0.13076267888909696,-0.9865910680397088,0.021180531716107686,0.17555896038932048,-1.3528294811237873,-0.04187405781957221,0.1981234347713342,-1.5728217572491183,-0.08868240688509618,0.20889254888424083,-1.7700081980569795,-0.1301496984255262,-0.004875696309765779,-0.9993513585167338,-0.03568010392715972,-0.03474026056811184,-1.4145735112710194,-0.11263901391161,-0.04425183285390385,-1.6268764388198582,-0.16967758423865817,-0.0553994214549609,-1.8444417537090971,-0.20890121405129192,-0.11264746226195006,-0.9043514889078325,-0.1115099711059305,-0.155139209009087,-1.259099478155726,-0.21793558495565402,-0.08000303626784155,-1.0601714384616856,-0.24121512962399816,-0.025940035447837184,-0.8789931846678336,-0.2316666342504207,-0.19778511863457196,-0.7110751979611336,-0.19854920501455697,-0.19048923973626294,-0.9548014705842374,-0.2707519565440299,-0.1039524088854657,-0.8419413025787429,-0.27630431080401535,-0.03963023312044305,-0.6943615180681265,-0.2666265589464924,peace
0.0,0.0,0.0,0.15296943209340727,-0.20119409792984802,-0.0740217020683334,0.21472770841736344,-0.48584924826277537,-0.1529049429779957,0.13116963577147642,-0.7241116013143732,-0.24830477193242903,0.005638384405011241,-0.8372035734614612,-0.33326558709624,0.13917604786753426,-0.9796837109214993,-0.016904252305885065,0.19277952819466812,-1.3459665164220989,-0.09233308180152833,0.21992848260954306,-1.5690845395139403,-0.14598554996265847,0.23499495178620602,-1.7746857208261095,-0.1923102317977836,-0.00037921462551117655,-0.9976336787851339,-0.06875230286985053,-0.026510577523124298,-1.416581354910916,-0.15772970003428352,-0.03997988152617396,-1.633510159130966,-0.21865838703942225,-0.05313509268433573,-1.8637552974124119,-0.26141353668758704,-0.11078234004336124,-0.9032845500153808,-0.14068375548089565,-0.14319555983872395,-1.2438258060939331,-0.25507888936360423,-0.07113632229390746,-1.0271388390967637,-0.2752289848657375,-0.01890101083199563,-0.8366112608026404,-0.2644399924602712,-0.1974140792050842,-0.7087045421676864,-0.2262990368965765,-0.18635458682118114,-0.9356801390313257,-0.30647459865075727,-0.09623888335208548,-0.8173339907937058,-0.31209489367226184,-0.02662808208190294,-0.6741604439512491,-0.3016854980623815,peace
0.0,0.0,0.0,0.15271258058097423,-0.19306308822424428,-0.0726287829638353,0.21832897837124,-0.47282072250079465,-0.15570321431257758,0.14048813739650895,-0.6943006524527952,-0.25592178927705383,0.02049313572233767,-0.8114089345660509,-0.3469023760007593,0.1476798657857524,-0.9769591434152642,-0.02774723458601971,0.2070401280853713,-1.326316793554939,-0.11038863066715472,0.23662150277202865,-1.5473628459870554,-0.17019201301352577,0.2538188576617739,-1.753389271015539,-0.2205651193352466,0.007439585753509155,-0.9965635726751672,-0.08249653435582954,-0.015154794591613526,-1.414643719868412,-0.180109880005127,-0.028210276973212267,-1.6445788710435794,-0.2466976457567224,-0.04178466303658502,-1.879312609950965,-0.29385156852835514,-0.1044870840752818,-0.902397708617546,-0.15624397205719398,-0.13942500525507712,-1.239024013191344,-0.2746901703225108,-0.0627054722167549,-1.0141666325407253,-0.29320972779731747,-0.0038610624208516666,-0.8210752700664747,-0.2830661626220986,-0.19193720352074745,-0.7108105769260155,-0.24396671426216465,-0.17440371051491793,-0.930707962525134,-0.3280038113581498,-0.08310432653709236,-0.7965897695608452,-0.3321821962970602,-0.01111564507809518,-0.649386701199663,-0.3213329190634504,peace
0.0,0.0,0.0,0.15230953547656675,-0.200373142193731,-0.07036998783566584,0.22243672164311384,-0.4765936765212788,-0.15282274890220252,0.16143425323176822,-0.6973363227941535,-0.2536413916995952,0.047165667995523894,-0.8191750232951918,-0.3463337446129077,0.14078045070459644,-0.9845375438216316,-0.02369129770684138,0.19441913483847395,-1.3398425338198336,-0.11144841198301554,0.22584537418996886,-1.5609880456377114,-0.1798729382791163,0.24866034989275465,-1.7763639653636,-0.2364186371654062,0.0041510603235707395,-0.9967661138692834,-0.08025000274215796,-0.01959841397232486,-1.4109155299209397,-0.18388817413544295,-0.02698572987977198,-1.6306297530690292,-0.2606551051083327,-0.03303911544918897,-1.8627585774339595,-0.3150426858911409,-0.10617552241767074,-0.902871274465226,-0.15565153108434696,-0.13406565464276868,-1.2476209649972787,-0.2791042312426655,-0.051387020226670764,-1.0217916488724028,-0.30548861688294504,0.013957488389318817,-0.8236244202494818,-0.3012707994460009,-0.19408757114224767,-0.7139646006890153,-0.24481867161196605,-0.1746201465436679,-0.9463094514767991,-0.33246487856395984,-0.07914565810742308,-0.8141675328333339,-0.34091121881457676,-0.0030916320039205128,-0.6604029750687597,-0.3341546869326256,peace
0.0,0.0,0.0,0.14717909860754785,-0.2185903105784355,-0.06655264623814472,0.216333591838323,-0.4879790361817276,-0.1491503199952031,0.16285628794562723,-0.7277557301688595,-0.24987337893288852,0.04601462725973098,-0.8475642834775912,-0.34143847328503835,0.1377361061376892,-0.9884746852925018,-0.024269489695922145,0.19127807216942266,-1.3613549122331918,-0.11047587950521308,0.22002377235023848,-1.5841045821202113,-0.1729498835341168,0.2415017910849222,-1.7989903876567102,-0.22546256399189776,0.0027172221171909,-0.9964657555046856,-0.08395590991968054,-0.0251857518397235,-1.4152484345122676,-0.18905158838952135,-0.029165449261214685,-1.614387142969107,-0.25711755604454983,-0.026724125662382903,-1.841829004330696,-0.3034718865074156,-0.10821395590356077,-0.8977711559387705,-0.16237118028486905,-0.1253186552720962,-1.2579041651924727,-0.2919514336766484,-0.053314387582951636,-1.0247337023462153,-0.31476324773482117,-0.0022752801029563593,-0.820284325699611,-0.30411767566277365,-0.19613267556887634,-0.697422629957003,-0.2531124628453629,-0.17212325009938456,-0.9301968480573322,-0.34176564252440506,-0.07537043136706778,-0.8017834890389045,-0.3484099295029578,-0.005831798627001484,-0.6448586661685931,-0.33879829595519545,peace
0.0,0.0,0.0,0.14684844560264473,-0.21282492454415664,-0.05277741359323007,0.21341224570137166,-0.5022012185020369,-0.1329721929414315,0.15142463538781417,-0.7173539611118362,-0.235205183064829,0.041931520671800664,-0.827470609271616,-0.33104694285074343,0.13684462589866925,-0.9977305489069411,-0.01852437098863799,0.1761182048620604,-1.3593733257624714,-0.10954652997391655,0.20363422615536242,-1.5739842884286124,-0.1769859200899011,0.22772512688280272,-1.7783190869088241,-0.2314321085682946,0.0017037830666614628,-0.9963318117222764,-0.08555698728606514,-0.03897003774704023,-1.4110246855752966,-0.19179697098901277,-0.037082886093634186,-1.580943166419988,-0.25772709368974256,-0.02478956714247081,-1.747823627014051,-0.302686703818906,-0.10927243042124409,-0.8887145135118013,-0.17078482933457004,-0.11681080530847499,-1.2243873631809743,-0.2940954140680182,-0.041111277272560184,-0.9884417463180178,-0.3090536714228454,0.01426443094762492,-0.786092705246557,-0.29824498098698127,-0.19613748035100811,-0.6881337555077005,-0.2690248255383671,-0.1439816563025491,-0.8851464497095551,-0.35560286049612744,-0.052532090771040325,-0.7295951183205994,-0.35704468127379374,0.011950455805926245,-0.5699944307447146,-0.34600685533778114,peace
0.0,0.0,0.0,0.14299884274388605,-0.20377978593366727,-0.059305884685986236,0.20639023528403563,-0.5006787547454565,-0.14499843202853308,0.1411868410313277,-0.7121002195631695,-0.2517249139907872,0.033305360651407816,-0.8387372450494112,-0.3532948474886006,0.1307171837628453,-1.0007102722907057,-0.0326938066125496,0.16904610239034806,-1.3567250525307946,-0.12948147028499277,0.19403539368132477,-1.5748049246219447,-0.20326791167260153,0.21656060086527326,-1.7841824240517912,-0.26314430504084363,-0.009088978786817614,-0.9949858771528765,-0.09960157996203357,-0.05053749592842033,-1.4118720442089763,-0.20991366339956724,-0.05008356179097005,-1.5971654961425217,-0.2830878059799695,-0.03914816022402256,-1.7723520747279755,-0.33589666336655677,-0.12433676951020839,-0.883679046312595,-0.18464379246064497,-0.125878954467284,-1.2228939229804883,-0.31077115145772616,-0.04196271338269106,-0.9907326041229424,-0.3316196690730467,0.020244634809605963,-0.7841258492203091,-0.32820744101381244,-0.2115634895745269,-0.6829670758793492,-0.2834368113791769,-0.14450882734742665,-0.8587773722845287,-0.3753958982915027,-0.048855305045473515,-0.6919415869517196,-0.38099704380028415,0.01820268825268196,-0.5284853246168743,-0.37464085551895904,peace
0.0,0.0,0.0,0.14026096749200248,-0.20066366152807089,-0.05744705694258222,0.2069822584011507,-0.5191023174955206,-0.1413865320404896,0.13059927490235018,-0.7282533426831004,-0.24610040656880083,0.014025130477146514,-0.8575160783041369,-0.3455791681618781,0.12950615394269108,-1.0088445614292652,-0.035795412265829364,0.17330428509229148,-1.372184029431614,-0.13467626090217177,0.19847639165975914,-1.5964579318264698,-0.21070897078144646,0.21922297222052714,-1.8065728647852293,-0.272584330244289,-0.016495805882958396,-0.9945235872317972,-0.10320224235872498,-0.05083577834361437,-1.413526904410304,-0.21531441356072878,-0.050907118003761145,-1.6318098172763,-0.293504351498981,-0.043971546144799124,-1.8292401680403017,-0.35187052438663063,-0.13742814565578954,-0.8725788204952949,-0.18772379999886765,-0.12475528207955666,-1.1650163290320408,-0.3105795094346611,-0.03876519008265728,-0.9236826879364071,-0.3293931604068274,0.02267552684702003,-0.7141289123331844,-0.32655933632034595,-0.22895353739274205,-0.6711036960317763,-0.28705808336091193,-0.1471076217630288,-0.8058199066529856,-0.37806451504850974,-0.04631845649179722,-0.6236515145950776,-0.3821924498215991,0.026087700735954324,-0.46004397515311596,-0.3750761388308596,peace
0.0,0.0,0.0,0.13652844807582937,-0.1920932755870225,-0.06709477398411466,0.20620667913912366,-0.5113896123231655,-0.15234318053894733,0.12302362413451934,-0.7184561375530124,-0.25671975175516987,0.001497159589387936,-0.8449431254100875,-0.35572370609487186,0.12563179293525267,-1.0080104197165063,-0.04830202642999085,0.17066192960562968,-1.3738969985315337,-0.14970932694995262,0.1926404597683284,-1.5999439104508737,-0.2242997091686269,0.20756678428491307,-1.8079228916596723,-0.2843816743964183,-0.020856771583228382,-0.9935138632063197,-0.11178183526843179,-0.055045033546744344,-1.421624399726914,-0.22838937862345032,-0.0566501002546224,-1.6527334371588447,-0.30638705213960327,-0.05293195583563284,-1.850195918765194,-0.3636722953474038,-0.14232463140021412,-0.8690841390335512,-0.19292772997431037,-0.11907932954766093,-1.1193374910188874,-0.3172688235396984,-0.03606278638969118,-0.8644617040210127,-0.33334300486125057,0.018737595672891266,-0.6564922318686326,-0.32754049077919595,-0.234736018940472,-0.6709604679281813,-0.29070909872871165,-0.14401300571106374,-0.7769161626657484,-0.3834946211273532,-0.046297528516084784,-0.5866508998158969,-0.38848144938341167,0.020827314180192024,-0.4315344169871515,-0.38038577983431765,peace
0.0,0.0,0.0,0.13715497782770597,-0.19559658106507308,-0.06632048604982252,0.20315719397291324,-0.52602348982033,-0.1486683923089988,0.11643050546825869,-0.7382228260729502,-0.24928385060383076,-4.9577112276651494e-05,-0.8558670412211314,-0.3443639468487368,0.12312857990813542,-1.0073596166335943,-0.052386522332164995,0.17042958630303556,-1.372419856597513,-0.15154599508758781,0.19634302646178858,-1.6025370842264692,-0.2230346804378797,0.21307891685292868,-1.8112016756594147,-0.2812520505278457,-0.018983489433331936,-0.9932072102203208,-0.11480002044991805,-0.05193956496228451,-1.4406460193709303,-0.22835154169401117,-0.057396559024835724,-1.7083795710828442,-0.30502631575609895,-0.06238236394945748,-1.9305899723032283,-0.36348555501830215,-0.14187389263123834,-0.8657684168279834,-0.1942200625507937,-0.11767396141554726,-1.1188692838514436,-0.31169084818095094,-0.03692069522632555,-0.8679431994865192,-0.3240928984953196,0.013388505741610813,-0.6566387301104926,-0.31766496767452534,-0.2405935944525664,-0.6693699259718354,-0.29099134512753055,-0.1484048508884824,-0.766931485793251,-0.37857548528185747,-0.05144048869869932,-0.5841968602231505,-0.3822192481057155,0.013151568459188672,-0.4334634343424239,-0.3742501662712588,peace
0.0,0.0,0.0,0.13468582233050308,-0.19114458428267253,-0.05923530258625607,0.1986402070941649,-0.5198417244450501,-0.14295985383283136,0.11309915640392236,-0.7360658596263715,-0.24551551241482325,-0.008163434961354537,-0.8653280342103512,-0.34172770505269967,0.11567850330039642,-1.0071153047815375,-0.05300877483970672,0.1673189902536581,-1.3842683156295807,-0.15281735816405528,0.1928621847269403,-1.619036333019363,-0.22237874180803305,0.2074643212273106,-1.8313001147237131,-0.27934815779538585,-0.024695300471243117,-0.9925532783607565,-0.1192816488398332,-0.055620481964052566,-1.4520684093386047,-0.2345368512422964,-0.0631622106917737,-1.7265465426631972,-0.3067542483749527,-0.07268608031136213,-1.9572569292953539,-0.3613086344027056,-0.1434472903084146,-0.8606095175279475,-0.2010348297329872,-0.12935955524112694,-1.1290685545018044,-0.31815478901862343,-0.04781421278873132,-0.8757382538876678,-0.3210839619700717,0.0029840658696492104,-0.6689466035054276,-0.30794734233386944,-0.23334369605838762,-0.6561967670207286,-0.299501973829835,-0.1406149811316442,-0.7665501403731805,-0.3858724658179756,-0.044493966561287394,-0.5722982654402644,-0.3814577984949343,0.016813256325975787,-0.414788670682034,-0.36681782619783787,peace
0.0,0.0,0.0,0.12971869446267295,-0.18884146076491454,-0.06922746866125071,0.19999054851576026,-0.5055341861268617,-0.1573286136918059,0.12366145663825714,-0.7316675286856351,-0.26236214630099974,0.005288008097164074,-0.88754707231156,-0.3597642411637393,0.11839609394613902,-1.0115735075951036,-0.057039554830909986,0.16803829002155712,-1.3887555780493723,-0.1585313830682463,0.1898810072641083,-1.6198545887055598,-0.22859611327022888,0.20020394575610118,-1.8320297932245266,-0.28573044469901276,-0.020042101522428683,-0.992747219508441,-0.11853797840702104,-0.04904882525942284,-1.4396823398263257,-0.2394972746383554,-0.05864894690387506,-1.7038811801783578,-0.3135123274401217,-0.07177491731141498,-1.9361831514728525,-0.3668942795506138,-0.13774526647543398,-0.856620589462131,-0.19632841295427664,-0.11623988416300124,-1.0793775225298523,-0.3197184435017636,-0.03634138681991225,-0.8128653826479691,-0.3227566255073184,0.010458606909609097,-0.6133638524736017,-0.3060935091357495,-0.22733018281733858,-0.6490166965725294,-0.29152794890812356,-0.13745771063388487,-0.7418275630701593,-0.3806052052520041,-0.039806847836211606,-0.5432089996799172,-0.37670726290217943,0.023142379880783423,-0.39053633102618823,-0.36008836627424745,peace
0.0,0.0,0.0,0.13550103955805648,-0.18649987575571586,-0.07173168944668148,0.20431713997478215,-0.5068515522339295,-0.1625190930159992,0.1263268468201785,-0.7425970812960953,-0.270132838600926,0.009773925288219203,-0.917022396484419,-0.3704758284502619,0.12470842143985222,-1.007750972032122,-0.06196324638570551,0.17167490617427406,-1.3908238474820807,-0.16643439186617243,0.19212333133564025,-1.6262602148767473,-0.23978415298488795,0.20146340317418626,-1.8443300161908813,-0.2998416057854244,-0.015562540988189433,-0.9921688131441012,-0.12393076108140393,-0.0427463766173014,-1.4421251690986054,-0.24878065479759215,-0.05218268914769036,-1.7128220922963995,-0.327687057654136,-0.0640125908805369,-1.9502738650863038,-0.385154896321178,-0.13541948661320766,-0.8611134361954669,-0.2018635229473007,-0.11836896387184265,-1.0953425324141255,-0.33040665321295315,-0.04216246164064645,-0.818603809625868,-0.3366958334931747,0.004225346404510096,-0.6115314331957167,-0.32223559251016776,-0.22688871491318174,-0.6577762668085946,-0.29712183048145185,-0.1360766349017988,-0.7538706974504784,-0.3914430238083457,-0.038620249538639934,-0.5465832431028046,-0.3894422034485846,0.025587493225035923,-0.3865827334239705,-0.37408231228430733,peace
0.0,0.0,0.0,0.14580077203022646,-0.19046448982143174,-0.07570699309323395,0.21614527834329367,-0.5174873179654227,-0.17007537911181453,0.13039292990763363,-0.7537482587346311,-0.28119717482803813,0.009041358060525367,-0.921896296345767,-0.38467462550498727,0.12866149190839543,-1.0065621842633192,-0.06756804350220016,0.1752649797370126,-1.4025297714068536,-0.17641189112396766,0.19716750216323417,-1.6390778128647112,-0.25150071002569097,0.21055827790916343,-1.8592943472371908,-0.3123492033140561,-0.013858865550023814,-0.9915652221372657,-0.12886551941283936,-0.04628557376935452,-1.4635491842535437,-0.258700075288831,-0.053601593405712314,-1.739914515614069,-0.3403014262677722,-0.06031596357695576,-1.982326246851052,-0.3988589770005672,-0.13575561321030294,-0.862597699824486,-0.2065719499229223,-0.11356998636875397,-1.1170442081702399,-0.3388357667357095,-0.034048353867305245,-0.8299502500866662,-0.3454146316918156,0.012988519286558291,-0.6176421302879664,-0.3301920641619803,-0.22915178085980062,-0.658850859462252,-0.30202246497257285,-0.13471069290172508,-0.7739563612723857,-0.3986566656636484,-0.03663299622075961,-0.5612553447070949,-0.3965339346654025,0.026500445213192152,-0.3925474081705496,-0.38075464945405185,peace
0.0,0.0,0.0,0.14803969595196875,-0.18318519787994916,-0.07833806616988499,0.21865516555687883,-0.5153753249818064,-0.1684934846331067,0.12839674884331037,-0.7578854217341902,-0.2747150012800608,0.009918185280790151,-0.9272148854702916,-0.37375228366353147,0.1369488286546527,-1.005863080355484,-0.06497441442590073,0.18267620531958106,-1.401456954793182,-0.17040569997460686,0.20404206555516097,-1.6398922850706141,-0.24414629807375354,0.2160154796896193,-1.858568069902507,-0.30413025491544526,-0.008328617110049771,-0.9923533732329353,-0.12314786547175095,-0.038979849749597825,-1.4524441305813223,-0.24958311419629126,-0.04653550571255375,-1.7205652508956215,-0.3320723293842287,-0.053526172606854744,-1.9493182092252899,-0.3910034210371722,-0.1309678782378082,-0.8646149758608803,-0.19808731218008035,-0.1055691180755279,-1.0835198753780797,-0.32797621096966834,-0.025680731364754544,-0.7976887864878959,-0.33974154835931675,0.021591939596138154,-0.5893388624503926,-0.3276138559945513,-0.22487779062350585,-0.6669793295191702,-0.2910879354709398,-0.13063284118542529,-0.7559731671428009,-0.3864929807944774,-0.03237215710542763,-0.548282222574777,-0.3890183709850107,0.032833317134418165,-0.3911076644598042,-0.37625085309659095,peace
0.0,0.0,0.0,0.14646076257450416,-0.19149544810389107,-0.07354018484367324,0.21110813564451705,-0.5265028617739596,-0.1588108734397987,0.12238650447854046,-0.7728175828349526,-0.26114004840242283,0.01133856696335757,-0.952339178771623,-0.3561885550582197,0.12799565657477321,-1.0101072487370515,-0.04975297940769882,0.17001391694655305,-1.4018191355565743,-0.1509876858284509,0.19213408850275748,-1.638246201793352,-0.22410590399524866,0.2057724319410345,-1.8553533212535216,-0.2843605666448698,-0.016294294832741765,-0.9939683413728897,-0.10845004520206467,-0.04332814947094824,-1.448607329874443,-0.2322090931145873,-0.04756230071498396,-1.716773911741239,-0.3179848368554038,-0.05312217338460929,-1.9477940812305623,-0.37955518155806633,-0.1381676641754994,-0.864733359643856,-0.18388256810027012,-0.10786920479930158,-1.0703722128838307,-0.31152073913245,-0.026499225284435563,-0.7802638090452125,-0.32756134976800644,0.01965787782332353,-0.5729664409752808,-0.3184836599875016,-0.2321107127151664,-0.6655708715585651,-0.2769186130657468,-0.13295662693634963,-0.7456730067616445,-0.3712629219578128,-0.033844690794759276,-0.5367691293843033,-0.3764755319446197,0.029247234841797306,-0.3795958582640465,-0.36572564442953603,peace
0.0,0.0,0.0,0.14938996242400493,-0.19314740664492008,-0.06933562117325008,0.2146143596385201,-0.5322426564638958,-0.1534978042955374,0.12559972690300394,-0.7790134784591892,-0.25463159164613774,0.009266390482659585,-0.9460803424059284,-0.34831701892055067,0.13112235823337653,-1.0112945933588378,-0.05141082322762344,0.1791379559319747,-1.405240110660753,-0.15185141481457223,0.2018564925708062,-1.644379887025833,-0.22237585974547125,0.21339268632698272,-1.8635879666066213,-0.2807827618372184,-0.014098653262900634,-0.9935819685400308,-0.11223225814483719,-0.04296973497349826,-1.4549438983243301,-0.23528076833880826,-0.04964238164281338,-1.7273447055883475,-0.31597662914960656,-0.058664627705570335,-1.9594955044404894,-0.3737933570245852,-0.13611992052562083,-0.8602985622747304,-0.18904944623105194,-0.11434688864022952,-1.0778570288226883,-0.31656801880396307,-0.03230358315006488,-0.7898372144081959,-0.3269521891069204,0.01428054614023941,-0.5851873291888958,-0.3135401788137167,-0.2275961842931487,-0.6565576129909978,-0.2829163832557378,-0.1306661992219914,-0.7462279478828233,-0.37630497953305314,-0.031204616189829063,-0.5342171612485784,-0.3771464322599158,0.031732961624934025,-0.3756556124737984,-0.36294309282908704,peace
0.0,0.0,0.0,0.1489232368596096,-0.20411855947618754,-0.062264729380243564,0.21164899747110139,-0.5461845350991271,-0.14679770444645202,0.12817702330000305,-0.779595295778537,-0.24883239752414735,0.006140898505521968,-0.9229083704863034,-0.3446661408820634,0.11244889994652253,-1.0142105406995627,-0.0688325983099631,0.1654711602030963,-1.4041287628295918,-0.17669340593647279,0.18951240564477614,-1.6497979396020546,-0.2567875975998277,0.2025160753928956,-1.874088569557496,-0.3221025589726967,-0.029573296454943533,-0.9908015236681322,-0.1320520383549431,-0.06235344832545608,-1.445423657888289,-0.26444109995569187,-0.07430015379435141,-1.7253448310458712,-0.35488001102868805,-0.09093321303653212,-1.961508354065429,-0.4204639840174107,-0.14863123750263707,-0.8489841986287932,-0.2071604589510547,-0.13876574827643617,-1.0918402210935618,-0.33414926242604914,-0.04410700089473246,-0.8121056758912436,-0.3420784341928,0.013799879125803063,-0.5982721877190572,-0.3304678425259207,-0.2392405776437696,-0.6291637275905949,-0.2989896303377079,-0.1571456661493238,-0.7520909484478803,-0.3920310577621484,-0.045883845814880864,-0.5625874548122037,-0.390672867575354,0.027549851000648218,-0.40757972722231495,-0.3766364008197452,peace
0.0,0.0,0.0,0.14608341985207865,-0.21550509348912358,-0.06027363471195333,0.20166191045194187,-0.5674674136132176,-0.14544932482116435,0.12755383406746054,-0.8214963316792119,-0.2493756534542949,0.020324256719540246,-1.0046603033511088,-0.34752568931376576,0.0990409413753337,-1.0214630634514115,-0.06429850657491706,0.14632982194788557,-1.4219155802079395,-0.17325411578596772,0.17054274404540595,-1.6686231384066053,-0.25514691869378264,0.18354775775411084,-1.895718656252863,-0.32192945441936144,-0.04458501977380678,-0.9905906166691566,-0.1293923729544697,-0.08657498517261857,-1.4577152221637315,-0.2668888835151228,-0.09702008432411512,-1.7393458320443607,-0.36240311551210475,-0.11262840814813854,-1.9742864200543604,-0.43048182892916664,-0.16523398548897314,-0.8462817576153143,-0.2061396930932413,-0.15116874420565649,-1.106505867894263,-0.3366179247149776,-0.043609572301747286,-0.8346870995451937,-0.3464957327870067,0.018011485157911077,-0.6213096585173704,-0.33583987411090743,-0.25743187072161355,-0.6259186901599816,-0.29914546337615266,-0.1720416901282304,-0.7654294822863713,-0.39531909617076183,-0.05790396330045116,-0.5786960671956666,-0.3952864436593545,0.008924455289617097,-0.42072755656260213,-0.3818029939224837,peace
0.0,0.0,0.0,0.14711975521898685,-0.2023933060773373,-0.07666299849420445,0.2092290303918827,-0.5407455321867276,-0.17534673228548353,0.14605439414501445,-0.8018723091671437,-0.2906725560561014,0.05734229296162347,-1.0267550955352156,-0.40009679650432567,0.11210124079601681,-1.009423662023324,-0.09383539732514666,0.15152139247306218,-1.4164187876065009,-0.21884696020678088,0.17614760318137793,-1.663646644977552,-0.31071980649988473,0.192715459408234,-1.8956975078384843,-0.38325474709515334,-0.03588981892850666,-0.9873922859403153,-0.15416995350209187,-0.07079712765908129,-1.4653571978784443,-0.3123430143279612,-0.07013094758710109,-1.7427824076262255,-0.41791922159458494,-0.07322636594054656,-1.9840871652180483,-0.49071130558947323,-0.1644238879969162,-0.8508795510193092,-0.22614460977772424,-0.13492602469576542,-1.084935594815255,-0.3681190462627564,-0.03429889237369643,-0.8016077344866578,-0.3776686901608871,0.020989626454625467,-0.5873810886560515,-0.365859172669686,-0.26524286331439745,-0.6378963007787471,-0.3162278876891752,-0.17088688877751826,-0.7469858173632731,-0.41685396592885204,-0.0593486333872681,-0.5457130008690293,-0.41636945695719707,0.0023966671355406723,-0.38601424801240797,-0.40199406575441937,peace
0.0,0.0,0.0,0.14687788287677592,-0.21397077536272874,-0.07340569654686001,0.20383100289192718,-0.5690950332570297,-0.16837170702477067,0.138470433637836,-0.8369709302278655,-0.2811825841673951,0.05834286126675497,-1.0626549074028147,-0.38846687383523043,0.1109438079878992,-1.0110146040232932,-0.07770845948557649,0.15807431026974658,-1.4059750162514544,-0.19881071472422965,0.1862944349514779,-1.6467941112736437,-0.29040127850833775,0.20586454926934983,-1.8791150208379146,-0.36304311281372637,-0.035604681312539826,-0.9896449583671767,-0.13905086496336933,-0.06363436544164842,-1.4557292723630078,-0.29180014613545496,-0.060867965835130364,-1.7215780588975345,-0.3984861042941919,-0.0608502406202604,-1.9477278504989817,-0.47291686646107234,-0.1644557041446908,-0.8576277690288473,-0.21292518199200489,-0.13436662436647362,-1.1084148707491677,-0.3547736142798027,-0.03417009948760368,-0.8215366993796924,-0.3698140921405034,0.02360428881653054,-0.601659629204878,-0.36218409931272066,-0.2675672883190789,-0.6516690018018839,-0.3042416643658217,-0.17144154894815297,-0.778207833658564,-0.40674911413338605,-0.05844277661486265,-0.5685725614472861,-0.4089622338186005,0.0057151157088431775,-0.39928599769986295,-0.3972363183849999,peace
0.0,0.0,0.0,0.14681681218153603,-0.21697393670317766,-0.06071674810576666,0.20157871901739177,-0.5770911671924898,-0.14489539682433886,0.12479183824834579,-0.8465239295337285,-0.24773229117637366,0.027097616529258177,-1.0493024402672955,-0.3454506384540998,0.10863884072072465,-1.0114940249047153,-0.06002742948033098,0.16644800336314222,-1.4053221753307008,-0.16779649767034852,0.20317823037177907,-1.646595691095651,-0.24763858381527823,0.23182715987160898,-1.875546557042899,-0.3121774853481148,-0.03686459186855341,-0.9916999927939799,-0.12317510364836229,-0.08459733921956114,-1.4596127504876197,-0.2575562977542868,-0.09198181676803366,-1.724807535461501,-0.34853211827717856,-0.10002968126224658,-1.9474428311249947,-0.4137903305916822,-0.16029453574005612,-0.8563173770706991,-0.19885073218310137,-0.14143420229873857,-1.1297566168832858,-0.3270087450298292,-0.043431489829843344,-0.8534554266478681,-0.33345327499369554,0.009944898038414487,-0.6361716281248837,-0.3215706331787966,-0.25569379721442054,-0.6440189999984524,-0.2910486902264811,-0.16429932574063583,-0.7856180470978572,-0.3858777447815856,-0.05248582517035199,-0.5856107852333315,-0.38332557707836934,0.009628813670150177,-0.4171379224152979,-0.36865341425001713,peace
0.0,0.0,0.0,0.14548031929984925,-0.21633952999262174,-0.06237466665817599,0.19603143500004058,-0.5845473666596447,-0.14526893307633248,0.13372993353704654,-0.8616469061517763,-0.2466381911580995,0.06391422512839351,-1.0892488426001465,-0.3436379085547692,0.09553045817233136,-1.0099449871985346,-0.054991075313856504,0.14631792403139174,-1.4006035600219569,-0.15872930117445724,0.18213882956278035,-1.6430235871707823,-0.2367761831024267,0.20795241858148333,-1.8702656770776738,-0.30092022530460266,-0.04657647103120293,-0.9921334790602049,-0.11619712592905608,-0.11046140264904604,-1.471105769226433,-0.24616430540153494,-0.13193881449983927,-1.7503497412121642,-0.3397459021435128,-0.1523894782685904,-1.9761697260169169,-0.4091024769232168,-0.16534195168737992,-0.8559905189346154,-0.1904777501621491,-0.1497532730636922,-1.1422439643568738,-0.3162635707774268,-0.04625213496834132,-0.8755461500464634,-0.3276345370865747,0.01147599618915356,-0.6607033287727789,-0.32087176664133293,-0.2578181925815926,-0.6495846501889418,-0.28120548195918676,-0.1639096254682504,-0.7898221687065662,-0.37828325391679385,-0.049514041128818756,-0.5974285030041789,-0.381001912977829,0.014687534371057919,-0.43649669986746664,-0.3708880650292907,peace
0.0,0.0,0.0,0.13508932801559734,-0.2411949482537549,-0.04706906469110315,0.1819426870554437,-0.5977957167486374,-0.1250577802221143,0.14074953438499116,-0.8699054723752794,-0.22436227823982846,0.055777058648812834,-1.0887895971695092,-0.3190092764016453,0.043815115269337276,-1.014550479055403,-0.04402794757287041,0.09374996261895399,-1.3967828737601513,-0.14820222876993686,0.1263379767888314,-1.6268019426017264,-0.22645509876699088,0.14449102673086167,-1.840313563167617,-0.2900912751328888,-0.08955944080959129,-0.989487749454262,-0.11354770029292696,-0.15730652494837252,-1.4652073857057064,-0.24536784085474053,-0.17550785762841284,-1.7346114186792636,-0.3388635056399696,-0.19311331834392662,-1.9522210891149803,-0.4082092469786292,-0.2006685172177344,-0.8430758044879246,-0.19501530846041076,-0.1657565289124724,-1.1403874699561447,-0.3170192928583205,-0.05328178575596705,-0.8968783090770809,-0.32555426394507025,0.00871891782232008,-0.6901981711272197,-0.31891567611551425,-0.2849395287406082,-0.6254401033586722,-0.2920119309621802,-0.18054238269068282,-0.7727181986599174,-0.3843208637764868,-0.06256582153795055,-0.6046321326009417,-0.38450042832877007,0.002814673701028635,-0.4555724042671315,-0.3740153331981721,peace
0.0,0.0,0.0,0.13854632916976453,-0.23899280888994096,-0.039887318757038194,0.184402977125474,-0.6181029690307582,-0.11494821765116414,0.1353711345251171,-0.8870368792647779,-0.21267980235490966,0.04384876467340726,-1.0952915248988648,-0.3057139378003986,0.03891845917493865,-1.016519348563608,-0.02966562648982632,0.0900658205302173,-1.3968953391567238,-0.13010899511492421,0.1262294746157445,-1.6229580095678058,-0.20484946416531744,0.15060937534272809,-1.831962477676214,-0.2659991159816731,-0.0953538404530892,-0.9901775608486854,-0.10225469721530793,-0.16033386217121265,-1.4600705242973901,-0.22752953505780313,-0.17578944583921385,-1.728153088704666,-0.31679560019954794,-0.1887838133777691,-1.944003235028831,-0.38423730422577695,-0.20412937888222665,-0.8485549705052566,-0.18742434040972356,-0.16427504015036326,-1.1599351728156448,-0.30605191732823434,-0.048696297561073944,-0.9149562155620395,-0.3135443148382121,0.015221251195368943,-0.7106118765203464,-0.30717494171796683,-0.2853316927696579,-0.6421231870234444,-0.2876493075703925,-0.1635726643040106,-0.7876198256191157,-0.37601702053726876,-0.04498955564981375,-0.6043204487725792,-0.373755199379838,0.018353246617607955,-0.44955286338608275,-0.36306385801241375,peace
0.0,0.0,0.0,0.14052809819254186,-0.23356987495953208,-0.028627799062414645,0.18744731065791698,-0.623266328217439,-0.09368973976478333,0.13638692699386779,-0.911652757726019,-0.18198597869291555,0.03144553336982774,-1.104520629988958,-0.26371892425923377,0.046724037266272556,-1.0095718567457583,-0.006068152845889962,0.09694939619868355,-1.3957170885106607,-0.09478034677974857,0.12306871464644999,-1.6261613823560432,-0.15825709344607333,0.14028137698671775,-1.8470134890704049,-0.21201337956045938,-0.08587996841994676,-0.9930365974159768,-0.08064072926683964,-0.14601244926695944,-1.4690457586233117,-0.19793912053212082,-0.15371914314613164,-1.736414381055928,-0.274815205346861,-0.1591547261423344,-1.9503250617513843,-0.3304330122189517,-0.19266117380484868,-0.8628402326544823,-0.1674632256794487,-0.14844756081802102,-1.1842916249656135,-0.28580875452288884,-0.0314052019633709,-0.9293156502567314,-0.28665370777678006,0.02585932491685855,-0.7310073593442646,-0.2705686014727624,-0.26897385356408704,-0.6643280212124312,-0.26757121661485017,-0.14438509759368176,-0.8295090002603244,-0.35562043853921527,-0.030218306287646286,-0.6357250289078699,-0.3494046434562465,0.022262524819108006,-0.4733783600259661,-0.33257605545348545,peace
0.0,0.0,0.0,0.1370081487452936,-0.2362790900031331,-0.02633582028234376,0.18880034729476142,-0.6252202238238205,-0.08740231026961821,0.13478054051884608,-0.9036677695713772,-0.17261913750680116,0.022627718232903896,-1.0743414004860385,-0.25171423527518855,0.04927062142427532,-1.0118380814907335,0.004218802594377227,0.09179860010758205,-1.3893515072643223,-0.08055328305218272,0.11790815972551612,-1.6146808191442399,-0.1438900794162185,0.1389665756944235,-1.82959052120056,-0.19841434501663502,-0.08289308375480259,-0.9939469499423802,-0.0720983867077362,-0.14911280468500723,-1.4528194949315365,-0.18105888728298947,-0.15462210961768755,-1.7062656516240589,-0.2579640191839147,-0.15381671677767647,-1.916977641691402,-0.31584498453101906,-0.18997345732867277,-0.8683099688845658,-0.16174753769785982,-0.15696535926806648,-1.186860813255816,-0.2759086950673965,-0.042499606075309324,-0.9389864426904813,-0.2839426499709008,0.019480817021705545,-0.7401741497592318,-0.2747459814945385,-0.26724466757249493,-0.6712741904410627,-0.2644394523901793,-0.1523877411308508,-0.8295626146098565,-0.3522093214114688,-0.034278719729223334,-0.6485787671760782,-0.3517002277114732,0.029147784521965866,-0.49079900138748206,-0.34052357115246684,peace
0.0,0.0,0.0,0.14065779005797907,-0.24248673226958528,-0.0252726042919792,0.195199214612402,-0.6323372956115613,-0.08611653376459422,0.13890224264576623,-0.9077568548378145,-0.17056854557059503,0.019151748499912673,-1.0678106189975836,-0.24794116806960068,0.05062120233462021,-1.0082587649804928,0.010070304690100028,0.0947093958780966,-1.3761123463488736,-0.07003608768337967,0.12199094872833209,-1.5987499894115216,-0.1273643277918302,0.14116813088033958,-1.8110077838036935,-0.17655565593867814,-0.08174792728372299,-0.9946071479823512,-0.06382693449656013,-0.15001226645117635,-1.4604509621127735,-0.16776204890412427,-0.15653307959766807,-1.713705093538443,-0.2353223241245527,-0.1587135983196775,-1.9123964319724789,-0.28510627460655774,-0.1891793610231536,-0.8669116604089782,-0.1513353364185836,-0.15688279231397104,-1.1897226608626543,-0.26069695242628577,-0.047016190622746035,-0.9429334719378917,-0.25902789506663676,0.007883806731700995,-0.7488121646874235,-0.2419030470724438,-0.26714726388243243,-0.6687393144084661,-0.2520815373108136,-0.15493659674732668,-0.8402359288127377,-0.3342131843968884,-0.04147332224655376,-0.6526833833971369,-0.32607402484051856,0.01572716978712047,-0.49331778715183355,-0.3084936382476898,peace
0.0,0.0,0.0,0.14526459632102834,-0.22323543377647273,-0.02727425200390786,0.21034171722689404,-0.619405928614843,-0.08467455907465674,0.1637577440411143,-0.9077673088449802,-0.16426003827420996,0.040717992243599545,-1.066186932694578,-0.23643222637042277,0.06037960028353676,-1.0017893879754556,0.014667757955937827,0.10481860219349194,-1.3708634849750783,-0.060758278654803655,0.13333754179718013,-1.5914979629606627,-0.11476435721261131,0.1558069331631016,-1.8036525120073261,-0.16237540880073015,-0.07246256127760882,-0.9957576516328085,-0.05670852165065436,-0.13874858598283282,-1.4593090788469951,-0.15412880259089515,-0.14092247539426356,-1.7158314869989884,-0.21951788050400795,-0.13757300090493352,-1.921882004363989,-0.26919154954698604,-0.18016627137707494,-0.8770717556576665,-0.14206155797486977,-0.14242171308407262,-1.2012937195564115,-0.25033048141682496,-0.035850525186657566,-0.9495242584533253,-0.25141831671729614,0.017828868807975407,-0.7512053608805115,-0.23590866142975778,-0.258675866271963,-0.6873505550832707,-0.24048202266551727,-0.13605176028585897,-0.8488885178890575,-0.32332800200918294,-0.02319234475607326,-0.6536317994148783,-0.31696808149895556,0.03410034932736839,-0.48817815340666293,-0.300519267847268,peace
0.0,0.0,0.0,0.14921541472066874,-0.21650674235118145,-0.02129412328609192,0.22254962326550734,-0.6216120262487805,-0.06917539297991751,0.18117765429363605,-0.9173610646825743,-0.13969958885096864,0.05782315933101492,-1.059920629874659,-0.20161283138157535,0.06572286166347945,-0.9961646424494147,0.031085585421767033,0.10284329397681925,-1.3753244408076326,-0.03604271247243404,0.12880530876728102,-1.593786220320469,-0.08288092810415744,0.15080115642108918,-1.7943729477939991,-0.1252471181984722,-0.06509443020143676,-0.9971071296819849,-0.03924368858941639,-0.12395690618425363,-1.476555652922632,-0.129898876013808,-0.1143316566793275,-1.7457446375978434,-0.19177335478462268,-0.09938953362365728,-1.9521939171884293,-0.23804484704749992,-0.17186720704154415,-0.8900009951717015,-0.12344067100600536,-0.1151423364645729,-1.1949285667699332,-0.22366594489235236,-0.013182664258411575,-0.9360672714503994,-0.22200882082133877,0.03453803009293748,-0.737517907472937,-0.20360468611700736,-0.2501069773860493,-0.7146418505390165,-0.2209042536178925,-0.1158234482494139,-0.8718488915562225,-0.296855415849908,-0.0085646047872138,-0.674333725494744,-0.2891514251822515,0.04369011645564665,-0.5056954809916689,-0.271061519538983,peace
0.0,0.0,0.0,0.14752754400558715,-0.21777362470985887,-0.024150087541885315,0.22425047799237333,-0.6049034307186084,-0.07958339170734496,0.19433285419493876,-0.880658914097045,-0.15731708302458589,0.07412682670400303,-1.0028186230446356,-0.22606778559865237,0.06063141271382638,-0.9980280044711403,0.016336641850874033,0.09421620839643914,-1.3634559761628742,-0.05596044838166592,0.11902104249842525,-1.5727065457419651,-0.10607116002106631,0.14146506283366125,-1.7639402329874891,-0.14952868132549554,-0.06747281124471083,-0.9962555309621273,-0.054058456971180224,-0.12535565499477674,-1.4670299460998997,-0.14838665603150059,-0.1101368490842256,-1.7273665708453303,-0.20894398056638158,-0.0877448914319491,-1.9261489212493434,-0.2538362267091989,-0.16970486286676756,-0.8856049754458384,-0.1377917802731602,-0.10103311936683125,-1.1756166906721768,-0.23531987799233298,-0.003790461428873263,-0.9298484609370958,-0.22770603001248968,0.03996029175822065,-0.7408458033877138,-0.2067878907904195,-0.23833306109608968,-0.7067325022690883,-0.23549126429886413,-0.09260865328395801,-0.8562746272295978,-0.30540615074747973,0.010023077912392327,-0.6662245408970784,-0.29172489746669883,0.05795715817277691,-0.502621658701987,-0.2707762685701247,peace
0.0,0.0,0.0,0.14615200098357597,-0.20391611021815836,-0.031290326250546854,0.23454351866622744,-0.5690725845315948,-0.08957088774723923,0.21265610336538865,-0.8401631682778613,-0.170328908596435,0.0914582043964391,-0.9758185179020249,-0.24232832672712684,0.07073599354110192,-1.0027084419095804,0.019064425839121792,0.10033150392815378,-1.372493527182532,-0.05253682111808237,0.12369360777671339,-1.578197969209826,-0.10448661909103382,0.14524061189413268,-1.763511973311488,-0.14979270013936893,-0.05469251684584567,-0.9972047011972022,-0.05090670399137196,-0.11750691179534423,-1.4625966988419639,-0.14397842220433427,-0.10731889137729028,-1.7258431083447354,-0.20976095045757104,-0.08743352468119273,-1.9230404701397705,-0.2591249045108894,-0.1564548781825018,-0.8839277609492106,-0.13590021527223828,-0.08751916070258528,-1.1694482809129336,-0.23584955645735234,0.008708852775814648,-0.9277286129571395,-0.2370458212904389,0.05563824565993209,-0.7294907148473728,-0.2220559049436785,-0.22898624210984034,-0.702093799998346,-0.23538090453205893,-0.09191165939390156,-0.8522147053059002,-0.3096477042951695,0.010244329034860212,-0.6711594669306398,-0.302709720192123,0.06374220738551022,-0.5020373895139962,-0.2863785416578725,peace
0.0,0.0,0.0,0.14650805072073955,-0.1892422926720929,-0.0409352851153876,0.2353100839865899,-0.5410685361634273,-0.10617308076789146,0.21312984219577105,-0.8030972803166578,-0.19167448440634868,0.09137967865405977,-0.9477382439414153,-0.26895100068596445,0.07712808670559006,-0.9974713353448972,-0.004864266301634553,0.1149716256612244,-1.3735985868725153,-0.08239983124042312,0.1399046926239174,-1.588356916593233,-0.13834709259573794,0.16212771336068618,-1.7839801168432088,-0.18662590036323357,-0.04891943585151537,-0.9962549160168126,-0.07129523902970421,-0.10379551908445571,-1.4748334651997765,-0.1678663299326693,-0.09526347220948392,-1.749836208080684,-0.2352400148564522,-0.07795233004667917,-1.9581444352784454,-0.28709948724205503,-0.15039997227589388,-0.8819521391755145,-0.15240045760341245,-0.08054772869745806,-1.1829308997213728,-0.253373796149873,0.019172881890542868,-0.9565363758601956,-0.2558712844881087,0.07138394373817107,-0.764350463917292,-0.24371858804898677,-0.2220732086360513,-0.6954429933601588,-0.24853520325768916,-0.08341488060238306,-0.8459119466863969,-0.32497355967036123,0.020681267524735304,-0.675160639506406,-0.31985874847154716,0.07673901219217594,-0.5118272015541228,-0.30559838683915763,peace
0.0,0.0,0.0,0.14418843772037923,-0.17521704415364667,-0.03448965954434018,0.23303817990570264,-0.49609256383059325,-0.1044750117812317,0.221784184038224,-0.7446960357945961,-0.19628053971911866,0.1144882802404462,-0.9018202583666753,-0.280897141389057,0.1058043748301878,-0.985065020527161,-0.013933235436372957,0.1642989004085495,-1.3360147914376717,-0.0971525492661453,0.1955615919785583,-1.5472020403635283,-0.15970007541681971,0.2187962800561089,-1.742648170006412,-0.213554669077958,-0.017725154107567583,-0.996016875903112,-0.08738524948792739,-0.06423888212701086,-1.4659155025602653,-0.1890978553703205,-0.060792289267590574,-1.743105173302174,-0.2613090509558519,-0.04957727247328669,-1.9633804458131492,-0.3187908580735948,-0.11963962813260728,-0.8856053853213602,-0.17428575488948791,-0.07204649583276207,-1.1887565936815105,-0.27772013622762126,0.02686121676665322,-0.9807120061931579,-0.2840213931156491,0.08802612490402538,-0.7963224486795647,-0.2777061775054707,-0.19227892192416482,-0.6942967262727076,-0.27513914216479685,-0.06607121461276394,-0.8207292480223651,-0.35443055717737854,0.041074672427714135,-0.6566564262382292,-0.35137707353836795,0.1078466675668525,-0.5017186136247148,-0.3405133424724458,peace
0.0,0.0,0.0,0.14786903303361412,-0.1750928460116805,-0.034626134778352795,0.24050101598386836,-0.49080128823423275,-0.10805033122811622,0.22931534145463142,-0.7376730365799422,-0.20297767199585817,0.11320543218418476,-0.8761695970759598,-0.28971632923582763,0.11705570896828253,-0.9910387730991789,-0.02330077229438097,0.1788634676793824,-1.3364707316235325,-0.10817522468610996,0.21875978081983052,-1.5463628018012425,-0.16791814067396277,0.24902327496330406,-1.7388019119298255,-0.21912414402322009,-0.004146153617762565,-0.9951273863762818,-0.09851027506858272,-0.06268920545963728,-1.4605538036171029,-0.20328302097576556,-0.0623928045791541,-1.7431351502617543,-0.27024476704459094,-0.05789711173352347,-1.9655028886168577,-0.3222189444225901,-0.10566272151768952,-0.8741350377082303,-0.1866383900428393,-0.06844397319113914,-1.175642440008512,-0.2932549553770267,0.03214335489041323,-0.9580166965036842,-0.29085665511265085,0.08878002921633758,-0.7709923525308296,-0.2762267614765484,-0.17778476970840232,-0.6670596143700195,-0.28855627299629183,-0.06359213812772854,-0.8223030342320613,-0.3676291733768069,0.04154727023711362,-0.6560451983410336,-0.35780756651350615,0.10272512467250502,-0.49363491419064787,-0.340932184665271,peace
0.0,0.0,0.0,0.14360881047727933,-0.17822183053753404,-0.03644272679884621,0.23577991181255065,-0.4878522251677675,-0.10919783602932288,0.21799698055157418,-0.7273612649755776,-0.20267703191508651,0.09806655446522403,-0.8420699565339255,-0.28937365040590235,0.11104166031462441,-0.9942661870087537,-0.0317562133103171,0.17396373790627956,-1.349272069452101,-0.11999932193333515,0.21588901390243834,-1.5640597486609074,-0.1821424772919362,0.24706511375810675,-1.7577358822768128,-0.23498419087095443,-0.013105945158657135,-0.9941745994922739,-0.10698168032833635,-0.06930163616585786,-1.4567045378049512,-0.21464127429957694,-0.07099963964598945,-1.7271722349973317,-0.2819641216740093,-0.07212786908652453,-1.946464317029104,-0.3340076635462008,-0.11571023531849148,-0.8700527465179572,-0.19538207843942437,-0.10176245342956114,-1.2015129530126214,-0.3102414039445903,-0.0027019355768728268,-0.9850611223989358,-0.3139655475852115,0.05572903080418491,-0.7852728200670306,-0.3017668328512755,-0.18936674366816522,-0.6563761630306169,-0.29671456638097676,-0.0928495966104167,-0.8140954738076244,-0.3831137850450378,0.020127343233268973,-0.6613702786968012,-0.37956951949446427,0.08974600512227027,-0.5054283057112523,-0.36646533962807487,peace
0.0,0.0,0.0,0.13933368429356566,-0.17868094747553306,-0.04462863217048742,0.22305378301083287,-0.4785847604837048,-0.12634849949601729,0.1952643055663129,-0.6986419583714699,-0.22801136538023867,0.08131470889811097,-0.8140594426823329,-0.3241812734675417,0.10581736307873109,-1.0036752357947487,-0.05728775879345755,0.16452008841249596,-1.3553708906782023,-0.1552050994088875,0.20159718636364948,-1.577740923750725,-0.22655620657649536,0.2256745839501382,-1.776297205957018,-0.2860131800333466,-0.021541833487548314,-0.9910915159472712,-0.13142882647020065,-0.07897672523808243,-1.4478461630855055,-0.2504318494894474,-0.08841090776043464,-1.7237529711740383,-0.32695621188540336,-0.09862355927344942,-1.9464967270798912,-0.3858186918776519,-0.12578710765927809,-0.8575970190225668,-0.21763689785830775,-0.12059003094999991,-1.1777150527725266,-0.3372942450384477,-0.017906126663024515,-0.9654293521486241,-0.3436375871892269,0.0462088803651245,-0.7660264733198895,-0.3350979534537421,-0.19981236609206066,-0.6385566853029307,-0.3177246858774018,-0.11262734343356473,-0.7899839003112331,-0.4076073463125578,0.001498086426490738,-0.6412102617141056,-0.40624384030239913,0.07587748486349907,-0.4906073807435791,-0.3956435260737576,peace
0.0,0.0,0.0,0.13691991349518828,-0.17874421751379718,-0.05061885771974503,0.21180769337001865,-0.47536828023616395,-0.13481049528689887,0.17097109226437904,-0.6824304075304507,-0.23867505217009063,0.06360130029958828,-0.7997890098477549,-0.33865394017483674,0.11681490247767111,-1.0064734978757657,-0.0672368516032668,0.17756940693236353,-1.349407816284884,-0.17310863042058144,0.21184072421784225,-1.5758663019255452,-0.2535362650399021,0.23610631291167852,-1.7833079818583906,-0.31878807551667654,-0.014982208490726361,-0.990026753958518,-0.14008047642373284,-0.05917325331894114,-1.426190942461203,-0.26491368015046396,-0.0711633503751089,-1.6900113451425463,-0.34865667282830015,-0.08357096540407188,-1.9040684593901138,-0.41270086845937676,-0.12438228985482201,-0.8553932196370719,-0.22529793644079277,-0.13036953383806937,-1.1525137521148363,-0.3485734159580616,-0.029560695429852752,-0.9392466592123183,-0.3603569946874786,0.044799295806429926,-0.7453177178572662,-0.35705141748595975,-0.20410818260157276,-0.6390357283869591,-0.3252060800229898,-0.12399458020811167,-0.7753774006376253,-0.41852343654657703,-0.012377907406682107,-0.6238878621380928,-0.4207786478928755,0.06831665523401775,-0.4796077089912815,-0.41363937756392594,peace
0.0,0.0,0.0,0.14334151479021,-0.17621081573462588,-0.07474272442180159,0.21361260291305467,-0.4742904164693277,-0.1676137321378118,0.1610394229104165,-0.68583044276859,-0.2766085575885412,0.05378878358981461,-0.8172432410579649,-0.38039417663881786,0.11158160838240898,-1.0091321927987194,-0.07376029695463575,0.17237758908774056,-1.3640565375356875,-0.17840251399957008,0.20914782244856195,-1.587758400201002,-0.2580912046396695,0.23466459685035063,-1.7939010665663826,-0.3232295303762075,-0.027394634422883965,-0.9904554012633517,-0.13508372260597862,-0.0707695305974217,-1.4254204666385162,-0.25790368866056995,-0.08249923013910604,-1.6862920967107866,-0.345823480710705,-0.0950631007643478,-1.905172148487403,-0.4125351405182802,-0.14066058633595774,-0.8495609950025222,-0.2115993928584073,-0.1463422704984152,-1.1592835878901726,-0.3382391844179108,-0.04246071827323118,-0.956377697345357,-0.36100674954692413,0.034445835288163154,-0.7634412563432216,-0.36319608611036913,-0.221966114754246,-0.6242683967833098,-0.3038686805490847,-0.146015542656432,-0.7816636091537736,-0.40142704394624584,-0.031242762339574934,-0.6422477288849489,-0.41052254401566907,0.054036804724837115,-0.49836806823685315,-0.40720036091715694,peace
0.0,0.0,0.0,0.14252307005452997,-0.19017513526447066,-0.064266048066586,0.2074159282328284,-0.4936542706398644,-0.15112194665105275,0.12458005815857214,-0.6978303108855791,-0.25526683524853694,0.00134486296194375,-0.8070035167087231,-0.35350850100893244,0.10956034199604095,-1.0085801997030903,-0.05597462172776743,0.16381666652979956,-1.3751163405918059,-0.15282335327314117,0.19122081552768236,-1.610805587337805,-0.2261132272442253,0.211488959026133,-1.8305936711475777,-0.28767736342017103,-0.03512936226760703,-0.9921981103903944,-0.11961947017271653,-0.07957746556626563,-1.4321692635775565,-0.23132610587905927,-0.08889882306222409,-1.6999834664456344,-0.30657626554807765,-0.09416073525573863,-1.9287166399711566,-0.3648662481099608,-0.1480589059971025,-0.8552523371838784,-0.19817587288837646,-0.17553691981196137,-1.1746208614034197,-0.3204277049715374,-0.09262476972235406,-0.959719730239406,-0.33135604992810225,-0.031467921530749066,-0.7642581282646058,-0.3233994304640508,-0.22857497803194443,-0.6319541650687627,-0.2916685793685145,-0.1620684654391911,-0.8055517812186749,-0.3866711873662377,-0.053230066490814514,-0.6506711474107177,-0.38660137303820336,0.026449944373133204,-0.4944476633061294,-0.37491508348319347,peace
0.0,0.0,0.0,0.1442390318628206,-0.1904455329249335,-0.06538106119530185,0.19915515816298535,-0.4944685972170253,-0.15406179458496608,0.10820018557373896,-0.6980048900372413,-0.260627245698033,-0.012149507966970468,-0.8131762384328337,-0.3609040951405545,0.11354763597386257,-1.008296927711351,-0.04887401026404231,0.16701499326491714,-1.3707653852387445,-0.14396621086109215,0.19130766775179592,-1.6087935132384044,-0.21341902248026043,0.20598187691285402,-1.832355793909067,-0.27245776881195927,-0.03371475626953398,-0.9928620468764342,-0.11440389452297067,-0.08044357112225868,-1.4266010213630054,-0.2236332818563081,-0.10185531614274783,-1.6872466752460833,-0.29496668483219146,-0.1192713455663749,-1.9215205659267143,-0.34971257347608886,-0.14417058449769873,-0.8568430402752663,-0.19647402165234834,-0.18814841921987502,-1.180891387812576,-0.3236084847673177,-0.10963818418863135,-0.9571586933343382,-0.33706833198033465,-0.04849898450423621,-0.7713508720279515,-0.32838412285947893,-0.21496780805863916,-0.6346318904605255,-0.2926609397130756,-0.1615870165528856,-0.8116341595598004,-0.3913894191644462,-0.0588087682177849,-0.6466993622472402,-0.39267263110916845,0.019312021437495035,-0.4929724183417795,-0.3808130681940107,peace
0.0,0.0,0.0,0.13291254448521866,-0.20254620647845695,-0.08133497742804353,0.1837341759571118,-0.4943978965576866,-0.176509526148872,0.08917214105949711,-0.6960142488986537,-0.2865628484606134,-0.04294591677318649,-0.8021302074410633,-0.3873447762986554,0.0933347165336501,-1.0071535275222887,-0.06125712297308391,0.15497177469053305,-1.3752659127736837,-0.1589846510772126,0.1840619130915908,-1.6062691590118958,-0.2232823460136898,0.20069024434928373,-1.8210019827877142,-0.2764162353610688,-0.047257730596496544,-0.9919059041122604,-0.11785314712008159,-0.0884899375339737,-1.4311195292883956,-0.23247553969367787,-0.11282641940091936,-1.6887759954569295,-0.2968483473847556,-0.13640415487126806,-1.9364381496023901,-0.34245149650097567,-0.15138964932202364,-0.8537170651293274,-0.19278165715749523,-0.18378166088638936,-1.1537954938940538,-0.3228330827829805,-0.10455492946011222,-0.9107070800368079,-0.3244212461105791,-0.049646151666116356,-0.7218391656169972,-0.30139151102341494,-0.21700146942681348,-0.6254077027147426,-0.28370583011183054,-0.179299954288394,-0.8027968189002568,-0.3783630373623681,-0.0802464930631237,-0.6517370329035754,-0.3732641279309515,-0.006746201114447918,-0.51316284713849,-0.3531132805843058,peace
0.0,0.0,0.0,0.12627018026074296,-0.21298463918038782,-0.08209217440058737,0.1705349785663584,-0.4997323617333946,-0.17887935101768176,0.07078198759671947,-0.6958391390644597,-0.291157188454716,-0.0547063089491031,-0.7991899868338959,-0.3938362343032471,0.09119933259727027,-1.009081630579881,-0.056865220742096996,0.14499721426457193,-1.3762897522578874,-0.1530680107344623,0.1701516111442664,-1.6034258605250065,-0.21613220414978923,0.18210417114743302,-1.8104158895702203,-0.2685807001562827,-0.0472230697829392,-0.9923364728382055,-0.11418531584798766,-0.0950616886801179,-1.4343690077725944,-0.22762752073790812,-0.12155413481568617,-1.6900499311825934,-0.2924156051467545,-0.14631859976263636,-1.9367895871143261,-0.33790450795219196,-0.15102141519391676,-0.8534067852732834,-0.1906514500982058,-0.19808239205998104,-1.1683417086273293,-0.3224928548051696,-0.12004520629791011,-0.9282389749499769,-0.32820705934302036,-0.06307898881241236,-0.7416616452516211,-0.30701492534867747,-0.21905145893273636,-0.6198326089283124,-0.2825650519506781,-0.19468490432378494,-0.8168180207620648,-0.37887904727830435,-0.09595850182768827,-0.6700729297919745,-0.37631659054519395,-0.0189802221300632,-0.5302294623442575,-0.3579636074079543,peace
0.0,0.0,0.0,0.13474453953106805,-0.21641370950616665,-0.06696678348002354,0.18027460441878967,-0.5286796510465318,-0.14953277269652593,0.08198098973221025,-0.7513971927021876,-0.24900112324117263,-0.04365008004045099,-0.8511711617534674,-0.3370901536909318,0.08812621248548141,-1.0066503399064848,-0.025271108067673936,0.1327068621048983,-1.3719044514889065,-0.10728733319049974,0.15674988695739864,-1.5948975476832707,-0.15900238778271222,0.16852803531970237,-1.795439010154047,-0.20383400340968053,-0.05363748044121708,-0.9949990179400006,-0.08426123064821593,-0.10309661688457354,-1.4297128395208398,-0.18364153489628643,-0.12715634818600116,-1.672443892042615,-0.23824955560487096,-0.15183279193746246,-1.9046425472016684,-0.27638036991671977,-0.1607242900360375,-0.8583160209904163,-0.1622523651098871,-0.1945824555018892,-1.165730980226417,-0.28264668895756584,-0.11538431193915843,-0.9309890738239627,-0.28275247948933985,-0.06327465662605684,-0.7452090832720971,-0.25778670347223454,-0.23285367019931089,-0.6277034597935416,-0.2546472917670377,-0.19151855388978578,-0.8202764554689735,-0.34088315427611166,-0.09007343060282554,-0.6716426428953068,-0.3332259724277767,-0.01649965568748191,-0.5300817703333287,-0.311402715107894,peace
0.0,0.0,0.0,0.13663352837654635,-0.23697274323599885,-0.05858990988201654,0.17471787495872007,-0.5744989004043924,-0.13219223428784757,0.07451548648967203,-0.8101325887008384,-0.22390531429811644,-0.04532754830888626,-0.9215975188509113,-0.3058511159696603,0.08188650333050924,-1.012142615751341,-0.015233338735399962,0.12242709595511506,-1.3818650272874307,-0.0934707930621619,0.14610665845982063,-1.6124557153597932,-0.14627338925341635,0.15916928026108768,-1.8200498335227013,-0.19301143535028964,-0.058864660416317376,-0.9953426965855202,-0.07634034390763592,-0.11520782072059328,-1.437451136806342,-0.17139637436734304,-0.1400544988703239,-1.6903138674597107,-0.23333108339197925,-0.16592866967169165,-1.9204896225116639,-0.2795008494048599,-0.1707654463202299,-0.8570198128512924,-0.15562191513710205,-0.20446036915330318,-1.1901954915565744,-0.27254655230300445,-0.11097593893955099,-0.9648729820373946,-0.2861769104043509,-0.048071533724931635,-0.769160697749477,-0.273886280498831,-0.2513387891832542,-0.6300284563963082,-0.248276854779881,-0.20399530443497121,-0.820790960559585,-0.3360093718077585,-0.09303521291232593,-0.6876127905357218,-0.3396207443546481,-0.013718269834015476,-0.5511524443883625,-0.32832446217651945,peace
0.0,0.0,0.0,0.14180977186161303,-0.2370671609505246,-0.0499562265137622,0.1780534716282596,-0.6145682869906275,-0.1141340314826406,0.05981313483448701,-0.8550489779840326,-0.19660407674873975,-0.0740392765073217,-0.9476846363011191,-0.2694657417048007,0.07911338414189392,-1.0223644404975019,-0.0025408664973438732,0.11783363942578666,-1.4016291617298762,-0.07611810221254058,0.1376638559080918,-1.6348345575810364,-0.12285168927653319,0.14367979446471432,-1.8406986482624879,-0.1649782158405772,-0.0663495344283414,-0.9956631463789378,-0.06521210182117802,-0.12288966473327628,-1.450077192346345,-0.15522777301940877,-0.1491304278129402,-1.716730346886833,-0.21155348567298685,-0.17937513474663014,-1.9459237393324669,-0.2537917481024544,-0.18313057576274855,-0.8514785966696576,-0.14550626192157246,-0.21332878528393995,-1.162763274208748,-0.2572972138626022,-0.11875997121033768,-0.9072614391163693,-0.263197683844854,-0.060896731200865695,-0.7029697875980292,-0.245232866056296,-0.2671050060623886,-0.6327200502093246,-0.2396418621861169,-0.2017675653127618,-0.8005058598821108,-0.32280204529722306,-0.09234851096301351,-0.6247973044299356,-0.3201096901221924,-0.022322684447384458,-0.47650734317979954,-0.30360452943954164,peace
0.0,0.0,0.0,0.13852371904067817,-0.25753641055341836,-0.04162091985775718,0.15897684461192282,-0.65450146782072,-0.1011026234189071,0.02766179598218073,-0.895969303395254,-0.18115919457301208,-0.09650556649286243,-1.0274764161936225,-0.253580108455046,0.07137125213889906,-1.0325709312087712,0.007851098767481317,0.10439738482002443,-1.4081256482207571,-0.06570711260578735,0.12771024750041451,-1.6422074517019523,-0.1151891000602639,0.13797951997313032,-1.8533349467970717,-0.16009576051553082,-0.07195562419697357,-0.9955817537199104,-0.060326940966794716,-0.12349777812005244,-1.4546285767599791,-0.14934681942976696,-0.14976666884049028,-1.730209286532568,-0.21271942725445298,-0.17838733612490873,-1.952991608119034,-0.26281101783821276,-0.1935409401829556,-0.8464337282258045,-0.14586812835833018,-0.22051379008532962,-1.1527966813736024,-0.25507789835442707,-0.12756788187676935,-0.8900595251651373,-0.26818451770638807,-0.06453107573127358,-0.6806648526717076,-0.25956264846117466,-0.2860739363136273,-0.6343371115035453,-0.245251253547953,-0.2120335616933137,-0.776316743115877,-0.3285576371488267,-0.1049068984447201,-0.5735980347543626,-0.3298170552249082,-0.03552710841868532,-0.4151180720536199,-0.31893131371715067,peace
0.0,0.0,0.0,0.13899924263551344,-0.2503639733977515,-0.06600077661174818,0.16387193555269797,-0.6295264766152037,-0.13995194896034555,0.06483745621868904,-0.9133352865668515,-0.2309728137838358,-0.02506186433227067,-1.1276434812137717,-0.3142323798420947,0.08602224821356172,-1.0309480101675113,-0.028846135455547116,0.11818515546566867,-1.4143000115218347,-0.12350440731716832,0.14125465138750262,-1.6545376641812761,-0.19453826060322615,0.15034011082200868,-1.8802024215458106,-0.25435609569783973,-0.05777052274648448,-0.9945189108364656,-0.08714747667171784,-0.11400099346937803,-1.4563862569097803,-0.21239165295015178,-0.13627425351244823,-1.731521222663066,-0.3043054058065465,-0.16417557241474462,-1.9594829269719503,-0.36945860983379547,-0.18208638058801377,-0.8431269525388702,-0.1612638143421773,-0.20207190114498963,-1.0907770276155468,-0.2909719076340961,-0.09542222605169001,-0.8246241466517975,-0.31114314680931193,-0.026117792385948184,-0.6212872662986269,-0.3042347804165116,-0.2804570858859019,-0.6213548574126455,-0.25141889035649506,-0.21734780680381544,-0.7428412005538574,-0.34752322688816284,-0.1052848786672028,-0.54546112717175,-0.3548987671572684,-0.03356788167786815,-0.39321538638128795,-0.34552455450772673,peace
0.0,0.0,0.0,0.13919365645688453,-0.2451215745367013,-0.08385814116277407,0.17066216459892902,-0.6305663354441737,-0.16837565603641833,0.09064212261609328,-0.9332134974385146,-0.26798793239860297,0.018618036052407794,-1.1845088592102866,-0.3605303797923099,0.08855104905792581,-1.0321210114425066,-0.04763863205234633,0.11862016684160676,-1.4214605493980308,-0.155692984508256,0.14149792294975688,-1.664310860429761,-0.2386782812826415,0.15107303419834606,-1.8983402474637465,-0.3068095805282527,-0.053743296477674354,-0.9934850183846665,-0.10049455870310166,-0.11115045520702604,-1.464549186730276,-0.24425552094058764,-0.13691347896161166,-1.7467972125148743,-0.3525070456886626,-0.16771290723640211,-1.9889096786113114,-0.4278524956504858,-0.17996147274284024,-0.8449293374949656,-0.16995056710857082,-0.198117148607837,-1.0972345270251505,-0.31720767062545796,-0.09070101862344036,-0.8192786936895347,-0.3463583025215812,-0.018039475634283948,-0.6077104398360481,-0.34339694760078815,-0.2834994863515339,-0.6269243336925214,-0.2567092674023527,-0.22459063861321873,-0.754054814417447,-0.36651678752292327,-0.10965651288010976,-0.5423848986269534,-0.37953028482208717,-0.03343032884084402,-0.3783356414043636,-0.3729334809937027,peace
0.0,0.0,0.0,0.14589923122519544,-0.24453384310449255,-0.08553069046429411,0.1780621822562331,-0.6495872788518017,-0.16538356035343932,0.09354623145655053,-0.9671994982826679,-0.26002676637877487,0.023787863896668326,-1.2345067400814427,-0.3478583326771241,0.10159610829614277,-1.036370361187276,-0.03775881817799995,0.12921175593923945,-1.4404809257263795,-0.14277336342316355,0.14972885905935276,-1.68813941277385,-0.22540088703165254,0.1575084143330395,-1.9297123018402402,-0.29354010488716525,-0.04390783730057794,-0.9952337538402221,-0.08707385968639295,-0.09668996713130998,-1.4752450167368882,-0.22798243357900447,-0.12063989379662302,-1.7609729593352765,-0.33851675374025714,-0.14965346841396565,-2.007323988182965,-0.4152469661485733,-0.1728606616275315,-0.8493089223383197,-0.15358995491323757,-0.18757908512203011,-1.1054451145784845,-0.2998046607347589,-0.08203944945553396,-0.8207437864663432,-0.3316985376710019,-0.01057128714372598,-0.603453844613953,-0.32968137688497007,-0.2809021819633853,-0.637881009948819,-0.2376849655698641,-0.22498412671180423,-0.7708254164028258,-0.34775395188788155,-0.1124481306776551,-0.5512143104785092,-0.36254543379916876,-0.03763251523491975,-0.38087744562158415,-0.3563343836146498,peace
0.0,0.0,0.0,0.1419897728220776,-0.2456921892011998,-0.08499066275740523,0.1736764682500318,-0.6453011560230115,-0.16695511048484496,0.08854531475037869,-0.9549738333773223,-0.26369123758777546,0.016160595191276137,-1.2169921996436592,-0.3535405775453481,0.1006355095637953,-1.035873897064075,-0.04059964913308158,0.12779528571149829,-1.4315054198456187,-0.1467562691108467,0.14719413179768467,-1.6777767650823125,-0.22979019716941118,0.15390003460775933,-1.9167891444804808,-0.2979341507588355,-0.04346997124602623,-0.994923749252373,-0.09075833170277114,-0.09642051043857153,-1.4679386506964367,-0.23093611506205364,-0.1250149670901942,-1.7494239223089973,-0.33950805733994616,-0.1580308837852684,-1.9940606493753037,-0.4152093611755199,-0.17299576692879487,-0.849917733536977,-0.15814952242416394,-0.18778560948340697,-1.1044128335476144,-0.30322143657245165,-0.08797300812923353,-0.8164865031464668,-0.33292653119677706,-0.01982100919597074,-0.5973000253830898,-0.33007654968271094,-0.2826695679697287,-0.6401938847777772,-0.24324426802492682,-0.22730607795087335,-0.7682707575236155,-0.35127298651244104,-0.11806248536356224,-0.5437452156357714,-0.3638231249354233,-0.044596319383386075,-0.3714398261849916,-0.35667374972647875,peace
0.0,0.0,0.0,0.1447961842754104,-0.24663947882589965,-0.07820593011028132,0.17758976248020822,-0.6284624026409805,-0.15977391331300106,0.07333828923897608,-0.9160770910187465,-0.25707732187767535,-0.025211535086653827,-1.1405012482938137,-0.34656254479644466,0.1093217891162223,-1.033521880758409,-0.04114720633230385,0.14480946526805538,-1.4430357822138595,-0.14418036782369328,0.16657042570465863,-1.6924750670502047,-0.2219832840901629,0.17638313570941272,-1.9303152943832687,-0.2860736699292783,-0.03649508803295358,-0.9948988105868569,-0.09404491077311819,-0.08543122690777107,-1.4758986807217316,-0.22947223878729806,-0.10812909119137154,-1.753570764508142,-0.32886905032069663,-0.13550067715496164,-1.9971149082433577,-0.3970570677899375,-0.1653108909143832,-0.8509751767306678,-0.16351560354268546,-0.16913333335849348,-1.107062084275809,-0.30255751431883215,-0.07142388273819728,-0.8122253432634636,-0.3253404903296882,-0.013020987520695575,-0.5937178142239676,-0.31670347210066624,-0.2730099154902669,-0.6381557996630294,-0.2501103884737623,-0.2143960360481448,-0.7785393471382519,-0.35128912050813904,-0.10736980712405776,-0.5599203873311979,-0.35971871770568903,-0.04099043410441032,-0.3915342447784229,-0.34910302052977493,peace
0.0,0.0,0.0,0.15201316930436976,-0.25009185509157017,-0.0637645079834226,0.18700970848791942,-0.6464805144383183,-0.13146811178827636,0.06803060652924274,-0.9259797597677653,-0.2166661938878013,-0.04342924133778566,-1.105106035293137,-0.29345623735947807,0.1228888268587372,-1.0304783038674248,-0.014464198588924726,0.16698351452065882,-1.43071709910534,-0.10547045742271342,0.19177243504586297,-1.6761833037943168,-0.17384544903674,0.20425633240904315,-1.9067624378351884,-0.23034882437300924,-0.021104476374593294,-0.9974160496344314,-0.06867171913239936,-0.061751575478808475,-1.4727344238906754,-0.18764298395748727,-0.08205599438687355,-1.7526994494946744,-0.27675349711260233,-0.10862283230152692,-1.9959736146172875,-0.3377250031647364,-0.14585781759973243,-0.8578864561698128,-0.13962209331975467,-0.1536919503031235,-1.1025870063991947,-0.26512094020292065,-0.06360065672060514,-0.808808048179555,-0.28328347719959035,-0.00827558437179405,-0.5977212720388603,-0.2711254170383675,-0.2487514239148963,-0.6534286357450867,-0.22702094970547168,-0.19786712599684214,-0.803151379313733,-0.31624053968397053,-0.09947999206648456,-0.5880513477287496,-0.32007735914644136,-0.03411545781284231,-0.4226163972179859,-0.30646869244677755,peace
0.0,0.0,0.0,0.1574669202773844,-0.2542198819506248,-0.05529400428489505,0.19097403988568137,-0.6594145048747835,-0.11603914977657918,0.06364228975254248,-0.9408370447883149,-0.19540501794911372,-0.062411243566306014,-1.099843871659717,-0.26458903905245856,0.12491822206636678,-1.028238215037903,0.00827953293718346,0.17966788357697408,-1.4166589626260582,-0.073583587816732,0.21299736288825852,-1.653567116874891,-0.1342429919814427,0.23111281376850681,-1.8734451735126085,-0.1855399243274562,-0.017573095863600268,-0.9987162630583596,-0.04750781203669181,-0.04452864405908771,-1.4645000568342654,-0.1568078391543783,-0.05571494409014885,-1.7412906554848393,-0.2389161567191354,-0.07854424159661205,-1.9875183321594962,-0.2945828849229949,-0.13852416090465267,-0.8590225921958861,-0.12053838344589488,-0.13671977717561418,-1.1023357672926426,-0.24071349165545894,-0.04784141582612579,-0.8069633717799226,-0.25536667203953023,0.00029867584036011465,-0.6037396558184807,-0.23923461206148622,-0.23531003481155763,-0.6513862783919379,-0.20915253567529452,-0.17837701645788734,-0.8190705711177654,-0.2933918801676178,-0.08477280141322462,-0.6037842535031862,-0.293641643282865,-0.028004773051770283,-0.43790466612431583,-0.2767085670771792,peace
0.0,0.0,0.0,0.15395032878211384,-0.2607939022108992,-0.04561825687621046,0.18647772956970965,-0.6682806587091134,-0.10049735774338457,0.06679622926839339,-0.9567775747888573,-0.17580006387404565,-0.05941037442785307,-1.1142929353028452,-0.2405378995452795,0.11615739518972912,-1.0259211611339611,0.023862159592664516,0.17550368714634357,-1.4191667461919697,-0.052906847045725715,0.21094118603959286,-1.657491610760539,-0.11107167228969679,0.2298579007426642,-1.8788591764230815,-0.16099889779652168,-0.02295724914169776,-0.999142442673803,-0.03445756752401029,-0.04808253214227084,-1.4680701801758875,-0.14085212275056844,-0.05590048593173356,-1.7496176484293071,-0.22337253454828876,-0.07751512652476111,-1.9985477850321318,-0.27893778568668043,-0.14192856487940633,-0.8632555085617812,-0.10912311416346158,-0.1331235256296065,-1.1064083142029681,-0.2266396770278321,-0.0408618916057304,-0.808756759374869,-0.24129229562896007,0.0050679003094568735,-0.6046621661027223,-0.224273741419544,-0.23957786535913797,-0.6577519625354465,-0.19849143807362402,-0.18361620490023858,-0.8436449799432172,-0.2802844330465632,-0.08984351697472213,-0.6348080683961579,-0.28020527234679826,-0.03707693314063102,-0.46670434500419034,-0.2626264811713909,peace
0.0,0.0,0.0,0.15242404331589393,-0.2528192161421656,-0.04846760630631066,0.18601487454738158,-0.666759079983236,-0.10322455506470736,0.06581148842718294,-0.9571654503218228,-0.17780903000906773,-0.05396561892995221,-1.1191306756256638,-0.24243082271941413,0.12070094499011413,-1.024072776034676,0.021613010216762797,0.17905605975879887,-1.4185142416302086,-0.05389592410696992,0.21289523907815305,-1.6576325801086316,-0.10879216090699413,0.23060430175184224,-1.8793041149449294,-0.1563259498776694,-0.019091853611904793,-0.9991659322837754,-0.036095995472560406,-0.0451868429260326,-1.4720323379528462,-0.13934845187097353,-0.053583337570209846,-1.7532947969746535,-0.2171074594333924,-0.07403587558189692,-1.998997648803108,-0.26987560491926615,-0.1393974689927625,-0.8651737815299632,-0.11113910021183873,-0.13056714701142222,-1.1188119101251284,-0.2286081164615472,-0.04019637275222395,-0.8187550113109279,-0.2429304304880135,0.004866026537943015,-0.6123677214740844,-0.2260020386517527,-0.23756958674679587,-0.6645270744588512,-0.20108071781409767,-0.17466624040974807,-0.8384608875074229,-0.2852097513853551,-0.07986143372463143,-0.6251981407074074,-0.2865518878602073,-0.026969976889007197,-0.46110011971020043,-0.26979572482977976,peace
0.0,0.0,0.0,0.15340288667129132,-0.2583606167349956,-0.04761032801582855,0.18438974277094825,-0.6743158552603259,-0.10684763201937786,0.06473093472196395,-0.9671798140119056,-0.18650997417573867,-0.05896001391886949,-1.1364905771224108,-0.2555325798173956,0.11512723173822738,-1.024733103812356,0.015641537596513815,0.1728620657196791,-1.4196521401327158,-0.0652157276969224,0.2072635526924851,-1.6584284756052572,-0.12473924221096017,0.22653026679615434,-1.8810857638312612,-0.1755409590644264,-0.024455915017671536,-0.9987356310885893,-0.043920694606587096,-0.05440908298726762,-1.4785644703208995,-0.1545486021038851,-0.0615972161670048,-1.7650024786991014,-0.237437793412226,-0.0801930061234958,-2.018750640596009,-0.29323838173085176,-0.14418770836872558,-0.862244249854756,-0.1199237125277606,-0.13429609147393612,-1.1200942938543808,-0.23973547884776855,-0.042228971398678,-0.820965276773098,-0.2517216928171916,0.0027317046985194486,-0.6159330199228645,-0.23326684558847638,-0.24250334343855093,-0.654651127976034,-0.21075602941836494,-0.18164149473729282,-0.8460767619929197,-0.29479613136136923,-0.08655018812336739,-0.6360728544920399,-0.29329490479256615,-0.0342863323850956,-0.46867117063094355,-0.2746933841382829,peace
0.0,0.0,0.0,0.1513573909987052,-0.2576007935487109,-0.05495690216168887,0.18247210073041928,-0.6655445498890784,-0.11854577576543682,0.06174232870082487,-0.9580404875422742,-0.20100575913525168,-0.059867256976290674,-1.131442045308811,-0.2727893436966653,0.11778382083111259,-1.0264734034499767,0.004603630665440293,0.17272446030071295,-1.417642554623421,-0.07850496099710712,0.20428972104441143,-1.657222578640609,-0.13800675427200407,0.22066048253275072,-1.883968253555484,-0.1886375566341362,-0.02087256467695963,-0.9983882097377261,-0.052775929177078476,-0.04986553288937887,-1.47221641972666,-0.16620453278109043,-0.06311495237626372,-1.7554157975237366,-0.24674854903156548,-0.08872063275011186,-2.010467387427067,-0.2999700991468476,-0.14179530895475242,-0.8591851048305323,-0.12700114025394704,-0.14200956957939848,-1.1199418737095457,-0.25102716848252615,-0.05088906955600223,-0.8222693654729596,-0.2616975964838512,-0.004052523124483657,-0.6206826327634917,-0.24126099339670828,-0.2410632201553706,-0.6482967284735549,-0.21640729049937363,-0.1892694475564981,-0.8385425817139933,-0.3028985483343445,-0.0959797572941622,-0.6253088829288591,-0.30064780560851523,-0.0438232349971123,-0.46008905193142974,-0.2808468882698277,peace
0.0,0.0,0.0,0.15446902925849912,-0.2352391113023028,-0.07348245665068374,0.1922521801428697,-0.6326834199831831,-0.1478196635158486,0.07453044928198249,-0.9241786654551617,-0.23839847362089012,-0.04051831074706221,-1.115500956485324,-0.3200048718574652,0.1254610557845628,-1.0203182771686679,-0.0232154382149279,0.1766437856677078,-1.4111290892256851,-0.1162874704262009,0.2059723851602495,-1.6539133820304854,-0.1830848689316554,0.2195969390286592,-1.8815459646137336,-0.23912011892302332,-0.015936491595612605,-0.9968939526692248,-0.07712623008517797,-0.04643068820272494,-1.4753853002960977,-0.19919349839670933,-0.06239401262890693,-1.7629429594155233,-0.28652631205042345,-0.08994585783061901,-2.0146344892478734,-0.34626311155877326,-0.13977737054772577,-0.8624755719067159,-0.14907554521327557,-0.1452490582213338,-1.1276460217348958,-0.282293775015182,-0.05410761364197858,-0.8298476917488091,-0.30052513129188074,-0.0015475703497324963,-0.6178434967301668,-0.2871075848193041,-0.24062546005202157,-0.655122190399836,-0.2376274506491708,-0.1843806903752923,-0.8148314084015416,-0.33454960766752306,-0.08632268911626524,-0.595086730964572,-0.33954172426144774,-0.025599151723776616,-0.42667336363335007,-0.32571229383963296,peace
0.0,0.0,0.0,0.2361402027946499,-0.19155048420075965,-0.038204837723922885,0.440881646282595,-0.5767977943527773,-0.0828311389163817,0.49681110982501586,-0.929626626862899,-0.1383596880790517,0.3908071332791037,-1.1321406281947397,-0.17875195922645642,0.26294117627231783,-0.9924566723769538,-0.012331127407529438,0.31540164586105135,-1.2841835051812365,-0.06600674186344076,0.31077068259335705,-0.931464179903283,-0.049289927534380044,0.27661906326214425,-0.7291314618310317,-0.03851064818969688,0.11199049839794684,-0.9915996969679853,-0.06471591181138193,0.16216177893085412,-1.2998736146679055,-0.17189553252244705,0.16852978711594266,-0.8559588349002536,-0.1676749367650029,0.1367868389889221,-0.6835662614868265,-0.1315101868943047,-0.04565795622254192,-0.9444159580477323,-0.12919807992639887,0.00864239750112218,-1.2464748524185933,-0.23795280224827667,0.03889480040612919,-0.8220976807917921,-0.21009195326599817,0.014331623481270466,-0.6317045037159474,-0.15873226175943525,-0.21729373708098443,-0.8564543280200645,-0.20054484712921264,-0.14073771897565093,-1.1196004237664399,-0.24825705331480405,-0.09341742128419436,-0.8327079557818788,-0.22165590343009295,-0.10811264130316436,-0.671069209413381,-0.1856175205683966,fist
0.0,0.0,0.0,0.2342869146063545,-0.1848100622993056,-0.048595589501035034,0.4344765539666747,-0.5804005393408422,-0.10255849485477493,0.487616063238566,-0.9260323860750354,-0.16480497705011685,0.3934555444780288,-1.1125071514946585,-0.21188919288050467,0.2675299708854914,-0.9921752498527195,-0.048524333299737314,0.31778758050452605,-1.2733364211054465,-0.10951037202213512,0.30652784425926044,-0.9184451979199099,-0.09166491737490977,0.2661281043703732,-0.7215412299867473,-0.0791171160209881,0.11403799148582934,-0.9887538828795905,-0.09675265158335541,0.16044800682973168,-1.2861768126387727,-0.2078665256876092,0.16591020701218864,-0.8407974049206701,-0.1951591697895328,0.1318351734316879,-0.6870343552223181,-0.15336535598829504,-0.042291671563333,-0.9365054303331364,-0.15666974035520448,0.005205939838942031,-1.2224530507811129,-0.2676620137670359,0.03438026836062316,-0.8028787869806986,-0.2329230450841424,0.006835034908188802,-0.6349952737389153,-0.17695407248985617,-0.21020063440317877,-0.8479444647328339,-0.22406312306457138,-0.14588174759587066,-1.0832475988987935,-0.2720865012419437,-0.10305654338744318,-0.8000686380854044,-0.24299202350746085,-0.12149600689112505,-0.6657721784209376,-0.205155047450349,fist
0.0,0.0,0.0,0.23478099807140881,-0.1924637111416534,-0.04203207873553348,0.4378429071133007,-0.5765035114421944,-0.08870190652107976,0.49588654703172397,-0.9178330682807639,-0.14452440157330773,0.39963786501181586,-1.1068800456853276,-0.18595947884946032,0.2663141923497661,-0.9948071064650567,-0.028780861574955425,0.3156568432956164,-1.2693819599781475,-0.0810999887821329,0.30576299841043947,-0.9316635520272034,-0.06397992754180318,0.26935688591300255,-0.7351196949203365,-0.053337442990249784,0.11497008935769297,-0.9903139086860807,-0.077847420098424,0.1587783925907857,-1.2830852271955429,-0.17928390670081953,0.1626091427151521,-0.86091851524817,-0.171759295509982,0.132791120907357,-0.6977000300091085,-0.13656847865620922,-0.04301531662955691,-0.9371779116332494,-0.138000213878984,0.0057530915508190224,-1.2168645760724455,-0.23973958326327655,0.03261523141165858,-0.8152165934443818,-0.20981506986013893,0.011288457424508272,-0.6369091775473094,-0.16035105681060166,-0.21370956812844313,-0.8473971237256255,-0.20563014709694177,-0.1456689811336544,-1.0830387893088191,-0.25096180663980744,-0.10145180590536115,-0.8110985075876084,-0.22485479387206975,-0.1119862883662423,-0.6658607444022343,-0.19056834506901837,fist
0.0,0.0,0.0,0.23587120229221603,-0.17251550575604935,-0.04557745085159284,0.4444348923014794,-0.5488708102046752,-0.09476366674258231,0.5027831925564656,-0.8804868108734771,-0.1520235394494285,0.40351843769904017,-1.0590946135704398,-0.19547634806515865,0.28823757487422397,-0.9862703927769453,-0.05240620406261685,0.3398164156140794,-1.2732470610440432,-0.10918775352958304,0.3220553034507163,-0.9314667981467861,-0.09356353634298267,0.29103688177292075,-0.7215708785049451,-0.08351182991788597,0.13215485085764062,-0.9860136948721316,-0.10154835754162217,0.17492191322448827,-1.2852669133591093,-0.21027896271986724,0.1731765840944589,-0.8608499627119854,-0.20544181834549233,0.1508561055584649,-0.6766264330239746,-0.17203426485994053,-0.02729911815315411,-0.9346868946489435,-0.159956601360615,0.017514757992688285,-1.220545031581437,-0.2640025577789824,0.0433185296167882,-0.8231424485424228,-0.2359311796843419,0.03317533394634448,-0.6204150074373727,-0.18873919241083412,-0.19323714626592148,-0.843026029964322,-0.22625691801343056,-0.1396854142449766,-1.0692505358247721,-0.2725274464577388,-0.0929699698434957,-0.8013120788753242,-0.24811872505051735,-0.08961470077373977,-0.6451639348019866,-0.21547579555611895,fist
0.0,0.0,0.0,0.23663345849120182,-0.18581054398249217,-0.03443465621437068,0.43548266472092484,-0.5486718071818952,-0.07873475135823481,0.4902360904279044,-0.8705295986646184,-0.13544328749988435,0.3960478453304778,-1.0298046980469435,-0.17869512410682192,0.28287151214877887,-0.9849913806955505,-0.017466441446546715,0.3357110808352124,-1.265482196796893,-0.06652600796614896,0.3167562538206446,-0.9333480264674592,-0.053386176631899665,0.28042924544803816,-0.708943231681328,-0.04604893535245631,0.132738147808126,-0.9886744252295774,-0.07002460291520592,0.1797214001244903,-1.2735872413456024,-0.1722523257358279,0.17211236531428897,-0.8648976061433018,-0.1787825555109241,0.14288051360699733,-0.6691311305778881,-0.15440807130716316,-0.022032660013273198,-0.9417720113059257,-0.13147818317450677,0.030283073735562493,-1.2228138416979417,-0.23037426896817148,0.049296565096373056,-0.8443437720398582,-0.21416128701881593,0.0313479661711226,-0.6375567953789695,-0.1762160710935519,-0.1855341218886361,-0.8522342880710229,-0.19993947523989442,-0.12367116944253752,-1.0877263213740431,-0.24234176869145882,-0.07948992005653524,-0.8292174125533985,-0.2222180007575015,-0.0807684260611208,-0.6622636346323966,-0.19444655489352403,fist
0.0,0.0,0.0,0.23903891158231252,-0.14869394869646638,-0.030491429866120544,0.4518329987283603,-0.4957075454094984,-0.07491798499577994,0.5153690728793001,-0.837277379058173,-0.13153600125822104,0.41968830976599797,-1.033509634830196,-0.17258121570168458,0.3124484363128969,-0.9672001891787091,-0.02173467489615975,0.37577965790151074,-1.2537547079580498,-0.07678891867303,0.3509105568351577,-0.904875181230017,-0.0576164144095291,0.3049316760489168,-0.7046456429458862,-0.04436060926191922,0.16282434625235637,-0.9834746733099043,-0.07915667517947719,0.22060926776433493,-1.2683929184062788,-0.1847304121520971,0.20424365192568353,-0.8247862449253486,-0.17269805086915727,0.16421025688482646,-0.6722062984871189,-0.1316081148967155,0.00992682297696432,-0.9525176862845726,-0.1476462573048218,0.0710301345363916,-1.2373511113470321,-0.25494826475469856,0.08306505647636066,-0.8204367267371553,-0.2216488025205605,0.05224604042003305,-0.6407141479841003,-0.16692754796789003,-0.1521384061180812,-0.8854990078429795,-0.22279574156596635,-0.08100102849703449,-1.1062525582498612,-0.2681877751267008,-0.04492139864018007,-0.8187507347836565,-0.238352162100652,-0.060637244297357035,-0.6703500020791029,-0.19995483312192153,fist
0.0,0.0,0.0,0.24353451242210017,-0.14397365158652828,-0.02727467380209925,0.46153560445111746,-0.4970346802063661,-0.06626055013560404,0.5278634037763239,-0.8557384085629866,-0.1173623332446509,0.42996446812845807,-1.0861410135563445,-0.1524328039589097,0.3194571008733563,-0.9605142994799978,-0.01271172111368722,0.38023834676817714,-1.2700929342714002,-0.06404633641399385,0.3500557762644452,-0.9181828268263753,-0.04018057753195354,0.3050025014511782,-0.7147312333450723,-0.023616412428871122,0.16922770346668264,-0.9830807899841533,-0.07010081842264848,0.2284719690200828,-1.2954743119794843,-0.17464038982521005,0.20913669736736917,-0.8442096954413915,-0.16097963519375208,0.17332650667726843,-0.6792790969422394,-0.11710496046691213,0.01615813509861979,-0.9608688389848384,-0.13871741430222126,0.07682237275263662,-1.2647785832413714,-0.24524825876118267,0.08692158984703817,-0.8295721005728388,-0.2112465086649698,0.06078011209403801,-0.6368896870686063,-0.15453988767903742,-0.14642407852876477,-0.9003854425557087,-0.21364544687914883,-0.07157820399107465,-1.1279833645521848,-0.25821270381427786,-0.037065875057261895,-0.8303009077161446,-0.2282893768595763,-0.050245061978655046,-0.6724601922731833,-0.18879953493585105,fist
0.0,0.0,0.0,0.24909048347006102,-0.14805735688575583,-0.017379064584499112,0.46299697388966615,-0.5007606332217116,-0.04895832482710411,0.5301026374482837,-0.8472359963892359,-0.09528513789546751,0.43561501360946964,-1.0563224081334939,-0.12795208806265848,0.3102284360609001,-0.961304930566334,0.013072536952725557,0.37463124637933687,-1.2583860108811054,-0.030108199381832068,0.34363123096454407,-0.9281899944302867,-0.011352029740461523,0.29204597183144365,-0.6923860714266329,0.0007611358845163401,0.16344074606921014,-0.9855563979399972,-0.04433609143663142,0.22426767751763843,-1.2832536435191146,-0.14235515277922425,0.20340529195142423,-0.8626810366698333,-0.1462577824640923,0.1622314626796363,-0.6507500317798132,-0.11778302047587536,0.0101339423063196,-0.9640266824605924,-0.11103512783776426,0.07768130428615252,-1.2635644725697535,-0.2113403825553058,0.08420675602061037,-0.8624662373332443,-0.19624967763420065,0.0537081311173516,-0.6400404871739965,-0.1561161962222442,-0.15326773886208336,-0.9023330633455939,-0.18285152580107147,-0.07187192716412166,-1.1305689972767416,-0.22676574634088037,-0.03565991647326308,-0.8507501089264056,-0.20697426049829273,-0.04833630393149494,-0.6716597792169167,-0.17765011780453818,fist
0.0,0.0,0.0,0.24580611794031706,-0.15637305565678808,-0.01986237358427989,0.4626442334017549,-0.499433075302473,-0.053688062932517155,0.5389358316930477,-0.8430274622408997,-0.10153593868782912,0.44792992588717534,-1.0624305643468381,-0.13463720598591225,0.3014616357168862,-0.9662669090268382,0.010959814735515539,0.3754533625677525,-1.2462896722245107,-0.038234974315233074,0.3551176198744968,-0.9095739787909917,-0.020713653939214666,0.30819482908081525,-0.7121372610882547,-0.008786512397555788,0.15936626895503855,-0.9860412173824424,-0.048219186454156716,0.22807708532760207,-1.2902238593913455,-0.14917910883506905,0.21380022380958016,-0.8535800638546971,-0.1431222222291925,0.17333924675051243,-0.6827885470300962,-0.1062052551027873,0.010108654798593138,-0.9676691947072382,-0.11934832213780341,0.08428500489902013,-1.2768502570750777,-0.2252022528654373,0.09591544224440599,-0.8602954095165241,-0.19849916515217172,0.06337612639454906,-0.6584350620199027,-0.14786764254607826,-0.15205663027221958,-0.9155806170236483,-0.1962926543322615,-0.07101399732066467,-1.1461713916267955,-0.2433442943064342,-0.03280549482425546,-0.8596258251959352,-0.2183323650148779,-0.04667091362030549,-0.6951408116386483,-0.1831484718158642,fist
0.0,0.0,0.0,0.23567805525383104,-0.14367547262091335,-0.01884720038677888,0.43688772812854454,-0.4944508938118799,-0.058245080699311357,0.49609414332462703,-0.8386602590795975,-0.11292214280335851,0.41180641906403337,-1.0565764017437895,-0.15224400008447342,0.2945089970926779,-0.9613397451189984,0.00524842986642033,0.3686563074870424,-1.244175913492821,-0.051152204805284096,0.352240329835916,-0.9048486594040279,-0.03459880219980086,0.2977278702186384,-0.7070724671559196,-0.022354543980809504,0.14758281331168693,-0.9873965428228052,-0.05716082956517886,0.22203868931489865,-1.2795787302040835,-0.15864233779228526,0.21207661631646726,-0.8253662041497901,-0.147186450565298,0.16216247848378576,-0.6791244184104549,-0.10698267375455262,-0.0040984885873328915,-0.9706834899811598,-0.13249168671065187,0.08077045933368027,-1.2563746682338928,-0.23743444033495278,0.09595325177613606,-0.8238425268027675,-0.2059806918883139,0.047614976940383004,-0.649044897065165,-0.15336204172614967,-0.17201599096739015,-0.9205302078170292,-0.21360715782381345,-0.0758952902824962,-1.1206044837307172,-0.2591735786987114,-0.042827901096379795,-0.8234560417946345,-0.23080372088564455,-0.07800390173752367,-0.6803998548448518,-0.19383823720475243,fist
0.0,0.0,0.0,0.23486833824935993,-0.14681000921157625,-0.013041535279138258,0.4301827229956847,-0.4906408784959951,-0.051954019996075955,0.4828542697389059,-0.8245111097437725,-0.1099317365691527,0.3955974962642006,-1.0406186041224987,-0.15505960608605351,0.29453339086652813,-0.9625754932832293,0.02147761621178711,0.36337443131713126,-1.2399697473011397,-0.03446436484987819,0.35010203328154504,-0.9388131986944346,-0.030051722533137492,0.30007943567771156,-0.7258503427570603,-0.027216482365587796,0.15112401554579538,-0.9875320307944174,-0.04406812998491605,0.22085584770908773,-1.265911988045442,-0.14993051990085798,0.20621459853414337,-0.8483858249757168,-0.15901265279886054,0.15919306456531923,-0.6615876360175332,-0.13417972063766553,-0.0019332486539451689,-0.9681439980725285,-0.12066685895197034,0.07429398502991978,-1.2487949489172285,-0.22396005680134978,0.08523283964030337,-0.8376431932924203,-0.2040188112717177,0.04573600210312139,-0.6283285140154451,-0.16204642528640792,-0.17346674291561542,-0.901909401856492,-0.2035950301254954,-0.08053834195639116,-1.1136264535238631,-0.24791546493854094,-0.046206937128129615,-0.827218382374719,-0.22296728954286088,-0.0713831235650847,-0.6564655534814279,-0.1906333284538445,fist
0.0,0.0,0.0,0.23451869401521552,-0.14880082587986276,-0.029246257986980224,0.43030253175685856,-0.4826306802691599,-0.08299600405201364,0.48133886368102896,-0.8253025672087028,-0.1536937365640717,0.3940842108105088,-1.0741966703902617,-0.21018050301322092,0.2946750875768305,-0.9634232454629238,-0.011600530157507684,0.3739874290546708,-1.2639853763183309,-0.0827730257000488,0.36147441218546694,-0.9361197887320495,-0.07405212764158499,0.3095878895159299,-0.71661185951553,-0.0655485427416951,0.1494674125110411,-0.9857470658264048,-0.07721524986611938,0.2311652655163445,-1.3088671275403938,-0.20523333285505535,0.21935323817546243,-0.8583266645525373,-0.20419241647379618,0.16778500330254817,-0.6699793424179106,-0.16500991080055671,-0.0029790225012343396,-0.9615360879596851,-0.15598348116154379,0.08910435757438624,-1.269956108914072,-0.283212287577383,0.09765908933465656,-0.8300211319452906,-0.25255341991118907,0.04459249849466071,-0.6348295852165265,-0.19572163327238,-0.17554114866316764,-0.8921931448920319,-0.24159019561015888,-0.06480627450000526,-1.1325814367450735,-0.3032111369726468,-0.03604508649974042,-0.8270971296802682,-0.2741300752266003,-0.0787257842811516,-0.6609321124456953,-0.23364565778885185,fist
0.0,0.0,0.0,0.23880930407242143,-0.1534771681366203,-0.011020954016785177,0.43105353954016584,-0.49448924304548464,-0.046770318038591586,0.4763663548326305,-0.8528336422074727,-0.10442328942893342,0.3807953209913029,-1.0923107903880296,-0.14890670430714642,0.3044858307152891,-0.9526380852405433,0.03841223027334825,0.3897561810370072,-1.2724229097045305,-0.018642267095930302,0.3619853718848311,-0.9470868667405425,-0.009461459233948826,0.30618846223409896,-0.7279948359499137,-0.003535998017540504,0.16646333661482132,-0.9854827338862675,-0.03337242537047838,0.24754369794996942,-1.3086037382603157,-0.15213361915608128,0.2244920691364842,-0.8757076981930801,-0.1648540973312008,0.1781905623934583,-0.6799669807692863,-0.1375085963862066,0.016528016643016667,-0.9681384903611353,-0.11753037618509042,0.10632233881798407,-1.2807076551268286,-0.23767785428038654,0.10778086851107371,-0.8467523809787793,-0.2218008670582074,0.06260877360344072,-0.6264912885295463,-0.17665820545492117,-0.15353202111290307,-0.9060575702323448,-0.20749853121228043,-0.04398503271579223,-1.1349341070894927,-0.263120406961698,-0.016577153233744497,-0.8295988458057791,-0.241645740403731,-0.04875894440554086,-0.6435010626871,-0.20908054091461867,fist
0.0,0.0,0.0,0.21948718691434185,-0.1478707997007019,-0.01724067820389045,0.410313358858359,-0.532937930189225,-0.05543943479887803,0.4308147545097179,-0.8979529605205347,-0.11136350126370714,0.3018299758820241,-1.0960643391838876,-0.15212315891540057,0.279870717291067,-0.9629498682987455,0.005463255134889029,0.3669671417886319,-1.2769777238893845,-0.05482383219025082,0.3448195030335933,-0.9355017633693036,-0.03590078429176741,0.29063068709926915,-0.7530622059077003,-0.02154728863140256,0.14322444109914936,-0.9877036087131386,-0.06267631775143495,0.22969140589579953,-1.32264412730401,-0.17300526148870252,0.2162564377576407,-0.8751823174596118,-0.15738024190092592,0.1698200817720658,-0.7242706745869337,-0.11046480024027353,0.002123590223504786,-0.96608977244174,-0.14356760381075934,0.0958379683358554,-1.2932689109016375,-0.2554772023710581,0.1060142530624525,-0.8442098015849754,-0.21246431842655933,0.05858259253394248,-0.6416096933296411,-0.14808030639246877,-0.15756246031671187,-0.9024867605069133,-0.23184215257280297,-0.04574997143756986,-1.130246242726214,-0.27818496401584014,-0.01805104506847535,-0.8220368107330884,-0.24050903389902079,-0.054637759316013314,-0.649133632294299,-0.195183710083661,fist
0.0,0.0,0.0,0.2101788159186097,-0.15934483168927005,-0.01840125194835316,0.3727970703684097,-0.5455693077586676,-0.06346110509111351,0.3760412239565111,-0.8962658482843624,-0.1263501640670316,0.2634638052564251,-1.092478313937229,-0.17251701166486166,0.25830010098205286,-0.9772697810085667,-0.0006624554892401932,0.34437140322413246,-1.2802979020127228,-0.06093471601910224,0.32745462819123344,-0.9357969769389464,-0.03902655320285489,0.27250521394571603,-0.7601206384323835,-0.022834458464299618,0.12086704754322265,-0.9902625279756964,-0.06907432594942288,0.20935363267546,-1.3153434723761683,-0.1785874841197041,0.20441106045577326,-0.8653133527424054,-0.1561823215369851,0.15649615762783953,-0.7441947516424454,-0.10359645778360509,-0.01654756862163641,-0.9598652248461808,-0.15027043844653074,0.07924789761146059,-1.2768349210291823,-0.25962059959161504,0.1003285005047105,-0.8343806772699668,-0.21101019381549876,0.04781292165628336,-0.6682018395175441,-0.14249039857099893,-0.16923781197008092,-0.8892984024508471,-0.2380201664012342,-0.052285458622680456,-1.1154232709278005,-0.27965056595094273,-0.01723942732738567,-0.8161833183268424,-0.23767054959356568,-0.06131580494758864,-0.6712654230536952,-0.18933674613937013,fist
0.0,0.0,0.0,0.20774254517983354,-0.1763052545342113,-0.020294864027333857,0.3601540490742322,-0.5658726137282001,-0.0683960694032004,0.34546731939026987,-0.9095666898375148,-0.13539746382991372,0.23174006902022737,-1.0868523189370347,-0.18654378745536065,0.25307162363327157,-0.9778630465384555,-0.006301620927552257,0.33464139043512675,-1.2860574740025008,-0.06819408742240862,0.3243190091303045,-0.9504535612174816,-0.04843493866688723,0.2783756992909653,-0.770302133253534,-0.03349436199726493,0.1109472573151965,-0.9909951361986237,-0.07496216462260241,0.19513254643890215,-1.3259912674304082,-0.18614787138766234,0.19539629852472884,-0.8844335347454833,-0.1668013535563701,0.1532858017474599,-0.7493553802643967,-0.11643948363051251,-0.02829933187778464,-0.9594752646597537,-0.15590198576990583,0.06279361285616315,-1.2856907549451766,-0.2646903775542089,0.08936554133515852,-0.8504309383323425,-0.21746995765605825,0.04383548148880883,-0.666202985771998,-0.15066689558384036,-0.18063159497085177,-0.8833073478916783,-0.24391964165029614,-0.06577297484575448,-1.1169912352317732,-0.2856270526798047,-0.027651699572717636,-0.8256211962783028,-0.24409787586550014,-0.0653050164506828,-0.6698535910612391,-0.19664755110607426,fist
0.0,0.0,0.0,0.20855539264106063,-0.17302458621922862,-0.022678365447375948,0.36012655911245117,-0.5627261565503421,-0.07219039359294045,0.34057935458369054,-0.9090706385647747,-0.14001702097858607,0.22091110367438607,-1.0896581099623013,-0.19128599801365243,0.2485516868562191,-0.9804696489584369,-0.007176834901684481,0.3315361058575432,-1.292090743019727,-0.06910335921530852,0.32389644481454377,-0.9537176539094812,-0.048154037625431634,0.27778016604700445,-0.7757690059821587,-0.032502062807210914,0.10526213865798173,-0.9916322121787294,-0.07473565370468381,0.19191595836156367,-1.327205641632326,-0.1853935226642582,0.19591512527787067,-0.8821960796354218,-0.16386053756717675,0.15209853803600346,-0.7543855401471886,-0.11170428042177731,-0.033171220471588644,-0.9572930504280006,-0.15506219980250593,0.06354000625527338,-1.278158698607675,-0.2635649968339616,0.09278143559191199,-0.8400729552164717,-0.21526897437605802,0.04278311935225648,-0.6673066781564946,-0.14750302911916793,-0.18503711838744316,-0.8775821276699924,-0.24258480663470258,-0.062280142065836125,-1.1067469836786874,-0.28381422645690074,-0.02276207823682989,-0.8125636078877054,-0.24185331128673537,-0.06517126212757407,-0.6621726390834944,-0.1938725005820837,fist
0.0,0.0,0.0,0.21136177388367458,-0.1897699206258859,-0.019394805028238513,0.34583323945492256,-0.5966596607609438,-0.06503857684975305,0.31033195096760063,-0.9497022574792162,-0.13099968747839086,0.20720914390909792,-1.1431650663879263,-0.18121681389516606,0.2371112809769668,-0.9851662759285028,0.011016502717709858,0.31421072210470147,-1.3043571630529356,-0.04521281151598602,0.31356521439264745,-0.9771783370555371,-0.023483532295065317,0.2700373149866245,-0.8002835204782224,-0.008053242742337948,0.09284176775757626,-0.9940779042080746,-0.05647571624096165,0.1775822676864052,-1.3303748041189276,-0.1609564444295873,0.1905768928914347,-0.8971052375952775,-0.14247255015862298,0.14787758003634133,-0.7732329502389693,-0.09307017276885947,-0.04508517945923009,-0.9576327140364657,-0.13746717820877824,0.04741870444255236,-1.2779309535762562,-0.24065452143423988,0.08325063307921568,-0.8494451541603081,-0.19770119691317897,0.03329499570280964,-0.6788843747054001,-0.13456161947945047,-0.19863294597184422,-0.8775128809861932,-0.2253448602224368,-0.07819370813788834,-1.1031349425264234,-0.2641903752025927,-0.034965487877823186,-0.8165545208450853,-0.2258107064893851,-0.07652380013275016,-0.6716556230021952,-0.18111887781559513,fist
0.0,0.0,0.0,0.20163294429089226,-0.1840711793902877,-0.014854833763362794,0.34216559617183945,-0.5889324847319456,-0.05945138390250988,0.3258104076521057,-0.9434021851255245,-0.1244915253243168,0.22210058830096843,-1.1613776689117732,-0.17409299081098056,0.22738553807872117,-0.9897617964327716,0.015710343223108294,0.30654488944024844,-1.3023836051215016,-0.04098225280386515,0.30797879689812074,-0.9790267568367862,-0.02086065989501559,0.2620083773316651,-0.7977432818745205,-0.006342039442495562,0.08807890459759458,-0.9946616536905954,-0.05376133594300992,0.17091443722904692,-1.3275532897026137,-0.15846236885892864,0.18277149213552926,-0.8952602325870519,-0.14129137682716286,0.13801818980359207,-0.7667723799281118,-0.09302193119981386,-0.04662266416605411,-0.9568600443393006,-0.13623883823226696,0.04964449266565101,-1.2629389109277256,-0.23775490097827937,0.08261183229292941,-0.8362977424174517,-0.1938523333761568,0.029309312049747013,-0.6744356731804325,-0.1313622879730638,-0.19819896841367118,-0.8791964401103783,-0.22536244390686802,-0.06889607352657376,-1.0968852126774102,-0.2637661995227864,-0.029321258350547528,-0.8075472127316278,-0.22452397755949347,-0.07625112984013345,-0.6650470519570438,-0.17960367589761314,fist
0.0,0.0,0.0,0.19531125397813165,-0.1984522376815574,-0.010990318679938705,0.32533498623643925,-0.6026278221126632,-0.05592888509524593,0.3263236510879082,-0.9506712265067382,-0.12235348612658652,0.24031862998899117,-1.2023769058405929,-0.17381052499538957,0.19631458072696412,-1.0025910315110684,0.03592710471928176,0.2676647374052792,-1.2873592893990284,-0.016843574591937378,0.28081157204098406,-0.9648336657402868,-0.0026059749746586373,0.23699180971654685,-0.788891851000753,0.006458784977263849,0.06210505557507819,-0.9974784398207487,-0.03434682175661891,0.1389984822784562,-1.2979838008785858,-0.1312517603457023,0.159799184945025,-0.8662492135133808,-0.12100301958728674,0.11167764577469663,-0.7430632895351345,-0.08076052926479597,-0.07145088272117614,-0.9523562718817524,-0.11823604836934327,0.02304099290270453,-1.235639625253827,-0.2121815299116086,0.06107705392580541,-0.8170465084155357,-0.17483629159933312,0.003077925624521968,-0.6673983629474114,-0.12050198947571408,-0.22313786633971391,-0.8739372926380922,-0.2081480628074042,-0.09374566848978409,-1.082808536831286,-0.24297811520828552,-0.04915788498883194,-0.7994126563770093,-0.20698697165889524,-0.10009677329883618,-0.6660687791816425,-0.16657268830220798,fist
0.0,0.0,0.0,0.20814846027548842,-0.17846840823766785,-0.019986894468263933,0.3508142167443956,-0.608147671571232,-0.05905968537733758,0.33924518960117156,-0.9824634616442751,-0.11629665193232222,0.227491634981135,-1.2200205268423188,-0.15749204541559786,0.2136291242608687,-0.9996832351770836,0.036905215033694636,0.28537540911546305,-1.288246925162162,-0.012549628480385088,0.29102493277029395,-0.9480708675931905,0.006056230004470126,0.2486752700376713,-0.7780126735366889,0.017233359673706188,0.07319754873346188,-0.9969465102519164,-0.02719842929173315,0.15677073549078221,-1.2870630733738737,-0.1221288903697795,0.17020859043117595,-0.8364053498754019,-0.1106649649207068,0.121320109057539,-0.7260591629565838,-0.06879080844951531,-0.0631021615150934,-0.9565991979515398,-0.1061488399613999,0.03663716823798913,-1.2333285273518964,-0.2009797838041773,0.0690891599618766,-0.7908724194856525,-0.16662669936981334,0.009614485639837281,-0.6416980459241416,-0.11223318337874164,-0.21474242425388265,-0.8870713207601262,-0.19185764759700003,-0.08480509202141889,-1.077162311923219,-0.22491539740193014,-0.045108885977253724,-0.7745107612028137,-0.19148034222045496,-0.09826202162396647,-0.6430873171510092,-0.15216245030900657,fist
0.0,0.0,0.0,0.22066011799256335,-0.12769020924958227,-0.027181516946152843,0.39640594726652395,-0.5608513280009756,-0.06726537606769183,0.38728271128007646,-0.9542392657571269,-0.12237131387220253,0.2623195702703199,-1.1785774409590377,-0.16228459701659917,0.2611577685201998,-0.9718726872923792,-0.0020079060286185757,0.3440392181497324,-1.276319719121714,-0.06119356841770305,0.33080697356542643,-0.9303013395410896,-0.039821866762755224,0.28401119918622,-0.7487623308813113,-0.024639327864341396,0.11259709399136744,-0.9915747245757858,-0.06404248595388166,0.1997116102636859,-1.2928011555671766,-0.17076114516524007,0.19550026298188142,-0.8303809898675732,-0.15230820121623664,0.1464135254980337,-0.7013017231812186,-0.10355143389701543,-0.03356352979490027,-0.9635123285218693,-0.13960381686414214,0.0674153012787567,-1.2496014692835575,-0.24501158763124342,0.08591627017072105,-0.7897625944178714,-0.20342013106480783,0.029102471215938078,-0.6179266182453136,-0.14177883600716062,-0.19614865339671378,-0.901244024962672,-0.22267534157932534,-0.07077051307148335,-1.073985588050723,-0.26295539969532233,-0.04069840123139575,-0.758534570823862,-0.22726516713246742,-0.09005129291845547,-0.6252164702067774,-0.1843626495632921,fist
0.0,0.0,0.0,0.22728261215594828,-0.10387283843439178,-0.03777092836609407,0.4206232880314537,-0.514207112436835,-0.08436686849994564,0.4199895275741031,-0.9017462693348955,-0.14187356157331138,0.2889739133280958,-1.1061176901695642,-0.18268310814632938,0.29615025541548523,-0.9606971941029857,-0.0376136650822407,0.38539309478524164,-1.2408019170366846,-0.10759893233559506,0.3589655935627611,-0.8778230633833372,-0.08801579527947406,0.3059348113745513,-0.720431907215226,-0.07307418193016668,0.14356271273268578,-0.9849159483686152,-0.09659348923184807,0.23746115308530386,-1.2635155200092831,-0.21053798557374787,0.21759530112602818,-0.783611556328677,-0.18225897248109613,0.1646285146816313,-0.6966664859281151,-0.1265473406561186,-0.005544152688391319,-0.9621205929188179,-0.1697518713343002,0.09751843050915816,-1.2294430896143613,-0.28329752641808836,0.10515787773706389,-0.7640100294341629,-0.23155074077136237,0.045582249637377115,-0.6246072783947332,-0.16133586495253774,-0.171034405216413,-0.9082383217370451,-0.25096927797383806,-0.052255087036480415,-1.0756059019229538,-0.2947534498036735,-0.027706105198959628,-0.7586789575464004,-0.2541890265929559,-0.07934363926628053,-0.6507957191663969,-0.20695483468034762,fist
0.0,0.0,0.0,0.23521750350191106,-0.10236602763847244,-0.04425683968626845,0.440214455354243,-0.5027097674337279,-0.08641221301836056,0.43570147472797904,-0.8823044976198563,-0.138108635814374,0.2905225692643572,-1.0350602242471236,-0.17201412282101544,0.3340989725126813,-0.941268733766445,-0.03204936973765525,0.4264229909615442,-1.1952160979380169,-0.09635318169438042,0.38858861053852295,-0.840141258022408,-0.07590834628055824,0.34022791390852103,-0.7130821032526954,-0.0606420914007006,0.17402788405785502,-0.9810719648605095,-0.08492393852786428,0.27397260575876053,-1.2279661139884697,-0.18810613147720814,0.23799525115488895,-0.7594722305920039,-0.1593124351483832,0.1888703416538525,-0.7098850124051169,-0.10550749519110247,0.021465444853891385,-0.9714745052870342,-0.15334687719393658,0.12529172632164948,-1.2062441365081544,-0.2575435641617619,0.12078791166685234,-0.7509717086538035,-0.21026027019034702,0.061465286035915966,-0.6289751490744258,-0.14334591437030136,-0.14298869658165828,-0.9338717947928331,-0.23080399068228108,-0.03266798060582646,-1.077768609997553,-0.26556441935564656,-0.010278949552023284,-0.7834824928489761,-0.228701102000368,-0.05452985372565159,-0.6986473022376787,-0.18537217998164443,fist
0.0,0.0,0.0,0.2313427762871369,-0.10873701224359021,-0.0508094365018511,0.4380321867818071,-0.495170064899512,-0.09572654616531308,0.43950937422816105,-0.8782555973283891,-0.1487192208499323,0.28955755048221943,-1.0470317777536364,-0.18285976998849449,0.32943877580575,-0.9412908823193835,-0.031705849227908964,0.4226124051775471,-1.1812581284134842,-0.0972824817791118,0.38212853093268667,-0.8249620589889098,-0.07715479613908485,0.33787949043624954,-0.7154514601382294,-0.06244066418759182,0.17239048594552905,-0.9815672947014333,-0.08250543211191205,0.2714614087614941,-1.2232965487654077,-0.18859259120681476,0.22830174154577484,-0.745945518243348,-0.15859977638860692,0.18067251323536615,-0.7156433822114254,-0.1025047018080162,0.021049609180463478,-0.9763697455064062,-0.15034217889576432,0.12487888363388203,-1.2143322453111063,-0.26140111360911805,0.11411967776453698,-0.7534484008991525,-0.2154344442865058,0.052823261202676615,-0.6458302535078112,-0.1466910089110681,-0.1437464568083927,-0.9465417432014097,-0.2273711153278778,-0.03769465215272714,-1.0932232919518943,-0.2674891664779889,-0.01789174244418877,-0.7941801177739971,-0.23266561806431438,-0.06255060235578964,-0.7181540223817089,-0.18923221802168003,fist
0.0,0.0,0.0,0.2332034389683324,-0.1217018845713062,-0.04202268855695418,0.4439161955983261,-0.4849093033253143,-0.08503186468128836,0.47434549106585544,-0.8580672724789883,-0.13758677644659714,0.3383565001998797,-1.0436664308193018,-0.17087392697705636,0.328534835250643,-0.9420131404060117,-0.020874351324207847,0.4275356425454872,-1.180654426624788,-0.08483753047992976,0.38702451388998943,-0.8215030752346011,-0.06434629927730937,0.34100784172886206,-0.7103074668137933,-0.0495158855846899,0.17779822090042127,-0.9811379228170329,-0.07586928927387064,0.278396454331543,-1.2242074345647322,-0.1833486458394707,0.23419285455634908,-0.7507658540360773,-0.15397988698353438,0.18720160747023054,-0.7201335839619375,-0.09775671293009008,0.027777383143814924,-0.9776284484883362,-0.14733807667527687,0.13436005686050523,-1.2202929242943847,-0.2597547434561144,0.12073278927573966,-0.7603522373968862,-0.21228518465465715,0.05902759559454801,-0.6512368332964711,-0.14163931915295006,-0.13701151254843438,-0.9493352952249113,-0.2269886000869292,-0.03100682557711493,-1.1059275785692184,-0.26721697130218564,-0.010637673097747631,-0.8065843274897762,-0.2306850096902741,-0.0546118133907777,-0.7228925773773281,-0.18546812083740805,fist
0.0,0.0,0.0,0.24425396719836867,-0.10990853077527062,-0.04126327187942081,0.4682464493541616,-0.4932130889091938,-0.07751059080383647,0.5058625204959205,-0.8766485509983949,-0.12178388273162216,0.3652532028336313,-1.0616673240776648,-0.14630524394054323,0.33827244316247235,-0.9473930194147322,-0.014930738941496784,0.4334515085149035,-1.192912506949707,-0.07567090828860819,0.38906767979816237,-0.8227036543805565,-0.052921137028231646,0.3439023521597004,-0.7011333588980629,-0.03650741589288392,0.18669986152786913,-0.9800746809689183,-0.06779942056645429,0.2840971371136507,-1.2290274537224768,-0.173875576441144,0.23794760566328502,-0.7543055296987674,-0.14594814395319541,0.19059696693367212,-0.7145726007687501,-0.09018189021951158,0.03246660505622925,-0.9766974974454534,-0.13719249899915514,0.13650604429870272,-1.2231210764951865,-0.2475023993092594,0.1204227503154588,-0.7646420938710785,-0.200968308631368,0.06193292377945441,-0.6572646037690199,-0.13109197354454336,-0.13317307260493075,-0.9576185345526718,-0.21481694281016203,-0.030430090436289543,-1.1158954996251786,-0.2522274376015187,-0.01371582553633586,-0.8083365412642579,-0.21562047549948707,-0.05630474631602655,-0.7251982156500698,-0.17062255832058568,fist
0.0,0.0,0.0,0.2366611908902023,-0.11117377274180736,-0.030282600366365837,0.46042989876025164,-0.4579293346390551,-0.07420947015075165,0.5186718784957967,-0.8004455905551842,-0.12872300727821853,0.406584748109426,-0.998443380497967,-0.16512260374727183,0.3330120165534728,-0.940515180336481,-0.022581819900781504,0.42862474053978267,-1.1517872856177944,-0.08451853253053124,0.38810203728692194,-0.7919936930374173,-0.06584841757709814,0.33636986101553806,-0.6708001612437569,-0.05211344719576592,0.18572054518471948,-0.9792815240138852,-0.08071899294052344,0.28261441102092993,-1.2076306076259198,-0.18365097093715713,0.24195341445854787,-0.7443226880678607,-0.15492820765082888,0.18867110951708,-0.6894261167598864,-0.10215891791938873,0.034855901719592755,-0.9772150696153316,-0.15255751660746442,0.14101749196612295,-1.2029654826118217,-0.2562312954255785,0.12681151037668942,-0.7574044751686573,-0.20518953497203277,0.06369725353393337,-0.6578111838078011,-0.13741996952203733,-0.12881566945430173,-0.952165671985699,-0.231524090254371,-0.02059591549888094,-1.1031391307526555,-0.26674754588236627,-0.007393222507162867,-0.7996245819815918,-0.22576611992192475,-0.05806614802560447,-0.718369605264939,-0.17987035887650207,fist
0.0,0.0,0.0,0.24453891216290388,-0.12982027225420117,-0.02311059365325947,0.46632391278943197,-0.4528697506413349,-0.06584764512850234,0.5405726766575528,-0.7798848210080535,-0.12244800007523841,0.43988604026771677,-0.9712756025952135,-0.1614134586987985,0.32998179686292334,-0.938973618045581,-0.0005385737201895355,0.4317770589636948,-1.174757314821707,-0.05805408001835952,0.40130211992976417,-0.8202123406411905,-0.04012988519044088,0.34489283045473995,-0.6818291111957779,-0.027738932644003414,0.18258981301697286,-0.9812422105582519,-0.061843871169110325,0.2810034881502178,-1.226114670540099,-0.1640432295936175,0.24933031354354612,-0.7676288944326973,-0.1437259862191055,0.19198912891836933,-0.6933809602855192,-0.09662440256354228,0.029561890402332595,-0.9803589133490259,-0.13661655195495212,0.13664579379151623,-1.2251988956825466,-0.2438525609726568,0.1289663708726573,-0.7818149889837697,-0.20345823398719143,0.06218616227240062,-0.6649020927764632,-0.14181423508502683,-0.13871168040713633,-0.9507961932257505,-0.2170825630107577,-0.025853393383404127,-1.1309831343928272,-0.2564296932679341,-0.007439752097998001,-0.8279436803847463,-0.2211933265224142,-0.06109839811659456,-0.7248103154666168,-0.17921091365272857,fist
0.0,0.0,0.0,0.25925604361334403,-0.14773986822799784,-0.02573547034210489,0.4753595385645911,-0.45850058212345524,-0.06971889442903878,0.5484107122449282,-0.7694344217648152,-0.1288382878243618,0.4719242837777966,-0.9563659894074884,-0.17176256277764357,0.3346891310435947,-0.9377432546489787,0.008752061132215168,0.4236357111745773,-1.1808089324089548,-0.04545564769442243,0.3914254748502018,-0.8226120032600993,-0.029522341964521682,0.3328016060777338,-0.64216954247732,-0.018894602798581604,0.18831083463489276,-0.9808317180902166,-0.05008143715293414,0.2763866448712554,-1.2424137204472017,-0.15550649761669694,0.24366085729250656,-0.791674862890401,-0.1492091382809684,0.18453853462869244,-0.6674695746510078,-0.11162004763568593,0.03351872262490024,-0.9757845286996509,-0.12199670477711924,0.12929444388466324,-1.2365460967552655,-0.23286882219830746,0.12216723474170081,-0.8091483679047,-0.20847063108858851,0.060556468604492916,-0.6689033619057494,-0.1582065060123113,-0.13683151149237352,-0.9374457844446926,-0.19882777812196106,-0.02855713961145239,-1.1383871465638176,-0.24485491061457276,-0.009012462431218324,-0.8442285699781432,-0.21990812430847465,-0.057389510899056494,-0.7221337897958463,-0.1859590233941437,fist
0.0,0.0,0.0,0.2574941242144636,-0.1206121938755144,-0.023723343090480763,0.48855232686744016,-0.4483480609683406,-0.06729050762078984,0.562881339407293,-0.7795013178345707,-0.12436085947356369,0.4651212640359635,-0.9693329843067364,-0.16395783161257438,0.3432521547331546,-0.9338099071766821,-0.009529526110377023,0.4347792193484345,-1.1931192404406912,-0.06527277674461378,0.4016935292350108,-0.8244457055089149,-0.04176873072878245,0.3485267795523274,-0.6485236776720115,-0.02523096154894928,0.1914950747250054,-0.9790011371966635,-0.06990271613967242,0.28474641282903573,-1.252021089435656,-0.1742514382027695,0.24984974041856073,-0.7910335893386141,-0.1537778642822834,0.19286623323398933,-0.6812153136886574,-0.10560218470861871,0.03312469700072344,-0.9792994251583678,-0.14241209663540602,0.14058215023636547,-1.2445493986702132,-0.2502751973460946,0.12793510295317542,-0.8006908734364144,-0.2101919977148526,0.06277524498026953,-0.6665934068760139,-0.14868098950101866,-0.1402415947497236,-0.948775509349249,-0.22021024647562212,-0.023812798963844018,-1.1469372596361664,-0.2612650104541948,-0.009143673287627201,-0.8428485028094278,-0.22636086574913206,-0.0621430435715564,-0.7283423963507925,-0.1845312172740922,fist
0.0,0.0,0.0,0.2619115196721615,-0.13550489400777546,-0.017394347485275196,0.4857634181171047,-0.4577177845221693,-0.05820519601731871,0.5623139980452796,-0.7772505269961064,-0.11543744484724111,0.4794703746561732,-0.9508873197401903,-0.15659259540974077,0.34370466909441044,-0.9281257845809923,0.003576403041603179,0.43471724356596375,-1.212508136820707,-0.04839706146865766,0.4026397500063378,-0.8527031013073781,-0.025150907142314674,0.3478398001441232,-0.6596880958550212,-0.009061033021226711,0.19538754531429706,-0.9789018372549411,-0.059790301512483886,0.2866581137420259,-1.2785518945080079,-0.16455768410267216,0.252358025525758,-0.8273581964673523,-0.15112095827615948,0.19474292793661724,-0.6849933093171737,-0.10748869515901315,0.03599848717562841,-0.98147344652751,-0.13441494614494948,0.13918663681826499,-1.2718847230593462,-0.24183431611050613,0.12651785952583303,-0.8354380869580901,-0.20880681738426343,0.06415118948741913,-0.6751336770432861,-0.1525779626055853,-0.14082366114702513,-0.9473182808421803,-0.21381889512689203,-0.025608288983319315,-1.1721790018080651,-0.2562843511762153,-0.010576527160657672,-0.874304276185051,-0.22559208976696687,-0.06072486804379794,-0.738287804418022,-0.18734329134752445,fist
0.0,0.0,0.0,0.2587220260578257,-0.13031410464148263,-0.01585365969912931,0.4734289144000371,-0.43990333309754953,-0.05658966204836831,0.5536894596909492,-0.7515844729504587,-0.11479543282522521,0.49026713044471376,-0.9360248642900894,-0.1569471380262668,0.34577268599116373,-0.9235607113200273,0.012990965552313627,0.4377082529329719,-1.2106059786902927,-0.03718766096772032,0.4033165905566607,-0.8555410305668809,-0.014569985583961557,0.3466209625258748,-0.6686019063065729,0.0004982022572748445,0.19888048230450642,-0.9787052713167429,-0.0508185562088016,0.28906961907759765,-1.2746042725819333,-0.15575714543565772,0.25480124703719653,-0.8244652806769595,-0.14484358794768562,0.19730002458601073,-0.6911892812000737,-0.10239468566033359,0.04076410204297733,-0.9838241982605374,-0.12621747148715437,0.13937893207890079,-1.2688414554565295,-0.23435302729398283,0.12861316141173104,-0.8355536061794239,-0.2057785255207602,0.06789309779698867,-0.6863696168520501,-0.152254071878013,-0.13525071798271907,-0.9521408989606202,-0.20572210891180814,-0.02306687796056317,-1.1668277876835542,-0.24890119546973943,-0.007179863320536353,-0.8697222240212348,-0.22147571145738787,-0.05692367247010577,-0.7408773597032424,-0.1854497814113238,fist
0.0,0.0,0.0,0.26048653250179127,-0.1463581017705818,-0.0111125463022749,0.4612198823523936,-0.443239118509375,-0.0454230432576442,0.5348314080567432,-0.7404790255185092,-0.09810292245394653,0.4782925815516631,-0.9065170799993048,-0.13612374113434705,0.3357559385623541,-0.9247099263141592,0.025308606311988002,0.42292761526974204,-1.2121822371871378,-0.0170416499180265,0.3922480370725039,-0.8755412366795702,0.005448327800462017,0.3350564638341186,-0.6752368690917043,0.019523713658683148,0.19273672063571032,-0.9805532523792325,-0.036984534160925175,0.28094773393136846,-1.2689938443842723,-0.1335828461935227,0.25164964240899,-0.8428075536330238,-0.12899311534611813,0.196093789859119,-0.6924696237169079,-0.09395688927360928,0.03694197254873705,-0.9815538095490292,-0.10989985188153034,0.13349019951718125,-1.259060050740375,-0.21107502348715623,0.12810323247276595,-0.8538295796537005,-0.19268501333544547,0.07338402781150583,-0.6939071117258983,-0.14924261065691152,-0.13675971396658346,-0.9419229299311963,-0.1862539375460621,-0.028485409796115906,-1.1504581688734887,-0.22903055662157187,-0.007664595498337848,-0.8731393213937706,-0.2086769319483644,-0.05069011942828655,-0.7380951751792032,-0.1793150410566195,fist
0.0,0.0,0.0,0.2542257081909922,-0.1484752332616731,-0.016714807650928504,0.4479215197766777,-0.4358049517686602,-0.05647052323764674,0.5224674191432259,-0.7261548202032467,-0.11422435799447313,0.4778543845394185,-0.8932172351198012,-0.15761545723322068,0.33032524808314473,-0.9260756401296012,0.014135975783060068,0.4165917080621254,-1.2089068285817066,-0.03226263477045677,0.38424445648319716,-0.8788517582061014,-0.013826049959052603,0.32856327632874816,-0.6822929650956207,-0.0028597320463655193,0.188657875773748,-0.9808849155116973,-0.04767565867554286,0.27682911233233165,-1.2610544499398804,-0.1489556741056829,0.24646878275199488,-0.8420691288308199,-0.14806173429951497,0.19364512358870842,-0.6955926882930252,-0.11621754921985651,0.0341113600638762,-0.9783056443212688,-0.12020281879012794,0.1286803240160598,-1.2504664752271106,-0.22529835612853286,0.12381308923375388,-0.8542565650688029,-0.2098478355699456,0.07248502274941697,-0.6947615001084073,-0.168854125752615,-0.13752549819577228,-0.9330411443136933,-0.1965027958787567,-0.03330735584016641,-1.1336141418873333,-0.2426350162280217,-0.010963445753607602,-0.863437384006014,-0.22478555563452715,-0.0499802643352153,-0.731571906980861,-0.19750478896185278,fist
0.0,0.0,0.0,0.25164850780135833,-0.1485426353343596,-0.03007861469540242,0.4423061117440336,-0.45723943507694415,-0.07512362962432259,0.49417971825563795,-0.763334724308794,-0.1346040452898356,0.44151434767554937,-0.9314958506502377,-0.180073808043998,0.31820216642985705,-0.9361179337351546,-0.01538454782976281,0.3950748780003977,-1.2061370004285863,-0.06751198855235978,0.36343941408054975,-0.8771449204810557,-0.05055882144135319,0.31506671075423415,-0.7012147112490605,-0.04016478995792175,0.16613915447877478,-0.9835076368998616,-0.07148768781214783,0.24504246685764966,-1.2524338592855115,-0.17443417986296708,0.2205413918924536,-0.8262660914758199,-0.1680341987247845,0.17432324301288113,-0.6898226372527928,-0.13320203110619605,0.007701800435836484,-0.9690163721212401,-0.13860155012853492,0.08779590731653227,-1.2281900201870428,-0.24300310543013798,0.09050469661121452,-0.8212636351373834,-0.2209202779117396,0.0482639086465079,-0.6607871679478197,-0.17617224192213912,-0.16500800464868154,-0.908095782508993,-0.21101779023687803,-0.07575747864697867,-1.0950931975936922,-0.2570511455807312,-0.043716920710354046,-0.8247970717799779,-0.23700042019060544,-0.06933602717608453,-0.701700497568546,-0.20766720853241172,fist
0.0,0.0,0.0,0.25106741055688947,-0.1426415594338842,-0.03647322933170378,0.44680875517939433,-0.4735085886528603,-0.08627710303179006,0.49299984370608285,-0.7940278141221491,-0.14707795298981025,0.43123196923190865,-0.9712188592085798,-0.19235747982554255,0.31582986566625265,-0.9406389229847253,-0.04184043827747389,0.3860709298216783,-1.223097880678072,-0.09499908835450861,0.3562423456955698,-0.8820934827894166,-0.06980749064742968,0.30817287692451684,-0.7033448885705348,-0.052995318081443164,0.15359336364811244,-0.9836229950152556,-0.09431257774272049,0.22683571693959959,-1.2630480626121596,-0.1975722211706114,0.20805109064497102,-0.8226676989708093,-0.17687995321004826,0.16031716461055248,-0.695074601617434,-0.13047745863612067,-0.009830307638505124,-0.9650098474183737,-0.15692666487084092,0.06558901303268193,-1.224307529309123,-0.2593254134433141,0.0747815423162862,-0.813586271877097,-0.224786255351322,0.030319952391786562,-0.6697741378874202,-0.1708982065985307,-0.18400882390758774,-0.9008226756820967,-0.2250973620792946,-0.0952741293945125,-1.0806090867552898,-0.2669299405312955,-0.06101840546439296,-0.8076084091345057,-0.23971589163896018,-0.09099669508366168,-0.7006614882214427,-0.2043994742780885,fist
0.0,0.0,0.0,0.2598807118533041,-0.13091729864889715,-0.038772352571126656,0.4757175993319817,-0.4641224615501985,-0.08754339611773704,0.529647723338416,-0.8055654459636795,-0.1456514231907969,0.4520818378870714,-1.003858486215607,-0.18752427041816208,0.3293142254869194,-0.9432483585319971,-0.04584560575378189,0.402189343002236,-1.245235361833619,-0.0985730719369405,0.37079972243985837,-0.8902128134613783,-0.06925093271281844,0.3255751500612384,-0.7149669642389284,-0.05002556791506822,0.16165005298461288,-0.9819232664224772,-0.09846796041497093,0.2334669461431935,-1.2883131852444896,-0.202971944250399,0.21510944089780556,-0.8308950156705301,-0.1768102898821799,0.17183466583413065,-0.7018909616488779,-0.125150137380546,-0.005610116127324942,-0.9665215990775139,-0.16142196907779166,0.07151004296446728,-1.2576866020378494,-0.26713306334082587,0.08160652055055051,-0.8232367466409625,-0.2254625484661813,0.0420025251013273,-0.6623007936966465,-0.16443443959633053,-0.18562825539850225,-0.9053711168592861,-0.23032396575095346,-0.09699904972358862,-1.1198868170601755,-0.275655731291036,-0.05903944426444863,-0.8264716595024127,-0.24416284036797306,-0.08150149169296515,-0.6928879384770837,-0.20340678897101439,fist
0.0,0.0,0.0,0.2624717000932443,-0.13181362823327789,-0.0381390942312348,0.4767169488599209,-0.4643039277531095,-0.0846119756258619,0.531317863194905,-0.8124985367268175,-0.1385722881347347,0.4453596638560729,-1.0297462753364734,-0.17538920558658755,0.3299120089015906,-0.9481565308271137,-0.04765672840119248,0.3941800032342751,-1.2469372446876936,-0.09767270226519252,0.3627997689557398,-0.8854888256540412,-0.062200593437230854,0.3207080211099399,-0.7190210679296628,-0.038297553688575,0.15951799263525873,-0.9822270240272304,-0.09891442410602906,0.21932694289628554,-1.3008293887918225,-0.20194359995185793,0.20357129953850447,-0.832924599054688,-0.165975624484935,0.16504900940610504,-0.7115168966783711,-0.10583056548809083,-0.007864837220844339,-0.959389596858052,-0.16061358684717736,0.059490680056817076,-1.2637504872515708,-0.2672801547889428,0.07374181728039018,-0.8235470422750109,-0.21843019280662293,0.03849716671589967,-0.6715839508666673,-0.15040010273703133,-0.18361436869949604,-0.888735544093951,-0.22782337623057708,-0.1037752914917752,-1.1066314185350266,-0.27346625256644286,-0.06423175863581068,-0.8116322620002167,-0.23888050285498502,-0.08404894047054172,-0.6861796895675121,-0.1942539774236068,fist
0.0,0.0,0.0,0.25346058606670374,-0.1221827796354199,-0.048931004721114287,0.4653935911761368,-0.4591054805509399,-0.10152605372801869,0.5225802779367602,-0.8021301625563568,-0.16150531500732868,0.44500272929880447,-1.0171503128686743,-0.20469520374949,0.3297334019647337,-0.9449853721627319,-0.054240029405974534,0.38529580724104756,-1.2443222019659899,-0.10656598413274236,0.3558124749578064,-0.8938030367422928,-0.07623046099805064,0.31749474592126414,-0.6998777294077917,-0.055736190864544476,0.16280393775433538,-0.9813776526316867,-0.10194489083226466,0.2195058842863353,-1.2864263097245554,-0.20466723562605288,0.20112215372229775,-0.843437528778926,-0.17869594185947874,0.16598737364552738,-0.707170014353911,-0.12796990682941245,-0.003323306941590574,-0.9600198666870629,-0.1607334069737525,0.059159976340227384,-1.2426141682774376,-0.2644657312239863,0.06689025609864842,-0.8258198630714244,-0.22225703972636546,0.034200845613184906,-0.6681105670318334,-0.16174700037433107,-0.17884199793531347,-0.8936567138505788,-0.22667979216452594,-0.10366331693805345,-1.1098150663571777,-0.2713586411060535,-0.06860912401129543,-0.8316318765007034,-0.23979110539569357,-0.08666697572248888,-0.7066684749912974,-0.19927305500496584,fist
0.0,0.0,0.0,0.25682468919939,-0.12401639827577003,-0.025011008432319685,0.46390865665626,-0.47079225883941594,-0.06479295893735075,0.5155293537849359,-0.8354514612163358,-0.11727363543364516,0.4232907372562572,-1.0418010594903653,-0.15378920275888203,0.31342021195075936,-0.9432614265575372,-0.011547553159588202,0.40002631528144544,-1.2288871685393195,-0.06481646622492422,0.3713340264273408,-0.8582955318750058,-0.03847467067551524,0.3192289348649727,-0.6701622510159349,-0.020770498825741633,0.1581144366516835,-0.9848593150276087,-0.07107696198958922,0.2427567130760809,-1.267515741005167,-0.17794179765590762,0.21838277750879329,-0.7987440607530567,-0.1592933259119187,0.16522249355612154,-0.6731422611270739,-0.11200084069987222,-0.0019245746729508945,-0.972849711437636,-0.14224540043944206,0.0922070203037014,-1.2597639717787856,-0.2555859811530841,0.09314895237985502,-0.8049274419811365,-0.21985299003951686,0.035801804045849615,-0.6466646245960014,-0.16052630782969127,-0.17830405984042383,-0.9232924908478695,-0.21800846926350384,-0.07164674909118696,-1.1470768860644356,-0.2681176212178516,-0.04413251333297088,-0.8340997504070138,-0.23850773545702314,-0.08776410497610795,-0.6965635705112927,-0.19886261521449805,fist
0.0,0.0,0.0,0.2338291128341061,-0.16070331085499073,-0.013779788581923575,0.44554013352667593,-0.4766134258312454,-0.0552783751778558,0.5266942029998017,-0.7923405361640293,-0.1108326029418056,0.44099473211139917,-1.0188165648730125,-0.15008325197755598,0.2718071750534409,-0.9725595470977995,0.005219728704131407,0.36445327581049497,-1.2022800170214072,-0.05008072861666227,0.3359543117122738,-0.8397297772553542,-0.036023102232962186,0.2808433830708969,-0.6847231934205681,-0.02813586519802768,0.12661126734069558,-0.9900959198922364,-0.06066000655397569,0.21919593419359482,-1.2244185085207533,-0.1674544548271852,0.1941682804685274,-0.7706900963523929,-0.1557027591743761,0.13944293506436028,-0.6714662049823422,-0.11564800105965134,-0.02864871660930846,-0.9600411804937878,-0.1376290165916291,0.07392562188675841,-1.1942979723497165,-0.24391444635163445,0.07610611278048282,-0.7579486338814699,-0.206018202654844,0.020571042578175627,-0.6282943247662581,-0.1486969357934679,-0.2011146745064529,-0.8914983949307659,-0.21886757242238802,-0.08697354638627672,-1.081651303540976,-0.2609916125040506,-0.05451663521154902,-0.7837294130304081,-0.22740872752745286,-0.09553844669757788,-0.666226282078636,-0.18693197980717366,fist
0.0,0.0,0.0,0.23778166469955583,-0.15277685347642084,-0.01275503405910248,0.4540918891374123,-0.5110939189390923,-0.04859405606882566,0.5263461600869649,-0.8500408558358309,-0.09663024961652544,0.42828159251025355,-1.0740158235979638,-0.12728511193149195,0.26466906790664857,-0.9850566279332077,0.007104105250151475,0.3588411644809203,-1.2116661354230727,-0.0416672120936572,0.33017196505814567,-0.8366556150316625,-0.01884163845477013,0.2800291016395611,-0.7036802945386077,-0.005398427407699872,0.11745026228141725,-0.9914825172806714,-0.05628351283287893,0.2176464545609803,-1.2300861443306437,-0.15706028258814836,0.19474725996171502,-0.7663371631446018,-0.1340415769102745,0.1382352709348025,-0.6902906062662183,-0.08429635957714965,-0.03494153407797832,-0.9593996519210347,-0.13064296506814702,0.0793244579958687,-1.189278048553306,-0.2313134564257481,0.08043667616702105,-0.7391373838143049,-0.1835551528352525,0.01654633736153458,-0.6353802909920386,-0.11742756195666668,-0.20259306205803979,-0.8977207581691024,-0.2092329032055629,-0.07589183179974895,-1.0824346468629675,-0.2442927487161162,-0.04789420007833931,-0.7736057306813003,-0.20419308781092269,-0.09972452657086624,-0.6745442279912693,-0.15792215511391527,fist
0.0,0.0,0.0,0.22315689754694118,-0.17749507011570656,-0.0008467843791616487,0.42178951780890206,-0.5232686211196358,-0.03607959874105727,0.4922456325727511,-0.8384838225000345,-0.08793020379211522,0.39480952280553133,-1.03584812279904,-0.12355098928762605,0.23507508794790735,-0.990683372437113,0.021570210526940248,0.32754135052798244,-1.2269692921035456,-0.029689624891786438,0.31051755756748245,-0.85912741240951,-0.013582838151772535,0.2585571887856721,-0.7039484014508713,-0.004310497213722908,0.09598943772064114,-0.9942118577368034,-0.048257536008469576,0.18930405593990418,-1.2370149587838328,-0.14868281803934333,0.17801408045096165,-0.7852358555688833,-0.13523761057548678,0.12478643065037201,-0.6925560322414281,-0.0942463206150096,-0.05132361143989147,-0.9558554240013617,-0.1282666991853885,0.054628146550437406,-1.1981593700907303,-0.22679559063908522,0.0664146219174785,-0.7612066929030997,-0.18482088951137188,0.007701808618227638,-0.6393775591318569,-0.12571580263661178,-0.21803825046608086,-0.8845995530981337,-0.21180506915100872,-0.09583024838516119,-1.098851082917557,-0.24600491811297834,-0.06199045129945062,-0.7975194080052325,-0.20714072927085966,-0.11068080100502224,-0.6766142419215748,-0.1641856400148684,fist
0.0,0.0,0.0,0.21106990803019882,-0.1739868753783615,-0.007858196019239382,0.40348795411218374,-0.5000429346188383,-0.05474621682025612,0.4755613497635703,-0.792479989774184,-0.11842736023552904,0.37825544001699696,-0.9748876502501256,-0.1650128796408395,0.2270160196032612,-0.9890753581225958,0.012181427759118001,0.32679919413775105,-1.1958784202937083,-0.046768400917324184,0.3061331627024542,-0.8398856271288514,-0.04118094288182277,0.24766646235326886,-0.7008525926873624,-0.03958901798903505,0.09323125010754933,-0.9939408094967773,-0.05822011010187185,0.19481113196934108,-1.2005668287421083,-0.1625322048280161,0.17972540447647584,-0.7569738639870749,-0.15533663472027065,0.12132651490829721,-0.6851298447049399,-0.12032202574770927,-0.04646441480647158,-0.9584041744256028,-0.1392309339815627,0.06468547230195086,-1.1726310139223155,-0.23755195942829488,0.07481399787293394,-0.7489258711634047,-0.19804803178802388,0.012334769930376167,-0.6435929019705492,-0.14289870109760763,-0.20390100570907227,-0.8895560777604976,-0.22475097646002756,-0.08150688855398712,-1.0780261779453069,-0.2539352222759602,-0.04861487394208077,-0.7827902856940845,-0.21370512635213576,-0.10076437092567596,-0.6724333059281085,-0.1721234774952911,fist
0.0,0.0,0.0,0.2160260195065136,-0.17041754805026613,-0.00443047356265764,0.40828810598973225,-0.49813428012881145,-0.04928061855407973,0.4792384065196165,-0.7899936655071662,-0.11205085529179108,0.38326958645263526,-0.966670049648757,-0.15842243359915018,0.23420251802878053,-0.9896075198272414,0.014762326202639408,0.3351012401216338,-1.2084657945353547,-0.04250631605174889,0.3213562649303754,-0.8637196079653741,-0.03463526992874697,0.2635418353383108,-0.7242949850018904,-0.03079430304120066,0.10079538581693331,-0.99328829204035,-0.05673305115697233,0.20178130144513312,-1.2184149520666059,-0.15806972324373272,0.19019047267015124,-0.780943954197118,-0.14774780482277933,0.12945352494680623,-0.70150348157619,-0.11013185858589862,-0.039698182143766365,-0.9597814193125556,-0.13855366145711442,0.07231254320792736,-1.1921409365655342,-0.23477964277070087,0.08389598270025256,-0.773820913078798,-0.19275159138502307,0.018286428311941324,-0.6638677050624882,-0.1357474534768792,-0.19787123410712995,-0.8953045851148494,-0.22504088085293442,-0.07279716646892223,-1.0993013071816722,-0.25490935606162346,-0.03993691281420676,-0.8048145202532103,-0.21314029903305598,-0.09386196505970658,-0.6905068648080624,-0.169787363477227,fist
0.0,0.0,0.0,0.21886716537817147,-0.1698976237860631,-0.004234211551435091,0.40660162181381576,-0.4805464805539815,-0.04937512246576242,0.48002619718833345,-0.7609317497896962,-0.11476748026369679,0.3918216397937535,-0.9520158520661275,-0.16432672971100032,0.23873858162667894,-0.9865583671155072,0.034972426311843774,0.34756518611803,-1.193732252489909,-0.022385853559073923,0.3294594622412254,-0.8580752534857944,-0.021793302459365352,0.26609320298568007,-0.7155546681920951,-0.02359760291056214,0.1115594360452747,-0.9930474409852413,-0.037566636553243035,0.2225466633241529,-1.2049023897997952,-0.1415067884831581,0.19970612063637763,-0.7775645765060658,-0.14418749448335716,0.1351132095679991,-0.6958122648335525,-0.11557052259850842,-0.024290222102941572,-0.9650283117444163,-0.12133707281652997,0.09777713083298364,-1.1853820990585506,-0.21973533552201144,0.09969871378006129,-0.7735395573361616,-0.18779204991477355,0.030439493405223398,-0.6628073821358492,-0.1376472672314982,-0.1778002351620726,-0.9068261136544866,-0.21003489292493682,-0.04605954606074077,-1.1029437773558863,-0.24131931782361515,-0.017416053906512262,-0.81418982624185,-0.2045230087761696,-0.07313944316291926,-0.6986242425930224,-0.16541024355238707,fist
0.0,0.0,0.0,0.21970379890474762,-0.16863025280594648,-0.005688575698328463,0.40694227703890506,-0.471147730276447,-0.05027726488592853,0.475318199965146,-0.7555086327515681,-0.11551119975878603,0.37932258530070795,-0.947404204856106,-0.16458908832924918,0.24226848114856178,-0.9808450903456121,0.0390538835992828,0.3550099004610583,-1.1834637678137898,-0.019880676351372896,0.3337038171447342,-0.8495885551581349,-0.019703090552837515,0.26704115448103366,-0.7073696557383948,-0.021602566102844795,0.11547946259945363,-0.9927128397835356,-0.034433870631242404,0.23074896569802952,-1.2043499321283584,-0.14096664679633242,0.2037985271068663,-0.7760895277642536,-0.14422880713298525,0.13723881755749603,-0.6960960001998113,-0.11535539486993121,-0.019556227796046256,-0.9694211163116402,-0.12023229200228992,0.10726880697191088,-1.191255778325131,-0.22446587845382326,0.1066699649536872,-0.7774266443649899,-0.1946440294437677,0.03507377515435828,-0.6632489769940897,-0.14425370580517988,-0.1717670222713499,-0.9141824276819119,-0.21111117162685805,-0.037592825933781264,-1.1045620759770232,-0.2477814438519422,-0.00928071949302025,-0.817129719623093,-0.21344979388870375,-0.06581298099908889,-0.7007489250901965,-0.17512600373837334,fist
0.0,0.0,0.0,0.22636304676320027,-0.1578942502096289,-0.005667045277149609,0.41600532527204875,-0.4561084724553538,-0.0489954212790211,0.48824142814548493,-0.7392435051994822,-0.11376995281964719,0.3898864893721234,-0.9342566180621995,-0.16268470481371763,0.24220805790908811,-0.9778669341945619,0.04973744620541685,0.3548271365375273,-1.190647915832343,-0.008993279539819616,0.3428499042847252,-0.8567928572172769,-0.009834324944818952,0.27706444902847593,-0.6981861651248081,-0.011863827182134171,0.11831244536316694,-0.9926934594919546,-0.023703180252492243,0.23493939510307935,-1.219252350668836,-0.12923117830841005,0.21392805340052834,-0.7914669423962795,-0.1365224830299012,0.1458923446448671,-0.6959546538527499,-0.11028899926454702,-0.015611919520882743,-0.9728461524541232,-0.1103791443366983,0.11709704750576175,-1.2100790979742369,-0.21590250317237622,0.11927387417775505,-0.7970189120740069,-0.19104842658148702,0.04391114074356473,-0.6710419633182448,-0.1438498339180834,-0.16685718664410942,-0.9231386813470748,-0.20218626208546397,-0.02341473580648308,-1.1287257318448793,-0.2424928454707454,0.007613021578217118,-0.8406489194072605,-0.21132039927708834,-0.051658323455563634,-0.7118478254056362,-0.1750559241891664,fist
0.0,0.0,0.0,0.23230439320050877,-0.14410224916860295,-0.0010530845269952737,0.42284600000322164,-0.4429839509940255,-0.03990169074212461,0.4942006415920655,-0.7183298842268842,-0.10109386242956643,0.39748259773292777,-0.8900705797312415,-0.14717597460887588,0.24826356420653878,-0.9715436337755241,0.05759791650125652,0.3620817227556085,-1.180668110105356,0.002095854847611448,0.3487283160990081,-0.8483073213815595,0.0010529036306756209,0.27925699851041746,-0.6738781519597876,-0.0012151979257573405,0.12613362502084202,-0.9918906594517342,-0.015595138072645735,0.2457796814316149,-1.2062429468204847,-0.11658139864247749,0.22401892388151484,-0.7851127278980603,-0.12786340847233643,0.15412296758368296,-0.6763905878238017,-0.10608036594412913,-0.006811445591693585,-0.9747462992725089,-0.10132347439625239,0.13154124972824757,-1.1911390706194813,-0.20293487764074297,0.13029576870164236,-0.783506439654767,-0.1835621966327505,0.05286038102828194,-0.6541217740686465,-0.1420095468121031,-0.15617808207036407,-0.9276865608845257,-0.19185181027924145,-0.0021047874226610645,-1.1172550028987354,-0.2312513123574303,0.024637658257917045,-0.8282328479193943,-0.2033129700952478,-0.03847623145311169,-0.6959591288643977,-0.17056672123603417,fist
0.0,0.0,0.0,0.22321146499174552,-0.12505737637751882,-0.0025455169818288637,0.41485240773057963,-0.4069393538804587,-0.042665205333888435,0.5022095374695154,-0.6646150584557201,-0.10358074979609799,0.41456374339628305,-0.8291849914662754,-0.14865987151459864,0.24642521181505783,-0.9613775112467867,0.05373786453967078,0.36188375744947904,-1.1419047630186276,0.0008005503145905304,0.3448769783929921,-0.8194215193657112,-0.001105819659355708,0.27761818850188713,-0.664893910484582,-0.005202734174472708,0.12650936938868831,-0.9918171082500745,-0.017151770734703812,0.2551306663773091,-1.1674265694539896,-0.11059585647134318,0.22993848494660404,-0.7563726648923438,-0.11908397845166868,0.1599610018706697,-0.6765867556653657,-0.09861235739723942,-0.0023382952043769084,-0.9803871415776777,-0.10039319099911433,0.14572779645150138,-1.150226738992906,-0.19297475298184208,0.13882153077759923,-0.7574892139735401,-0.17280289215361086,0.05941111337835644,-0.6603510412615177,-0.13418268483224788,-0.14616193391869403,-0.9380267344371146,-0.18863665858643713,0.012423519645935998,-1.0797782652561112,-0.21985690435464872,0.0347651122513186,-0.7995166873087763,-0.19184001975903395,-0.030825928005630814,-0.6947837901903833,-0.16139591594104075,fist
0.0,0.0,0.0,0.22369000772256079,-0.10676109226416705,-0.000792303048893484,0.40911271242770675,-0.3772986899670275,-0.04359561848326649,0.49071269441774595,-0.6262041422931174,-0.10800965070046693,0.43116913034811066,-0.7962579780161472,-0.1574547342421914,0.2504548106681373,-0.9513436466038259,0.04715498456311989,0.376169509728312,-1.0966141671659164,-0.006137491333855055,0.34575290867634484,-0.7862688716080364,-0.01131261488821641,0.2734504046651759,-0.6474363604469638,-0.01823557858217832,0.13265245149902422,-0.9908543315461922,-0.02471842971240561,0.2749310428064941,-1.12341438148707,-0.11867724459766306,0.2406890172472598,-0.7228603772152558,-0.12861579296759634,0.1666007839620659,-0.6494470626164521,-0.1102850874838159,0.007063684143245771,-0.9823159849312566,-0.1074018545531348,0.16416204679028915,-1.10631666275295,-0.19614395826657996,0.14901272833675117,-0.7185379761838736,-0.17483934044876054,0.06819157528831113,-0.6279421768706619,-0.13759815120153585,-0.1320491301876294,-0.9361045824453096,-0.19535521137330536,0.030266766669056512,-1.025117493270224,-0.221709920158048,0.04536695183898125,-0.7520012834620573,-0.1925725412162358,-0.021937568491123126,-0.6667587988517167,-0.16270418018755914,fist
0.0,0.0,0.0,0.21032234734577718,-0.10708103050737945,-0.004495350642125228,0.3854992884200755,-0.37476358986924363,-0.052182931943902805,0.46554828940193166,-0.608250636163012,-0.11966515238733641,0.4223807064080815,-0.766388479873361,-0.17125878263053204,0.25314964292768755,-0.9547739032365287,0.03134000250671257,0.38114951828116794,-1.076441585403248,-0.02271412001007378,0.3403621274521162,-0.7704610105039563,-0.025926092583627647,0.26991203599473085,-0.6651033607239224,-0.032224497205313,0.13297348790723096,-0.9903352758127569,-0.03942173251717683,0.2847063496796019,-1.093780936365968,-0.134992857759435,0.24261646837288925,-0.6920675254431639,-0.13606162141609213,0.16712511364003416,-0.6617000584353991,-0.11074614198234542,0.01017351248996098,-0.9798808843769227,-0.12079115690386635,0.16948539594052903,-1.0767314559007422,-0.20958278268172148,0.1497894021148751,-0.6921394578561314,-0.18023529481095615,0.06659881722203367,-0.6398934049090124,-0.13643866447133973,-0.12295176137201358,-0.9325951707406854,-0.20724853841612867,0.03621914739421186,-0.992480617212599,-0.2295327075589558,0.04687477831870481,-0.7252427114868463,-0.19602047213234006,-0.025259409348825035,-0.6739531883645445,-0.16266209660466635,fist
0.0,0.0,0.0,0.2069897272447262,-0.10970878388520273,0.0021151820956697613,0.37021568947844485,-0.3770246923969038,-0.04239982805015251,0.44301083311886463,-0.616993495656512,-0.10911772169189823,0.4120142177020086,-0.795577714488861,-0.16091977854921968,0.24292462445316826,-0.9513106732263699,0.04597572234112885,0.37489690589708957,-1.075285293524019,-0.0053258549858060805,0.333081584458208,-0.771150045130473,-0.0101163862542215,0.2623246635025746,-0.6657523810340271,-0.01823747433725502,0.12429272254934152,-0.9918589680992885,-0.027696326873550614,0.27977389070589975,-1.098695681569888,-0.12374362321017855,0.23622972927981706,-0.7005334982310856,-0.131268773334108,0.16226153648992445,-0.663556129887148,-0.1103101812685314,0.003104053613384023,-0.9855839033088815,-0.11132717327485679,0.16694565942660497,-1.0831593738293628,-0.1988022715953608,0.14378071068153364,-0.6993353669074522,-0.17379964990997132,0.060214118849373666,-0.6400723253486715,-0.13354041902059113,-0.1288069756541535,-0.9400529753321273,-0.19946910218693695,0.03508791632305604,-0.9976924574458911,-0.22039500938071338,0.042591146456799414,-0.7325336159119945,-0.1889464842337035,-0.030176331437872583,-0.6777031220065761,-0.1578308765067073,fist
0.0,0.0,0.0,0.20114044662696778,-0.12603642207167384,-0.010603499554241232,0.36445922477211967,-0.40893596398498155,-0.061910884261742766,0.4307535922341664,-0.6544218727509299,-0.13269769772996248,0.3800116186051755,-0.8433405680600425,-0.18759327853141516,0.228025836000434,-0.9640586595798573,0.030955237717577466,0.3497657358856772,-1.096606335740353,-0.023249040426403425,0.316426463722795,-0.7758333025273907,-0.027352137343697704,0.2482973243760836,-0.6618801416736533,-0.0348772255895955,0.10271326883402603,-0.9939936053923261,-0.03777137599550064,0.24584001285957138,-1.114918988183494,-0.1350380195126289,0.21149158286923425,-0.7018835840773513,-0.14046772196074667,0.1375862522717327,-0.6597506344481353,-0.11801558323073286,-0.02411370089135225,-0.9788293833297164,-0.11742480865585787,0.12825270754890386,-1.0895235880501026,-0.20590559806566175,0.11523252973351845,-0.694911806018446,-0.17923164745352052,0.03321287775277961,-0.6331456653330791,-0.13802518327640748,-0.16258038621817963,-0.9268665218166635,-0.2025333974235228,-0.0075989784152692115,-1.002069975161643,-0.22468867851848365,0.006768148785386377,-0.7290143273057218,-0.19247775943832543,-0.06459542240614907,-0.6687211975068336,-0.1606132598048193,fist
0.0,0.0,0.0,0.20218754944878253,-0.1295597403119979,-0.00010567230683721513,0.36818921202540006,-0.42687795197099815,-0.04717361299214139,0.4334426859756752,-0.682095780688087,-0.11502575365317778,0.39280203000186653,-0.8771451800298641,-0.16878917675386157,0.24054452224408182,-0.9645453229070832,0.02677202701975353,0.35586048545368093,-1.112664993678457,-0.025616067989320004,0.32524883561459694,-0.7945582333739912,-0.026599464548832483,0.25784749051396016,-0.6693083660939692,-0.03189011967466766,0.11242813519571969,-0.9925999832814508,-0.045882105510492446,0.24389507563214605,-1.1206869873807008,-0.13960310461568726,0.213997924910593,-0.7075690031896984,-0.14058981656998312,0.14232180930878996,-0.6502031688461087,-0.11653837974269032,-0.018942020946493745,-0.9716517349431013,-0.12754680115947162,0.12114836645968845,-1.097314982186586,-0.21248567345391023,0.11318996104808007,-0.7072922202950088,-0.18193576145256005,0.03573471281003571,-0.6308119925133787,-0.14010304932665335,-0.16488152175321427,-0.9134409725895482,-0.21362305713390078,-0.017997280628477372,-0.9996673675835338,-0.23621240486192407,7.670968394128132e-05,-0.7260587285874551,-0.20195331609264988,-0.06550423835567466,-0.6554216703273448,-0.16889553573998425,fist
0.0,0.0,0.0,0.2085407363236401,-0.1264356799597054,-0.015446223229050492,0.3894790699662277,-0.4380044901266289,-0.0587439917318047,0.45445549557305487,-0.7165747590144204,-0.11875641183743746,0.40763960830254414,-0.9017405160421761,-0.16493568233549377,0.2565452524182175,-0.9733692128377784,0.014436575347709113,0.35518018112925737,-1.1570888141717761,-0.035435496614407445,0.32840121189480587,-0.8238375691509233,-0.03332982208903781,0.26810763508533986,-0.6685807060036706,-0.03603899786718051,0.1235015162368793,-0.9911881821149499,-0.04788886220043612,0.22794919429237923,-1.14621418238033,-0.14040100239220032,0.20759534607199492,-0.7391502687008571,-0.1452727492298462,0.14832197618885562,-0.6525940139653774,-0.1243391561603928,-0.01623398083671233,-0.9549305589829488,-0.1198252496023063,0.09547023962517388,-1.0958140701143517,-0.2066937655115861,0.0957593807589035,-0.7180796429851458,-0.18378186205477912,0.03640804402530696,-0.6224448066756736,-0.14656744334722938,-0.17355409661099372,-0.8849766306374226,-0.19727897298992492,-0.04687259043447942,-0.9967585929372106,-0.22715819333968018,-0.022336996377679344,-0.7313202817969536,-0.20041914977053296,-0.07037143914212934,-0.6436598904519719,-0.17140226191289928,fist
0.0,0.0,0.0,0.2304763508920971,-0.1358231672317725,-0.019298619209755025,0.42495893718325134,-0.4721537076671297,-0.06037277970441087,0.47740143644946115,-0.7743857777351767,-0.11523149205606244,0.3902772468880102,-0.9337562506029913,-0.15553498049408715,0.2622394404095914,-0.9719049730468051,-0.01106169822449377,0.34090227980414517,-1.1877193113764346,-0.058560008816818596,0.3287293543960865,-0.8495520260764283,-0.045692747578868036,0.2835905194242357,-0.6867099735362363,-0.039390362760194836,0.11502563555223409,-0.9910125311924854,-0.0682879651568781,0.20115607747430042,-1.176883471655003,-0.15582420300805525,0.1967885219243357,-0.7630924571190092,-0.1464196821930871,0.14431635006530108,-0.6598063679562617,-0.1150923307221379,-0.030659064425849744,-0.9523669917730264,-0.13366245682019393,0.06926685939773104,-1.1037795253591052,-0.21528365940376065,0.08277914425431834,-0.732731141814261,-0.1832308926199176,0.02922898187742045,-0.6317674730584865,-0.1396040808910489,-0.18497576040159586,-0.8818007911362463,-0.2050148674787296,-0.06954812374504118,-0.9978426845706979,-0.2296114289665954,-0.04141475404022687,-0.7418198228899927,-0.1981745105939806,-0.08731166123029267,-0.6554800811848229,-0.165417772914185,fist
0.0,0.0,0.0,0.23753600961196722,-0.1693882929802521,-0.04096829173145988,0.42748920874144153,-0.5426235781446547,-0.08553637723149156,0.4718140069633834,-0.864961927538326,-0.13870116652882847,0.3759308997080291,-0.9905779109368024,-0.17654411790284658,0.2584428941311607,-0.9895137221817292,-0.036973572740230144,0.31105755683569786,-1.233970415356355,-0.08721730519565135,0.3048916914339841,-0.8895064802240868,-0.06806875610142503,0.2706281779978523,-0.727356191706393,-0.05647883059433256,0.1018033197309295,-0.9911526373887628,-0.08516169026658206,0.1632496199287108,-1.2300683131065384,-0.1785866263495761,0.16998502680036084,-0.8034373917228859,-0.1632536839230882,0.1277248884205752,-0.6953662352770937,-0.12520962726015872,-0.05303556802310408,-0.9364708951837909,-0.14371400715011637,0.01547936055776835,-1.1473908941802977,-0.23778470393880582,0.04127960066804093,-0.7591233091304612,-0.2056617527205784,-0.0005406207924214878,-0.6421252267439969,-0.15687496060654055,-0.2164985787675791,-0.8528516530782555,-0.20920215926600264,-0.13101032347494493,-1.0247029277419681,-0.2459078136384019,-0.09133230614336071,-0.7651005564083062,-0.21861061160674455,-0.12448254632792069,-0.670181971031332,-0.18571633670146134,fist
0.0,0.0,0.0,0.2449679012940809,-0.2015577511417889,-0.049509232082113955,0.4334661225044705,-0.5647597588622071,-0.0992827100567524,0.47093786342866306,-0.8944927122929878,-0.15610187670685077,0.35807104700095455,-1.0359802233517847,-0.1965079408955515,0.26451423798970913,-1.0032541210975,-0.05081027091735876,0.30579754297166634,-1.3000002645113518,-0.10438748017852181,0.3014565161222217,-0.9570050610414049,-0.08112963031894711,0.27375581338709243,-0.7660770387494824,-0.06553960492674098,0.10657113224027091,-0.9896263121482983,-0.09634488090596734,0.14793088625294443,-1.2933991392275066,-0.20402553739631016,0.15941457207750098,-0.8660870453535582,-0.18905213379133026,0.130838729122328,-0.7236331522748994,-0.14564281203410825,-0.05097079361113524,-0.9264200050157925,-0.15194962038391013,-0.008647379448114808,-1.210131352008182,-0.2609923876567328,0.022864532318320214,-0.8163267736235352,-0.2264674255086317,-0.0021360758582539543,-0.6664719989923287,-0.17000505305287672,-0.21895582273742353,-0.8248829112718322,-0.21450118476321553,-0.16019421018022545,-1.0837561338634587,-0.2613493371751516,-0.11708524080683994,-0.8225051807375365,-0.23250473919094325,-0.13738009161900328,-0.6914379329181288,-0.19457495496429184,fist
0.0,0.0,0.0,0.23422114251221834,-0.2041827969251484,-0.054911522241707686,0.4245423814276486,-0.575630804431079,-0.10531106362915299,0.46387122988294377,-0.9008686095388692,-0.1615348232135151,0.3462947599128164,-1.0275561964039268,-0.20092725800898392,0.2526511728810919,-1.0042045568907734,-0.05100287372669152,0.2822722817213759,-1.309399149261207,-0.10380212441031798,0.28035620942416245,-0.9582695382108285,-0.0830755969832112,0.2587139022219844,-0.7586249246519623,-0.06973410274211116,0.09343461646073943,-0.9912425115298668,-0.09331792851749197,0.12410691771259472,-1.2817880320758828,-0.19449649685982423,0.1391679433199254,-0.854577636493067,-0.18368665760636382,0.11847269544141789,-0.7079598923175391,-0.14638620313018655,-0.06281913642032089,-0.9273012735828767,-0.1464748835487582,-0.0262695965591216,-1.1969702818899353,-0.24945249920106313,0.008390403223427639,-0.806745681585049,-0.22028597472716868,-0.00859714320966577,-0.6485326535022116,-0.17056120723787888,-0.22482321937857175,-0.8260247429479454,-0.20747409761435798,-0.16862351929218253,-1.061708327259465,-0.24971923017706124,-0.11857448054537503,-0.7996056972108109,-0.22224885995425897,-0.1270404888517881,-0.660714933395433,-0.18748243779946408,fist
0.0,0.0,0.0,0.24219633316890904,-0.18033544385680214,-0.0536839057188864,0.4358375306240766,-0.5437793728316442,-0.10334021163575853,0.47564421145496244,-0.8802602790409831,-0.1569502924714072,0.3613659617743585,-1.0321994901834413,-0.19228531555112877,0.27416880383691794,-1.002814707693802,-0.05900583709565378,0.29819355898196037,-1.3081722101349358,-0.10989729634689673,0.29394997972047066,-0.9527279517138639,-0.0798941656169095,0.2737453235295325,-0.7780427344728148,-0.059636976629481156,0.10871449776702193,-0.9888483997060498,-0.10178398879022232,0.13472934122035504,-1.2869007205749916,-0.20424954110748822,0.1549610280692112,-0.835421683267244,-0.17660553006238655,0.13666209176942487,-0.7118361110751379,-0.12314857176051304,-0.048570815835650344,-0.9240595401669751,-0.15528442578834148,-0.019898425750366787,-1.1986947691227763,-0.2616831655508883,0.021486447649103256,-0.7886160513047377,-0.21875488253983041,0.007996043062880986,-0.6509714945834454,-0.15517029146813807,-0.2084615455157167,-0.8204279762469292,-0.21580979874697268,-0.16136401755244426,-1.0485746861534635,-0.25886633111334817,-0.11278746794087172,-0.7719319335299356,-0.22468932599216854,-0.12297966419773142,-0.646632079352973,-0.18150420784994944,fist
0.0,0.0,0.0,0.23041501354804542,-0.18199826414703896,-0.06969533754343091,0.4195034141854055,-0.5449284442711435,-0.12303900727897767,0.4594390048666973,-0.8697321916155375,-0.17891990996453372,0.34495511582846466,-1.0083954970173885,-0.21790023041022447,0.267273979669069,-1.002464488937176,-0.06720327392085577,0.27892090920181306,-1.2911247114247453,-0.1219143591631302,0.26864830826896435,-0.9480635843906164,-0.10188808643582002,0.25119790090040395,-0.7573091141045153,-0.08860416625095638,0.10966965070280352,-0.9886182021085987,-0.10298833999189559,0.11941918457804841,-1.2726321446146678,-0.20910268766478618,0.13371710789991445,-0.8426340020181958,-0.1988247351177197,0.12830644138677502,-0.6919836485778424,-0.16012159138085358,-0.04415544495690811,-0.9205493032389853,-0.15057398512432357,-0.03693085093375974,-1.1760992447057246,-0.2580679278397492,6.120997482615661e-05,-0.7859565179441119,-0.23085039866486537,0.0049734524072397686,-0.6310332767249069,-0.18074530724719085,-0.20149375469120762,-0.8105031941566865,-0.20750539406614546,-0.17579595619695745,-1.0346841023651303,-0.2546863606358793,-0.1225301048941556,-0.7758011131040655,-0.23150707153950564,-0.1097339268544758,-0.6452773716087998,-0.19802866475866585,fist
0.0,0.0,0.0,0.22908794746521216,-0.1828790609720874,-0.07349226933337104,0.41660070384032327,-0.5445304992486921,-0.13183096261799535,0.45621860374947326,-0.8703432968160828,-0.19070991203264823,0.34770785483624383,-1.012760386854296,-0.23177938319118396,0.25316118938280496,-1.0043385642654035,-0.08562694200026863,0.26064623018494526,-1.2889425222135138,-0.14363289866334727,0.25717389543321384,-0.9395695590575178,-0.12034961290177344,0.24414279319477566,-0.7549520273365948,-0.10422575738091935,0.09468705603593812,-0.9881768326552793,-0.12058560785859412,0.09779349999144238,-1.2797458449576342,-0.22663910409173127,0.11705545645005241,-0.8405295887835545,-0.20596795844637694,0.1121025135534367,-0.7074502575956114,-0.16012490516515518,-0.05919668531973369,-0.9232203328876654,-0.1676590366037111,-0.05459558264423046,-1.188240207667362,-0.2750965000895749,-0.014175072423809793,-0.7963522772496521,-0.23852004582994205,-0.012539792784014242,-0.6546971429897954,-0.1823146358172304,-0.216430740244071,-0.8197491336947098,-0.22427754216244622,-0.19228246595199217,-1.0525079666616366,-0.27233055224330766,-0.13627652803845142,-0.79191874495769,-0.2449090410005605,-0.1253457564423788,-0.6675280821171721,-0.20786811158159996,fist
0.0,0.0,0.0,0.2454826472828072,-0.17318535505131707,-0.07950158876039065,0.4371728073241106,-0.5430315930532162,-0.14265480915082424,0.461241801378893,-0.8714552190523418,-0.2029992740093526,0.3336187629153567,-1.0161234245661266,-0.24535942997260723,0.2434585418329652,-1.013280965506542,-0.10477644561947645,0.27852370386661834,-1.2609082105699287,-0.1752888342377156,0.28856611231594,-0.9138603525064417,-0.15366441119604007,0.27472973415202645,-0.7425647622415217,-0.13523336041390302,0.07911102700905026,-0.9873259942435392,-0.13758199917351,0.09851928775593063,-1.2782024108852772,-0.2521345787974953,0.12442217981900751,-0.8268431111395699,-0.21999060122763248,0.10920913534978383,-0.7075214971442007,-0.16326234142826784,-0.0780431666869362,-0.9177294819754718,-0.18461536082123967,-0.05611912549818751,-1.2083543797539318,-0.30373885192848205,-0.009471194315590249,-0.7990355407010261,-0.2556184997298019,-0.02096317995011829,-0.653362206628674,-0.1868603590139486,-0.2373100004726388,-0.8088903456687969,-0.24120966463306792,-0.2079798236071744,-1.0500456848850452,-0.29751985569598316,-0.14497061995880833,-0.7879212476277779,-0.2657424594717343,-0.14081351618655208,-0.6671584601362812,-0.22203497613880938,fist
0.0,0.0,0.0,0.2454111662725501,-0.15339534801491783,-0.0708538153840995,0.4367417607989413,-0.5102053985475367,-0.13035461391532058,0.45635450635240826,-0.8348131093226531,-0.19077990400826458,0.3466687782024187,-0.9891657741342954,-0.23464910156853966,0.29441596334128084,-0.9987579426471254,-0.08768568470339147,0.31352764419263,-1.2271943321950305,-0.1551131613142198,0.3123594093898863,-0.893275039580247,-0.1381446434170907,0.3088384529426645,-0.7625741105121221,-0.1252641855152367,0.11952167724768036,-0.9846394617750972,-0.12727795953403614,0.1300555080196782,-1.2521304570199603,-0.2356466600868092,0.14193407551787,-0.79552428306377,-0.20476063092480348,0.13846498219507455,-0.7089139407745612,-0.15199931246870096,-0.047768208101996786,-0.9236957495633928,-0.18148998159556085,-0.034377961977095764,-1.2016278433577776,-0.2940808513403541,0.003188506649632229,-0.7805433686226538,-0.24392926977034174,0.005238175567048529,-0.6353012861684554,-0.17738934419511124,-0.21819688798204043,-0.827351511421332,-0.24561311843510839,-0.19818871597989515,-1.0398364051995737,-0.2986920089031067,-0.1436741191924553,-0.7694443014945826,-0.2660021079758833,-0.13011454116130577,-0.6594233750404095,-0.22372202522809623,fist
0.0,0.0,0.0,0.23469042073562413,-0.1756471225080135,-0.046672702708368756,0.42106448826956355,-0.5290498801685346,-0.094116095046081,0.45421788008041764,-0.8499737047668804,-0.15011560875475824,0.34977433118295864,-0.9938848479675217,-0.19043088905362074,0.26098538828894635,-0.9998734580011625,-0.03563615467748525,0.2972975093082578,-1.289455209872247,-0.0858147007844326,0.28732497406808855,-0.9610540338703663,-0.06596239400736978,0.25896140909391113,-0.7504719258534853,-0.053019479520289514,0.10654808207856926,-0.9909588570721254,-0.08153545115889596,0.13287355885116836,-1.2733069695244916,-0.18162812008990734,0.13594281042838638,-0.8584023288038783,-0.17418331285851554,0.1123730517542702,-0.7054043824404944,-0.13856021180617442,-0.04631492429915867,-0.9346299146417647,-0.13846420725203673,-0.01576241328421208,-1.1956320649128434,-0.2401099220635329,0.013230268674026897,-0.8152127303387113,-0.21664709639413546,-1.242074934989286e-05,-0.6493427875956551,-0.17100631429543214,-0.20828788708113583,-0.8394050941477158,-0.2030967673184747,-0.16347756171050748,-1.067142909992388,-0.24951651430086041,-0.11361633258725505,-0.8126510412276455,-0.22901639912081098,-0.11097939544129264,-0.6710880226031318,-0.19818838563515068,fist
0.0,0.0,0.0,0.23810715644819447,-0.1772408132705109,-0.030786649275948413,0.4208857036123005,-0.5045600505836569,-0.07261844971590847,0.4558129523040141,-0.8114924860399217,-0.1287176417400988,0.3495009748403073,-0.9683314574375447,-0.17062362329900654,0.2699919903819845,-0.992057503808254,0.005966327638816083,0.3218887086536453,-1.2353419752064643,-0.037641580251385406,0.3069543337195703,-0.9228857028313943,-0.028277517765577527,0.2722749444916439,-0.7384933017897263,-0.024328735243041705,0.12156171145340583,-0.9915007825757576,-0.04635653632637445,0.17167528542733568,-1.2112620673391536,-0.13905133593784796,0.16114799614355074,-0.811918539613354,-0.14657657786667044,0.12660829858429248,-0.6728646879437429,-0.12449426236531994,-0.02543735955199336,-0.9448193402545121,-0.10905167777037722,0.033559930756530056,-1.146801100175851,-0.19802878846525904,0.04269150655491157,-0.7804123531225439,-0.18455404708461529,0.009957453157330477,-0.6384577034857262,-0.1507393835769828,-0.18430216094562862,-0.8633200202379524,-0.17918817545392682,-0.11096259105317408,-1.0406206326121052,-0.21077960875546153,-0.07920541677524767,-0.7855559182766406,-0.1920687309222014,-0.0997387685480959,-0.6598743253186047,-0.1677603200917041,fist
0.0,0.0,0.0,0.2228046991727278,-0.1690693777763882,-0.04156960072993686,0.40954358627529114,-0.4849272067748314,-0.08727115283304536,0.44883091109553164,-0.7915148097950647,-0.14214362392402524,0.34143653903340243,-0.9347920922725443,-0.1811268377185112,0.24570763945193438,-0.9934676095801889,-0.01621454065094629,0.3104819766488835,-1.1820837069530294,-0.06433239894118271,0.2905679110500334,-0.8638878345000469,-0.05672192911711834,0.2460398737668869,-0.7243241220585708,-0.05473050173088083,0.10630918025998326,-0.9923436653356599,-0.06286802096962824,0.15752485240889708,-1.1657802829285655,-0.1510786998979477,0.1512943482647434,-0.7756790068030516,-0.15034693900941437,0.11535725847930985,-0.6935891157090817,-0.12624958427994384,-0.030452014787755666,-0.9414740500289182,-0.12061877880974546,0.0269246786229498,-1.0980453948905182,-0.20875996714223932,0.040330185132777356,-0.7378824168603412,-0.18812975270568846,0.006888061510449159,-0.6456766573193446,-0.15082247405577417,-0.17725169681317662,-0.8546747498620387,-0.18654833834713602,-0.11079644157400867,-1.0032880215079005,-0.2170090384951872,-0.07367925352721716,-0.7477336826434534,-0.19424750143528088,-0.09086756612456623,-0.6487199582006274,-0.16722692902974623,fist
0.0,0.0,0.0,0.22491428152857773,-0.1826196328003416,-0.03086372928375178,0.4065605414117481,-0.5099386260649799,-0.08297783111593736,0.4542349808498983,-0.8001662039642231,-0.15214854785636428,0.37015043434532674,-0.9406053767312987,-0.20671958560142975,0.2430779317705405,-0.9927011338727366,0.006516268319613764,0.31439813367014824,-1.2124129731841655,-0.04707613817079548,0.2971129188622406,-0.880147737049177,-0.04697977909776286,0.24898040606805505,-0.6973816104380827,-0.05077752153488682,0.10059496596415919,-0.9935769321544828,-0.05182193274237571,0.17248795734523428,-1.2092042181124563,-0.15535141878198502,0.1624208921216922,-0.8026378749656287,-0.1721198671127851,0.11678497141823001,-0.6704667021170442,-0.15733007415926342,-0.0461174647150456,-0.9436431124757843,-0.1207511728628783,0.03570335024766781,-1.1516775754351216,-0.2189559393497715,0.04690149009644632,-0.7669110540624124,-0.20801103205144392,0.002945171698446973,-0.6244249236732607,-0.17619973952089274,-0.2101964663508844,-0.851010632335144,-0.1969080439544067,-0.10963934352235591,-1.0364371181953371,-0.23377362018895848,-0.07385582384450107,-0.7690265776445168,-0.21442839385504592,-0.10280358102276367,-0.6406652987364291,-0.19076957748965992,fist
0.0,0.0,0.0,0.23736848996162718,-0.19628378017212852,-0.014250038089405897,0.40324310117220924,-0.5394599862056803,-0.050907131372286106,0.4343261756801609,-0.8268555021449758,-0.10737513310113851,0.35080466709177355,-0.9451777284351197,-0.15156836757938325,0.2123988256177486,-0.9931857114714369,0.043718014670817595,0.29006065796927505,-1.2229020113063067,0.0018180780838904203,0.28114815351227906,-0.8948892148064365,0.002502029188375344,0.2318275185100527,-0.6872288502266405,-0.001292407099035599,0.07227379641772363,-0.9972775386811886,-0.014628369470280072,0.16050823222947064,-1.2166771079413405,-0.10477217125708883,0.15169572407255613,-0.814921852787523,-0.12988820384836253,0.09809289457272233,-0.6436414255523483,-0.1233205909044827,-0.07491246883885798,-0.9444790911834808,-0.08232302695471103,0.029533933966047487,-1.1638746498968382,-0.1682285800192977,0.039884887873413606,-0.7846904847338748,-0.17015195470898326,-0.012959146172860612,-0.6099442766436031,-0.15035656415474957,-0.2372495104067174,-0.850230038343704,-0.15558787126193732,-0.11201082879930552,-1.0365973405112272,-0.18793448524817466,-0.07409725836038612,-0.7770199129343084,-0.1762373411773283,-0.11001357649553878,-0.6306889636241454,-0.1605149616841345,fist
0.0,0.0,0.0,0.2371995763849825,-0.1927454232095237,-0.017413858944897647,0.4007420761734131,-0.5109892074105752,-0.05706989100593947,0.4437522707556979,-0.7858512155091016,-0.1156095601547717,0.3838936720681554,-0.9398049402551515,-0.16273366444733758,0.2183678942193826,-0.9898617273815374,0.045346341219527034,0.3008672520404937,-1.2131398535580553,0.004069506585391662,0.28914771211708,-0.9001283208675342,-0.0009356946160776209,0.2360894949125405,-0.6963697489932247,-0.009260137870640884,0.08498065370958419,-0.9963348932984919,-0.009749302076250596,0.17660314390070656,-1.2038665697454798,-0.09995294981709145,0.16334585069417654,-0.816584298040972,-0.1328236336504882,0.10869605484467904,-0.6467303748833002,-0.13283940488120094,-0.058714942979496185,-0.9447616698639761,-0.07366331577874649,0.04224438225588095,-1.154359827189302,-0.15840493625240354,0.050441292062712174,-0.7935559696559232,-0.166274463954319,-0.00028165053201416345,-0.6215475664825458,-0.15203074438415773,-0.21859598585174222,-0.8515581262842954,-0.1428376989977441,-0.09972773700550995,-1.0291057454080148,-0.17571535248272863,-0.06064253044268509,-0.7812177045335155,-0.1671522237071772,-0.09200060003495215,-0.6367176585008673,-0.15406135279052566,fist
0.0,0.0,0.0,0.24016536727095486,-0.19203058840915982,-0.0021254919813753917,0.3999866641737789,-0.5075605431657086,-0.03495228767738221,0.4436130013312258,-0.7835363791180755,-0.08986857833004579,0.37876353103292787,-0.926273862256431,-0.13440969219641502,0.2122257285397814,-0.9836329640715517,0.05774083262148525,0.29986446719046583,-1.213527072346581,0.013719970546337909,0.29374613453783716,-0.8989774862160606,0.007081322007169247,0.24408604136525008,-0.6940983191953987,-0.0020341423447882813,0.08559689320368598,-0.9963145238342596,-0.0055246240404964635,0.18739034588803116,-1.20652495385269,-0.1022328506381382,0.17513980681258653,-0.8132274479337678,-0.13728519781979237,0.11744920193096972,-0.6423865088547184,-0.13759800798198585,-0.05338626768098627,-0.9513312252311793,-0.07702250099922668,0.06294316091389912,-1.1665388805497896,-0.17066453006633436,0.0683347214513281,-0.7876268734955295,-0.17881183490804708,0.008011301873385656,-0.6087248737327114,-0.16279350001364118,-0.20976153351188684,-0.8671258444969587,-0.15228657035178048,-0.07216841767867938,-1.0500126845411886,-0.1922142304131343,-0.034019551712513994,-0.7902942392156871,-0.18434108260946286,-0.07576679341939119,-0.6379324950180281,-0.17110005305882658,fist
0.0,0.0,0.0,0.22687768299938002,-0.1922604016101671,0.00014502837338642126,0.3711260133357073,-0.48825474540087804,-0.039653495247902855,0.41780556464869956,-0.7683082319919948,-0.10260147991135402,0.36349918672440873,-0.9699583692668146,-0.15394816331680278,0.1975683999236245,-0.9921393329979337,0.054644720626951485,0.29439256299213834,-1.229815285616764,0.002931285697256546,0.2895335557873124,-0.9012516219675072,-0.002972261515544209,0.2282081955484155,-0.6973228046310874,-0.011098870413664122,0.07759289025404027,-0.9968623715093561,-0.015644029236943774,0.17989059619677966,-1.2169064232181104,-0.12036413024412204,0.17543762148780698,-0.8019521863072656,-0.147971864154246,0.11357106302437786,-0.6508481431503798,-0.14073675050120776,-0.057581135727036575,-0.9491767053961577,-0.09574928006146691,0.05907598838975297,-1.1745971412474339,-0.20097462884778317,0.07068150521256089,-0.7810002939149456,-0.2003469613594463,0.00247527259172799,-0.6199764245475685,-0.1753601544964476,-0.21400803204478885,-0.8671256211624332,-0.1786546183918151,-0.08223911180678753,-1.0672457091540983,-0.22833767598644794,-0.03956100137250795,-0.7951888144300621,-0.21571421736217428,-0.08813073164773887,-0.6480871489440684,-0.19622065946602338,fist
0.0,0.0,0.0,0.20785301887983182,-0.18989735413186878,-0.0019782850925095523,0.35138468850031895,-0.5223199815015246,-0.048798892850790324,0.3861036162628128,-0.8025185971720651,-0.11630484350613662,0.32206263415008274,-0.9804752362032633,-0.170447520784859,0.16601980713200404,-0.9961869282579154,0.01726046210696182,0.2706625083642647,-1.231854930994893,-0.037762166828877286,0.2660715286984625,-0.899878483474905,-0.03883920511844066,0.21119386655024885,-0.7077195528030311,-0.04312896565469858,0.041156499170495665,-0.9978337940041653,-0.051320971534855764,0.15943053198631416,-1.2022774914275418,-0.15386613721949097,0.15506374248576432,-0.7939516075143138,-0.16736639457320573,0.09352535428469037,-0.6694638051355982,-0.15170202903654997,-0.088262839643525,-0.9471858443443759,-0.1267029649102085,0.048157911432907985,-1.1313242812463131,-0.2183283496124014,0.055110395356714484,-0.740267382619926,-0.19979963758652677,-0.013470825922522696,-0.6077946824848098,-0.16604699597148062,-0.2313135100411035,-0.8551219976554499,-0.20636679466380567,-0.08269898856777098,-1.000331469193951,-0.23718837962426528,-0.052098325411320937,-0.7358703041478581,-0.21110007748372142,-0.10713726986086501,-0.6202271403324748,-0.1842956644508632,fist
0.0,0.0,0.0,0.19664223855821147,-0.18556945293070246,-0.007716754562556559,0.33783568009790155,-0.5155620508900302,-0.06314399419786532,0.3727714603172418,-0.7832572455368323,-0.13753408222375155,0.3103592497148065,-0.9228082399290384,-0.1982526249660269,0.17041489066261514,-0.990571876044818,-0.009211604031990896,0.27559034358352114,-1.208582328561742,-0.06984385215791916,0.2729133291568953,-0.8717983977863698,-0.0720580008844728,0.21714900734161513,-0.6922623152577162,-0.07696361257413757,0.038706457741001926,-0.9962484587125774,-0.0774002496246441,0.1601030612899956,-1.1888392495401303,-0.1801940533022761,0.1627720053629089,-0.7832961654684457,-0.18811829456245846,0.0948459208369169,-0.6807866627795601,-0.17072728433442447,-0.09405268316717759,-0.9430624847414384,-0.1517190793560061,0.04118535800068594,-1.1247251054733298,-0.2412297641996271,0.05746508377668692,-0.7428712430546677,-0.21759610758275022,-0.018270239469084702,-0.6317918057251035,-0.18273893195773439,-0.23850160126088463,-0.8485760851457129,-0.23046264321897808,-0.0875779164838546,-0.9949431440830822,-0.2562432579864902,-0.054038828124754315,-0.7354898632486448,-0.22608598952128034,-0.11834679084764946,-0.6367359387099587,-0.19863787045967676,fist
0.0,0.0,0.0,0.20467056612862786,-0.16242044853085663,0.007396580852006692,0.3364451473380239,-0.4788371627963145,-0.034826409294549325,0.37275350359099546,-0.757836991229616,-0.10090713123872264,0.34847766881517295,-0.9495940170179085,-0.15387146876549673,0.18877771879307784,-0.9784177923440466,0.04113633706702677,0.2962243022758934,-1.2132191500931895,-0.005089814723004683,0.29154595434868286,-0.8861923578924055,-0.0020035152932218895,0.2312824985914724,-0.6966145396853939,-0.0043787523040561245,0.06781986105470271,-0.9972462100468683,-0.030007382319651662,0.1936138930841202,-1.1905345528177964,-0.12111398835311207,0.19274558058073374,-0.7898813606360133,-0.1339380909674606,0.12265435739841099,-0.6888719527790422,-0.11853528278838228,-0.057812867080832275,-0.96372469287593,-0.1082374803640359,0.0855469717407521,-1.1315770433457164,-0.19066644516101966,0.09349393041315027,-0.7502936935453911,-0.17529875501978323,0.009740294169225798,-0.647594741088485,-0.14506972317534117,-0.2004405520756241,-0.8944932221230231,-0.18940793037951137,-0.038749047343821036,-1.0304958111180857,-0.2138647806258009,-0.010050864352969412,-0.7694211788325582,-0.1888499372764517,-0.07964078820339253,-0.6751932220764342,-0.16397747203244015,fist
0.0,0.0,0.0,0.20624928752397403,-0.16598542332457436,0.023002361505451464,0.34054944375687746,-0.452009257270694,-0.015587727624248676,0.39260980556531566,-0.6929999569613798,-0.0831275250863339,0.379631778549667,-0.8760872440855519,-0.13832787144862868,0.20035170056653442,-0.9627923883870712,0.06953305507976099,0.3342367463110748,-1.139293767590957,0.02272801968611557,0.31639652590940776,-0.8189714295438344,0.014966497617493246,0.25374793452055955,-0.6638977466522081,0.00392136242270774,0.08529143893936433,-0.9962923078017558,-0.011268888973773972,0.2448450323437971,-1.140629904475376,-0.10402889578158157,0.22241768220241842,-0.7484585064156273,-0.12893100797704987,0.14837499622896547,-0.666052985482415,-0.12386888713444304,-0.03503500753124914,-0.9799556715956619,-0.09857797287202798,0.13835039562159437,-1.0979827289421187,-0.17629683053783615,0.12670665231854158,-0.7204827598360379,-0.16538154922301196,0.038337094981091745,-0.633092206698822,-0.14130849977188,-0.17034408345238716,-0.9280761264093867,-0.18874327852527825,0.009668262139681813,-1.0100518438490675,-0.20475736355709986,0.024022931081024382,-0.7445845830889579,-0.1790640297240742,-0.0515520632512587,-0.6619638294854399,-0.15709366844502418,fist
0.0,0.0,0.0,0.20857389457555037,-0.15610797942686988,0.03226192233509314,0.3578289278621898,-0.43462108584523484,-0.007638545931628375,0.42012930890705263,-0.6586793557536723,-0.07649399570359272,0.4053730873684049,-0.8306290033689878,-0.13173529883559137,0.20346271785106151,-0.9607556998613971,0.06692174031942348,0.3548122907146269,-1.0933344948271362,0.020940668467621153,0.32857933314028664,-0.7815332936515912,0.012312672864627136,0.2618996537370118,-0.6491202421326225,-0.0003563390874658354,0.08848624938954269,-0.9959087409458034,-0.01832875818803711,0.27307336924963577,-1.0903005650246136,-0.10747594864632669,0.239185352385766,-0.7003176745297747,-0.12732329408073093,0.15912913926880698,-0.6404079365229223,-0.1203017196133111,-0.02763898344301204,-0.9808359308009644,-0.10805999975382505,0.16243602697885262,-1.0521143922602207,-0.17811691804323726,0.14189182080466575,-0.6739924007820325,-0.15864046680262014,0.051946869459034525,-0.6052586200103536,-0.1307121971951903,-0.1547961320175187,-0.9258921112169369,-0.20028337478330777,0.03750537424065904,-0.973635269275615,-0.2063643535275494,0.04345378150605813,-0.7102399339049847,-0.17322288053136686,-0.0360336362831391,-0.6453624151893889,-0.14722618385541758,fist
0.0,0.0,0.0,0.21143000776506163,-0.14872328891158415,0.00906932864624881,0.36213151509588,-0.44087128683912913,-0.036508147310103066,0.415029422916404,-0.6763033218958201,-0.10633877330638423,0.38130246853289335,-0.8317640407240938,-0.16175718150874474,0.21068627244039617,-0.9675590511508136,0.044293747664257525,0.3540741152656947,-1.110926323710308,-0.011428235794538676,0.3245993286848783,-0.7843049646114955,-0.022824293492669023,0.25589570948366697,-0.6417952317043634,-0.03622025124622521,0.09483907691768911,-0.9949682624693049,-0.03230613205279011,0.2651801123117648,-1.0978877137997662,-0.13387242471500485,0.22782531105003664,-0.6907417784662927,-0.15696320759781154,0.14806824616155545,-0.6317521333582877,-0.14966388550976395,-0.0260387507525666,-0.9754863507284444,-0.11628427141807741,0.15152431796299137,-1.0600469734016993,-0.20136195577268667,0.1292421786096511,-0.6746427404381619,-0.18739973758820175,0.03736762428456711,-0.6019134935044129,-0.15935418376132204,-0.1609019548529816,-0.9228537191929037,-0.20418275365097063,0.022441358553591837,-0.986041568549155,-0.22143933663663617,0.03079956512787678,-0.7168585359411304,-0.1941517937653171,-0.048894987524263876,-0.648036838071276,-0.17059361336969164,fist
0.0,0.0,0.0,0.2110810112726037,-0.1478496441900525,0.026796442207861162,0.35554663907084677,-0.4315922848561045,-0.016359417887043867,0.41511494438476554,-0.6529470006802846,-0.08778362197748805,0.42513955758301974,-0.8130536210831744,-0.1454132582221572,0.2257193323537513,-0.9666667872512019,0.054535551241170745,0.3778079963783456,-1.086428753808266,0.0007190767371575232,0.3357486060643972,-0.780469161360782,-0.010392001424745185,0.2648618839406651,-0.6652967292641373,-0.02347270096723191,0.10989027653141872,-0.9934472607884339,-0.03141094006560485,0.2909302925332737,-1.0794888795214055,-0.13411342308865482,0.2445488519336762,-0.6868872740979743,-0.1533191990334028,0.16041378052106856,-0.6470865222578202,-0.14137325856897828,-0.007418087644503868,-0.9748050852326847,-0.12278508729298912,0.17831367435410153,-1.034904943086446,-0.20305907029640277,0.14843059459321198,-0.6704356835766623,-0.18098244588932078,0.050852735493566094,-0.624721376886437,-0.14760205324093556,-0.1350298476409116,-0.9224659470115415,-0.21695143109054485,0.053014943032055104,-0.955851282730691,-0.22785177249998376,0.05226057459810174,-0.7000904295970065,-0.19442518430987327,-0.03525246985069674,-0.6578465855593957,-0.16635330479673488,fist
0.0,0.0,0.0,0.21599580151279968,-0.15155912126656423,0.0334888818198727,0.3535748593210264,-0.4422489141628701,-0.003459543230690173,0.4089308667884834,-0.6604660377120529,-0.06784298307490652,0.42572120830936433,-0.8046469053706126,-0.11941877074788564,0.21161480422131845,-0.9621312503259694,0.049583129762175444,0.3653295249227306,-1.0669070878051683,-0.0007786386907917291,0.3273556171287369,-0.7602441553481555,-0.010738014868134896,0.26130160045945144,-0.6396072633651313,-0.023197538654072276,0.09727785665134352,-0.9946417758132765,-0.03499623425930001,0.2759867808210812,-1.0518010790027008,-0.13195307230241848,0.23457186178081874,-0.6716681749310833,-0.1511077955583488,0.1597054122529742,-0.6261753977304516,-0.14258926755064694,-0.018009521253235194,-0.9746781534888149,-0.12266306794297527,0.16707653317554078,-1.0032297838193067,-0.19608081015003717,0.137006659801833,-0.6549162989638141,-0.17474691616285093,0.048062072390879354,-0.6068442917610748,-0.14528918004297675,-0.1385585283621135,-0.917715253887699,-0.21259057284173843,0.045621929754811295,-0.9270957541936362,-0.22014907004760625,0.04209252415686546,-0.6815874477263495,-0.18823498353770013,-0.03961060436323239,-0.6445680460872097,-0.1632039703177393,fist
0.0,0.0,0.0,0.225808211980617,-0.15116594212130638,0.004179460086503956,0.39531671124160084,-0.4582521562384133,-0.036105654819244805,0.4498779062307619,-0.704664915794548,-0.09690890641399684,0.410174090595263,-0.8273553085531996,-0.14247433426173853,0.2510617645160014,-0.9600037648736268,0.021065481622718193,0.39281281495445913,-1.1183643704898862,-0.035398126168926215,0.3555091466253591,-0.776108302523564,-0.039894700565392786,0.2884310967569639,-0.630635158905091,-0.04705999587576551,0.12939835533887967,-0.9903636058510886,-0.04935558571450677,0.293072222047407,-1.108689449716062,-0.15230471434689757,0.25412380405397467,-0.7068452203240312,-0.1663971255433392,0.17868700086112743,-0.6577165320910806,-0.15157830732191815,0.0028429847279997813,-0.9723493682707236,-0.12620269378237028,0.1759427746565688,-1.05940842120759,-0.21375622059952862,0.15265362370846372,-0.6959400204975507,-0.19436906553396432,0.06657664023741305,-0.64386433590021,-0.1609548676962172,-0.13508931525218085,-0.9298230550477261,-0.20700680767493757,0.041610170324691595,-0.9846597758110621,-0.2263898915779665,0.04799349052467132,-0.7213614099916558,-0.19769896458440275,-0.027811818541548253,-0.6641445037511268,-0.17186408943729906,fist
0.0,0.0,0.0,0.2388097002523312,-0.15317989135199586,-0.0251405534768709,0.4083788891284216,-0.4742943124907307,-0.07485063380854663,0.4377929553332598,-0.7289373704231831,-0.13808089347405064,0.3759680735341762,-0.8304585677781349,-0.18606196564229802,0.23730341227019652,-0.9658021604757667,-0.016235676373461762,0.38168473286063687,-1.0659580017295005,-0.0794348922830277,0.3423499163718622,-0.7358523275606482,-0.09000008876262278,0.2758494121705951,-0.616028073200631,-0.10088899208144073,0.10731925049499,-0.9916366573915059,-0.07168889865658645,0.2824968248282448,-1.067743390103255,-0.17656187566958298,0.23951586694975963,-0.6951958664631326,-0.19199807738626926,0.16159410243832356,-0.6552910420638403,-0.18105309021287977,-0.02228658077636475,-0.9591411821825206,-0.13478530757734705,0.16137805713067915,-1.0139111798251184,-0.2236560002049211,0.13651576409933977,-0.6814659359468563,-0.2063787658869885,0.052641951362300175,-0.6388070363060459,-0.17554448440179665,-0.15685215915100278,-0.9009704806683155,-0.204551000602963,0.024592738827731823,-0.9305968239486881,-0.22560828985921796,0.03162476237608332,-0.6930969611778197,-0.19980508497095945,-0.03982343058571459,-0.6544007344239661,-0.17689316607592748,fist
0.0,0.0,0.0,0.23158776086485622,-0.17986256920993043,-0.025121926377857463,0.40931126938506973,-0.5010917718284986,-0.06851691763368173,0.4499817933507921,-0.7608609991275158,-0.12738774836062416,0.3925098409660784,-0.862296028925787,-0.17313818203628487,0.25325670891283186,-0.9792532424600489,0.0019135600950975227,0.3671917867564243,-1.0959962687726617,-0.05014892167105465,0.3330667527181676,-0.7645410320837286,-0.058546764449084764,0.2783938030354601,-0.6393956302048891,-0.07076796015691275,0.11925371972342494,-0.9914153961055845,-0.05361009883345776,0.24858292903803633,-1.091631756843207,-0.15051983251478174,0.21173940420089946,-0.7264001154362197,-0.17116044866991534,0.1446760560171279,-0.6702598043698744,-0.16599335766805012,-0.02145961709984814,-0.9484890052922771,-0.11720486962880998,0.10430917694319475,-1.032247199470902,-0.20618694445525496,0.09337796083878426,-0.697821968133324,-0.19643246412861512,0.032254090765616236,-0.6275465784048431,-0.17072934257276065,-0.17591493002332775,-0.8797819363180204,-0.18742950810407033,-0.04586341392067236,-0.9634680531738469,-0.21741440921908423,-0.0228671696411638,-0.7215136818998346,-0.1981113769275497,-0.06651484486914228,-0.653486235625298,-0.17841290978482943,fist
0.0,0.0,0.0,0.22808637358386377,-0.13734996118492418,-0.03980156244064756,0.4279350141929617,-0.4476876930466025,-0.1007844487633427,0.4822841886672176,-0.718280842870738,-0.17428490032845187,0.4155673280214017,-0.8674043988318278,-0.23390744636217722,0.2804000242214276,-0.9673528003466134,-0.04136485225606574,0.38300185754985205,-1.1132010470868585,-0.10906390293635695,0.3489544664483654,-0.7830635324658022,-0.11978955985456355,0.29495222017872513,-0.6583779062071092,-0.13093241216261206,0.13870141987368995,-0.9857029471754922,-0.09566397469565248,0.24647912563085336,-1.1113166262286833,-0.2029157888310549,0.21306790188550384,-0.7246856509075891,-0.21377654696204773,0.1528505863453814,-0.6715071937309833,-0.20029087075810795,-0.009242156785812465,-0.9470989147656332,-0.15910710562308122,0.10186775335923777,-1.0547392782358436,-0.2519253684176907,0.09365950084149023,-0.7030480219384051,-0.2289233139542292,0.03743278585484098,-0.6329661429478967,-0.19472308324848758,-0.1726358145271439,-0.8797800238639054,-0.2309192923419684,-0.05208289442518792,-0.9707334317836572,-0.2611411946494536,-0.03135320647052441,-0.7218969938364682,-0.234892295087961,-0.07258764799852167,-0.6579235387568233,-0.2095988373897522,fist
0.0,0.0,0.0,0.2403778320667851,-0.1275184517009474,-0.031220935228278478,0.44960094437055903,-0.4439230786219564,-0.07749412524590735,0.5100913264699117,-0.7426336576277609,-0.13707998667602028,0.42772798074543744,-0.8908470451713203,-0.18214443007795303,0.3122812580594948,-0.9478106777368694,-0.0176995970802135,0.3960453622055512,-1.1512949449890268,-0.07700901553730824,0.35538208132461896,-0.823751341509812,-0.07698836372157454,0.3007036107914085,-0.6723830559506083,-0.07884374220024831,0.16754953067646303,-0.983161289630459,-0.07294527635336617,0.2438282556132965,-1.1619205545864426,-0.1771355880911806,0.20852273309298278,-0.7631072209449532,-0.18506002846795983,0.1594530003234432,-0.6722162795940346,-0.16444686804367215,0.014875418840013416,-0.9575442782870731,-0.13781006613475785,0.09095327876758588,-1.1197907825831288,-0.23228428850028093,0.08473013038735114,-0.7576994840019087,-0.21076214260811918,0.04343261043052329,-0.6459802400476651,-0.1723266434576916,-0.1535763067360587,-0.8983525244626059,-0.21002612989036068,-0.06807300224612192,-1.04142653832093,-0.24131009114386415,-0.045466249814348325,-0.7951779883668331,-0.21616429430876646,-0.0707114096395755,-0.7025478466720342,-0.1882283718087675,fist
0.0,0.0,0.0,0.2511707591902517,-0.13181614808778022,-0.06778633479361484,0.4676159091401489,-0.45880241952295936,-0.12272872294413846,0.5151782956161557,-0.7746284433373416,-0.18279883245451567,0.4089658580114773,-0.8872983000238418,-0.22620257434766838,0.3324275289631512,-0.9486358382593522,-0.05933869586119767,0.399661269292926,-1.1904283301709488,-0.12541613301716695,0.35237880656571546,-0.8438408227681973,-0.12149480392658064,0.3018777685233333,-0.6832914057298527,-0.12001397442768877,0.17750781127192894,-0.9791379404483965,-0.09889312671728512,0.23583931903479832,-1.2066266574740934,-0.21306171898396603,0.2009953858614887,-0.7860836790965472,-0.21937416043439395,0.16072347921286517,-0.6895987287115369,-0.19517410869066942,0.020363631030952258,-0.9474983398946251,-0.15087098850041222,0.07439836402939694,-1.1553074861267654,-0.26060892123998886,0.07157118894615284,-0.771516962137414,-0.24399541593540375,0.03995144599687032,-0.6526676928319378,-0.20400966421491634,-0.15071278146848552,-0.8796316213031398,-0.21241295735041157,-0.08279443310532844,-1.0670668653295916,-0.2565861985361364,-0.055751114771274424,-0.8075575556419282,-0.23816157699040919,-0.07191424618232439,-0.7007502115965594,-0.21229264765700764,fist
0.0,0.0,0.0,0.2606598963191012,-0.12996512127255022,-0.07925736829284759,0.4833236444780711,-0.49630746350356814,-0.12910971670786803,0.5122484825255887,-0.833891814118979,-0.17899189357939077,0.35999991594494524,-0.9093553642507146,-0.21112877491252224,0.35273624189607494,-0.9517929005636367,-0.07886657975510886,0.395163533252652,-1.2336180783839932,-0.14377628644451537,0.35898939070542396,-0.8960100446227449,-0.13127620066217308,0.3248519987002092,-0.7289595118937531,-0.12233642847120814,0.19111739874946676,-0.9753374068618786,-0.11041314537310618,0.23213527682595872,-1.2308546011983643,-0.21914580251265264,0.20728620173594522,-0.8159756473443992,-0.21325501913975342,0.17989837324299612,-0.722921640219038,-0.1798882441024977,0.03119043696503756,-0.9384898912748596,-0.1554627380842437,0.07037619752366178,-1.1602519502240556,-0.2636266754109524,0.07074860833938491,-0.7828431924206986,-0.24067667594634945,0.050015344672589994,-0.6720050054908175,-0.19488887259426388,-0.13487697910894192,-0.8678034179304523,-0.21171717801405315,-0.08356611313849596,-1.0510838242298515,-0.2538810775303026,-0.060322302961559784,-0.7931136946312451,-0.2325901955252802,-0.07230384593316516,-0.6943464612010742,-0.20360816201530865,fist
0.0,0.0,0.0,0.24896206133163623,-0.1345886238875506,-0.08936984919803649,0.4656725818204128,-0.5212906812218974,-0.131766361721181,0.49008122235873197,-0.8564092225321267,-0.16799055384334297,0.3257780162190978,-0.9054060510753154,-0.18448837488241335,0.33577404660173854,-0.950565379684741,-0.09413697675118017,0.35464367397007884,-1.2253931380361625,-0.15837105622173128,0.3092850372035425,-0.8884720553234081,-0.14395062685240384,0.2894204394356522,-0.7206893972591086,-0.13199522912319475,0.18226672078319675,-0.9766358812126541,-0.11384716958678505,0.19464057730812614,-1.2275074010606433,-0.21551447482132902,0.16825377386574317,-0.8341141906907864,-0.20572288906669034,0.16384334477122406,-0.7425635656511589,-0.17204821862334302,0.02953477305453182,-0.9413634411585344,-0.14730950257663725,0.040160397359602515,-1.1554507626917703,-0.24757078069577784,0.037245237472666726,-0.7993639039832673,-0.220904383111788,0.042647496194725854,-0.6928281322237062,-0.1745981165404719,-0.11973460439901898,-0.8843178608786743,-0.19322520106200658,-0.11230510821024564,-1.0367997246360725,-0.2262246055232836,-0.09722469140602001,-0.7873719129885086,-0.2015432739985037,-0.08914112944624174,-0.693870345068901,-0.1716819751622831,fist
0.0,0.0,0.0,0.23196377211585395,-0.12902637074431478,-0.09846848216172466,0.4272450831889952,-0.5232670019397728,-0.1515825192262047,0.4135104811261006,-0.8494293900349702,-0.1966454902753963,0.23072599278459685,-0.9021839883277899,-0.22242723078858503,0.3117850271693405,-0.9611871246134698,-0.11683182493021307,0.3002309427621234,-1.1957348481394137,-0.19204813724772857,0.2587838860266017,-0.850790630731749,-0.18411050531910828,0.24977120634351058,-0.7055238353990928,-0.1758118280382382,0.1618630419077838,-0.9775301171054754,-0.1350377940286124,0.13925049133401876,-1.211102559157318,-0.2427106193882606,0.11989960009677728,-0.8042078344446039,-0.22901517673796878,0.13229702060078935,-0.7235529935765224,-0.1930476519719088,0.015452677762791786,-0.9341955576884483,-0.16784227026676438,-0.006120391426800394,-1.1541084875130418,-0.2753555772108063,-0.0018112732024859245,-0.776892608801353,-0.2444365459647346,0.01779477152350073,-0.6729112940991866,-0.19473779058076188,-0.1260012507214267,-0.8663143462648563,-0.21386518508964827,-0.14132033695537163,-1.0148352033115426,-0.25409584663555645,-0.1234557939319709,-0.7544606283888536,-0.22784409820085394,-0.10352571060663046,-0.665129809141191,-0.19654358716370016,fist
0.0,0.0,0.0,0.21751870871904058,-0.13259531045105183,-0.11961542015816304,0.38248841891385427,-0.5178818418875063,-0.17852713247736643,0.34260304304345635,-0.8331345875688461,-0.2237786096402723,0.17986033486631406,-0.885044913999834,-0.2509622962035012,0.2590951486144462,-0.9897314685666693,-0.12691321828160912,0.22013134317335845,-1.1471636334709048,-0.19872448901194711,0.20857679333437393,-0.8342800980942404,-0.19452255991950737,0.22380079775343498,-0.7382477528225263,-0.18917893171150046,0.11278787221230156,-0.984880951389447,-0.13148531276168665,0.06263111060149987,-1.1626767356976226,-0.22765955792832435,0.07245853826441226,-0.7769375163155242,-0.2069961497912358,0.10304078464035746,-0.7330609459416926,-0.16955542167313573,-0.024954264853842365,-0.9180023171123847,-0.1532460510920565,-0.0702817646185753,-1.1046309567132357,-0.25606710242062036,-0.04482180001103315,-0.7654730485942864,-0.22115795699183582,-0.016104455904175245,-0.6975432875837387,-0.1700983815162691,-0.1570885370505827,-0.820941871715935,-0.18974328922059436,-0.20013197435508334,-0.9594815897796587,-0.234716770690776,-0.16406800337854607,-0.72463928009098,-0.20908186079065696,-0.12983110524243524,-0.6546072656134615,-0.17669066553968907,fist
0.0,0.0,0.0,0.2075189158427445,-0.1137397910602615,-0.12721948929467458,0.3636660073171648,-0.4829031112368862,-0.179144558416483,0.3303161228945932,-0.7806929924407079,-0.21633056802523262,0.1871303142742074,-0.8483510026841179,-0.23383686237550566,0.2888388803081648,-0.9969001574161185,-0.09540312918579319,0.21911095742682007,-1.1108879133436185,-0.16728598935565042,0.19972078728090362,-0.8174284440720343,-0.17064651678901238,0.2284791509966636,-0.7582505289672327,-0.17017651151599966,0.1440088194335642,-0.9848252036211782,-0.09685431450304814,0.05611664853281177,-1.1172781272158399,-0.19248725155273727,0.05942297314637906,-0.7206801864526362,-0.17531066074344717,0.11492527039496814,-0.700135248217038,-0.1380634656141307,0.006719696241686277,-0.9271135924866608,-0.1208988575617083,-0.07305371058846659,-1.0808783507564732,-0.2312147792457442,-0.057821185823556595,-0.7269816789503414,-0.1985199100707156,-0.0043372366533542,-0.6731212326652036,-0.14526817519610014,-0.12103560750954491,-0.8584932965658032,-0.16113302933002596,-0.1974991509818478,-0.9594529126490705,-0.21398490189866104,-0.16532615180072513,-0.7162390623778397,-0.1925033654775963,-0.10849657267867226,-0.6627800108013404,-0.1600141542180687,fist
0.0,0.0,0.0,0.19941857989118733,-0.12308448066736438,-0.1383260675378514,0.3470407022995133,-0.4801884504576748,-0.1902086564033926,0.3097992500864937,-0.7774440458932053,-0.22325337773691187,0.1626252689856978,-0.8487936485607237,-0.23479739518642645,0.2793371950095551,-1.0043279356010726,-0.09791394797182626,0.21598555034560526,-1.0967743495753757,-0.16617982896857075,0.19763326653631033,-0.8184675354163495,-0.16716459368010966,0.2253185908731442,-0.7800758620415441,-0.16580359184779445,0.13749014647240887,-0.9862353672560705,-0.09184900650675856,0.05136527818861595,-1.0983582082942012,-0.1810792675842777,0.05546996249058591,-0.7116746997703617,-0.15794646157409495,0.1126174435124869,-0.7142126102799311,-0.11758909981182858,0.004313636639545807,-0.9245872987090632,-0.11013362663262088,-0.07326938299728232,-1.0624039024806498,-0.2219215677752871,-0.05900955363255205,-0.7151860823467555,-0.18943006311964256,-0.008105384087710131,-0.6768696318134774,-0.1340266580942319,-0.11774992748905068,-0.8520301973566353,-0.14477132530352113,-0.19855794208665373,-0.9416196183105766,-0.200014620600264,-0.16413255281845898,-0.7063619022177838,-0.18045732709714002,-0.10716606139484013,-0.661655443375154,-0.14766190433931964,fist
0.0,0.0,0.0,0.20707773474472133,-0.12841582055442488,-0.1423588436953905,0.35396765359644206,-0.4970261234783303,-0.19911387395410654,0.3135088212862729,-0.7921921116975456,-0.23922094639385433,0.17333070770404546,-0.8728652980501713,-0.25812056066343403,0.26897741428864375,-1.0150265739517101,-0.09202904820506037,0.20391550634948066,-1.1516424741247504,-0.1676954830717554,0.19271115502230626,-0.8623137913798677,-0.17216892926477145,0.22998119642502585,-0.8232625143283206,-0.17156558307573722,0.1228620634507142,-0.9885597383641123,-0.08749021116736404,0.045227705861366554,-1.14816665335236,-0.18600358178577267,0.05013209980252478,-0.7400037381950165,-0.16707822702347558,0.1089966899659563,-0.7427319402985272,-0.1256144355893705,-0.01195841720775553,-0.9219525627243881,-0.10971341142303792,-0.08557513035333769,-1.1117401651286352,-0.22669654458887334,-0.0729350494524068,-0.7511875873889808,-0.19307364249147635,-0.02206629124089416,-0.704302690231919,-0.13497845451346047,-0.1381159084474582,-0.8504261645565925,-0.1493575176495318,-0.21433445834720646,-0.9723890998634472,-0.20457358235712483,-0.18660409821039284,-0.7300103021695752,-0.18260267761335097,-0.13306632329878726,-0.6777760245197331,-0.14757009267747104,fist
0.0,0.0,0.0,0.21388022563211764,-0.125733436135808,-0.14060618884977347,0.36194429696754127,-0.4968066334582318,-0.1977168447877047,0.32083826227258977,-0.8041089266927156,-0.23819604530315727,0.1832148831320124,-0.8929590006375817,-0.2568792789459803,0.2729804905540969,-1.0183349918721434,-0.09367088158376655,0.20288054222266044,-1.1604838143060974,-0.16970679114973974,0.19810003903943318,-0.8709026386360006,-0.17301423642892627,0.24176234636147947,-0.8344656957264853,-0.17199288468977222,0.1288494736677766,-0.987506787571795,-0.09070908242932403,0.04571800234934365,-1.1521119698730102,-0.18980563619461704,0.05676101241349784,-0.7417500073337251,-0.1685824418943985,0.12015061615043256,-0.7512504079629548,-0.12544007860653153,-0.0061146675666127115,-0.9184678264869149,-0.11443858991979507,-0.08161220153975907,-1.1228613200177728,-0.23350990009485348,-0.0659072563250966,-0.7558102804730099,-0.19827520737897816,-0.014059628397399626,-0.7054832762819462,-0.13846796686114932,-0.13290960674248561,-0.8455054820812125,-0.1552161044463321,-0.21215573451133235,-0.9690426694587131,-0.21079696519431085,-0.18190728211430407,-0.722136959180923,-0.18743585515786376,-0.12774561108584354,-0.6667556944021062,-0.15131710848732333,fist
0.0,0.0,0.0,0.21078591916902245,-0.1539494914738781,-0.11188382285258662,0.3671795184273761,-0.5335068998706572,-0.15872012880822037,0.3331810975609027,-0.8474011800681843,-0.19517603164417194,0.17179882919734257,-0.8982767106177706,-0.21046517758130273,0.2690726447938606,-1.014499097686053,-0.07265823748159629,0.20565481008857786,-1.1943721414577118,-0.13570492220319152,0.19183813249050988,-0.8872867275145278,-0.12878015179544414,0.21704608414134266,-0.798935749595487,-0.12174964684684923,0.12058714553815014,-0.9892776737510611,-0.08239177476331846,0.04730864521925057,-1.1775417269730926,-0.17151623183164158,0.050452265389008044,-0.770325065202862,-0.15163480278100155,0.0950217205610319,-0.7377142896047985,-0.11126899456415353,-0.016528269082599502,-0.9232545870468923,-0.11386440394767038,-0.08855803253869335,-1.1307983944930318,-0.22017673247703923,-0.07396728719640394,-0.7668863627703533,-0.18713119776722761,-0.03243877507700075,-0.6837490280220924,-0.13153354987050436,-0.14527000510395816,-0.8400259546836488,-0.16021659874090696,-0.21459968737654916,-0.9984218231256023,-0.20576676753031964,-0.18530309368167713,-0.7583164204585247,-0.18020560986650913,-0.14181475661371948,-0.6739139989880413,-0.14450479258799662,fist
0.0,0.0,0.0,0.20912984276450786,-0.14232372170414326,-0.1279046472291051,0.35577941490844933,-0.5199308490422655,-0.17829602857231389,0.3190214646012138,-0.8337865217551291,-0.21339687711454106,0.17505547498944454,-0.9135133283763843,-0.22639299846030697,0.2516943062791867,-1.0263311937548258,-0.0827737759905967,0.20303798756617417,-1.1607537412717914,-0.15286620596336026,0.2036490728329509,-0.8619747136009248,-0.15023385327376026,0.2353049360993368,-0.8288112111602987,-0.14582938497295647,0.112004140437708,-0.9900591987156987,-0.08507546980909536,0.045448279374679885,-1.1388331945414873,-0.17528947322854782,0.06437609142023107,-0.7265103448602278,-0.14697377670040432,0.10835700625586947,-0.7491365842550873,-0.10055057885684708,-0.021853295688509806,-0.9185099161369803,-0.1133431106551844,-0.08467089804131665,-1.0965891550112532,-0.22737806474410618,-0.05824953417773227,-0.7277307422966341,-0.19110877684437277,-0.02072129980986727,-0.6917720788533628,-0.1309212316536097,-0.15032241623441298,-0.8460783910777715,-0.15742710259372417,-0.2181000045567077,-0.9579886840164782,-0.21071850305523857,-0.17549741945336586,-0.7124408189977973,-0.18794050554205458,-0.1309912245878916,-0.667230894539609,-0.1520310930382891,fist
0.0,0.0,0.0,0.21937584110622887,-0.1708560236631231,-0.11640534263542635,0.37915620333736305,-0.5598555457836174,-0.15837980620336195,0.34662045926501356,-0.8717135025671298,-0.18609407062669941,0.17929801238956236,-0.9018834229298087,-0.1912204888440396,0.24240096859308535,-1.0396308325717176,-0.0742481169450562,0.19669185200585737,-1.1868602548463116,-0.12907164582675046,0.2032528342504049,-0.867538643611665,-0.11493592989843346,0.2330899205999947,-0.819647454053082,-0.10448491717204808,0.09426122881576221,-0.9923905477088307,-0.0792199568310207,0.03697792476189076,-1.1651974400427318,-0.1540799202928816,0.06680723399988794,-0.7491122154756981,-0.11955597906180139,0.10628846598655872,-0.7583909686833601,-0.07208196068937645,-0.04834278929277791,-0.9092619245997725,-0.10738554088072001,-0.09656905372711218,-1.0992282886785738,-0.2038935228618165,-0.05866156640668597,-0.7281277229815657,-0.1645733858328672,-0.02438572656927327,-0.6723405242934598,-0.10589795408845804,-0.18509090600271647,-0.8161166453898754,-0.1509048156234652,-0.24239437782054896,-0.9502296394243055,-0.19097402690504056,-0.1899079698341289,-0.7188534514992284,-0.16570627372415075,-0.14543725940649316,-0.6652251262631496,-0.1307328253291562,fist
0.0,0.0,0.0,0.20925082216974428,-0.1411109836664881,-0.12408397970232371,0.36871476244281653,-0.5113233890149181,-0.1784292919589138,0.34632121319110076,-0.7935318885690632,-0.2163711490628331,0.19197748933351022,-0.8451196973907992,-0.23355129199193786,0.23730834940725476,-1.0212194524694667,-0.10874293319646122,0.20447079666762583,-1.1045363122347187,-0.18050114462231798,0.20390230100349757,-0.795294354625734,-0.1777621836642085,0.22531632834098428,-0.7596764825446853,-0.17340412698249139,0.09006460545334448,-0.9894790057130942,-0.11322386717277945,0.043555185233989,-1.103322140173929,-0.20467418890105368,0.06728864898154403,-0.694100313440688,-0.17299245324302356,0.09791528452899514,-0.7144029900288471,-0.1266829453656949,-0.05187244514742036,-0.9134989774619307,-0.1401032470391511,-0.0872646024351716,-1.0385592177147436,-0.24424312203502777,-0.05471323999570741,-0.6832188661365048,-0.20184163335496047,-0.028345919001522654,-0.6658459494356433,-0.14337285790789425,-0.18635909459914463,-0.8301720168625556,-0.18292011633531147,-0.2277911621991061,-0.8995088042094419,-0.22927852584707412,-0.17873128136357672,-0.6675918397645217,-0.20450504849118825,-0.14125381982082383,-0.6527814269820587,-0.17038817007322646,fist
0.0,0.0,0.0,0.20523951847929445,-0.13585985328708705,-0.12521770069604998,0.36246922516321994,-0.5009933828819572,-0.18428423605210995,0.3416061052138565,-0.7725978818517321,-0.22651259659383843,0.1944640072303179,-0.8141155651273158,-0.24879711929295983,0.23728099055328467,-1.0078548959531752,-0.12536438627104296,0.203292818556743,-1.0637035823045777,-0.2034881607702577,0.2033532511170864,-0.7698833026730724,-0.20629419241390523,0.22339654552442895,-0.742440491281384,-0.20569663332853047,0.08362850570194234,-0.9878926068926756,-0.13066923999493232,0.03430782166678412,-1.0604921703319459,-0.22886162307237828,0.062414619742756215,-0.6647697359698924,-0.20027342179230895,0.09703553350408514,-0.6885678210732953,-0.1568921815821145,-0.06504703635533172,-0.9141062508321933,-0.15710771366567944,-0.10352367604648573,-1.0013312653540618,-0.266571926466412,-0.06888848991452215,-0.6539201626895165,-0.22467478778733144,-0.038204307429861556,-0.6429114074735975,-0.16720226568150978,-0.20596477349337278,-0.8270422183646862,-0.19907851256392337,-0.24553768554513933,-0.865765345754092,-0.24897553999837785,-0.19591451725847517,-0.6354571154451959,-0.22431968220535622,-0.1558404006956049,-0.6289669156241452,-0.19073362782243983,fist
0.0,0.0,0.0,0.19197835626379312,-0.12050861284690075,-0.13693162644007958,0.34127569994104456,-0.4578703036522687,-0.20320796487013074,0.3243807920872799,-0.7030909864191991,-0.24837089598100487,0.1941344629722628,-0.7510291246026535,-0.2729801583151827,0.21727079010409148,-0.9917005734006611,-0.14768041398128579,0.18832465519318,-0.984905496547209,-0.23209970636861776,0.19101869126139734,-0.7068023576138284,-0.24312634381229295,0.21295979592867395,-0.6959379402547277,-0.248101931301131,0.06647536436808812,-0.9871645072401819,-0.14521446752089912,0.030164279116086688,-0.9561023786668923,-0.24216410316218068,0.062245449753920115,-0.5956094815440908,-0.21531521607523885,0.09175633733807455,-0.6492424530310519,-0.17810838455766123,-0.07840625228695945,-0.9111274850798334,-0.1643215214716134,-0.09926784051017429,-0.8761398865005555,-0.27114330999939107,-0.06307404629264193,-0.5662394163557903,-0.23254125468600753,-0.03956048583373761,-0.5990935861189176,-0.18168326166384138,-0.21394415057190128,-0.8205061396750968,-0.19940734519605124,-0.23564347964525736,-0.7575610891355402,-0.2492774934961318,-0.18414649738164404,-0.5496409061161568,-0.22913414521332934,-0.1509941621041781,-0.580361890911438,-0.2006559856798095,fist
0.0,0.0,0.0,0.17425112918573119,-0.1353220684286112,-0.12409759971964919,0.3227759327799362,-0.4339631112191931,-0.19115024304673475,0.32509701658458234,-0.65537213706877,-0.23773131348761878,0.19992914210392715,-0.6782038532300017,-0.26351259618636763,0.17621442247642716,-0.9861419147572263,-0.15110556598477728,0.18356970990307309,-0.9291571742160352,-0.23416492440599032,0.18139529368906313,-0.6615155719973117,-0.2480903894914805,0.18321226530325155,-0.6367070718943586,-0.25677217112376943,0.030857731083735646,-0.9876888427414852,-0.15335752461600644,0.035902196824891354,-0.8615959938802603,-0.24967309076189895,0.06848869141995616,-0.5319914855872214,-0.2277488947308183,0.07512828251399206,-0.5903153750259366,-0.19822836677763198,-0.10684618673149132,-0.9049083631735763,-0.17292371050918506,-0.09665843911303598,-0.7738832400536558,-0.27869142346542497,-0.053891345791511745,-0.4891486370714771,-0.24545723349024837,-0.04538243474512016,-0.5260837334851425,-0.20112509493196634,-0.23421136541101584,-0.7913632034225951,-0.2065477312944974,-0.23006229839241255,-0.6679412728550028,-0.25638970540196093,-0.1719246260597332,-0.47730269242397944,-0.23935700900163662,-0.15224649370660243,-0.5102046607045642,-0.2142754241070378,fist
0.0,0.0,0.0,0.18064361923365202,-0.14171288459934867,-0.10990854746373516,0.3335166161468888,-0.42463898870812805,-0.1731579502169574,0.3515175136640415,-0.6388801117205013,-0.2190177789193751,0.24136669158129037,-0.6571047018959645,-0.24607695680273373,0.18134685158242533,-0.9797955880842779,-0.1443106045677962,0.17752811486744163,-0.8731536409628323,-0.22296170660697417,0.1855499371617135,-0.6154088067744699,-0.24055567201704278,0.19387560672247026,-0.600431114377751,-0.25313917923161133,0.03299142853076557,-0.9877340172003483,-0.15262063067868936,0.02948590780270265,-0.8090082097389022,-0.23958929139565383,0.07012521945280856,-0.5085857310579288,-0.21995337866760337,0.08167280353781349,-0.5619159576758724,-0.1990120475184365,-0.10552267418738664,-0.9047206769976861,-0.1758391536677726,-0.10069084336995165,-0.7301386198861004,-0.273306998170833,-0.053369552111131334,-0.4673187151386138,-0.24141477500627914,-0.0367790518408443,-0.5005369592345017,-0.20409434702851434,-0.22880954112189877,-0.7867305491743413,-0.21261060065221365,-0.23331537516712716,-0.6354090586305857,-0.260242230775475,-0.17259478957861696,-0.457013353985488,-0.2437101115130898,-0.14344864247073677,-0.48743162296639153,-0.22235946270302384,fist
0.0,0.0,0.0,0.18413784592734336,-0.12675579032654163,-0.11452767110832676,0.33927595682426065,-0.4013985428651397,-0.18982306974861682,0.35611045169337757,-0.5985819305302655,-0.2472981540649133,0.25683897713502835,-0.6130226715857547,-0.28696648351318255,0.19064175649694884,-0.9647540626241369,-0.17498890921393376,0.21020763924911323,-0.8068484631486066,-0.26786036394636453,0.2064971357062184,-0.5525220712834407,-0.29613768008973596,0.2027714744994806,-0.5537719421600263,-0.315619935349209,0.040402232290563736,-0.981972474505706,-0.18465562254932624,0.06215428985685571,-0.7489524354654319,-0.2825396357195064,0.09081627511050387,-0.46729596573972815,-0.26746802922364854,0.09041685331213586,-0.5388121378984305,-0.2525330441902536,-0.09901159583322305,-0.9013297688104762,-0.20781904953654715,-0.07137466206038143,-0.660705442230005,-0.30812117291912566,-0.03171851081149724,-0.42303443024442106,-0.2754499277253095,-0.025574912953397873,-0.4871293639026188,-0.24116400081987616,-0.22504207458877062,-0.7855527554006122,-0.2450564397191468,-0.20547850598375791,-0.5969715155274588,-0.2932775677713802,-0.15258745790641084,-0.42432988981989345,-0.2758903099282614,-0.136072431051574,-0.47110921741615436,-0.2564379360938835,fist
0.0,0.0,0.0,0.1790645217749643,-0.11567438297504738,-0.10941275974141079,0.33801725934036403,-0.37601362748200956,-0.18637903553612256,0.35887657812907353,-0.5825791599137153,-0.2465055954321072,0.2557164561284377,-0.6293669361296069,-0.28931545728883135,0.19194041397959297,-0.9474210779875111,-0.17590678324114556,0.22567200749370028,-0.7696971239998113,-0.27038982701516495,0.21419374589388251,-0.509777273697883,-0.30140209721028066,0.2007206195375111,-0.5038074994237811,-0.32297659747759383,0.04314929226682216,-0.9812179028206538,-0.1880147487861255,0.07174931645250293,-0.7270566126828909,-0.28947246755674244,0.09284213769092665,-0.4482707913413874,-0.2791503406498498,0.08849404434819824,-0.5121001621356692,-0.2685043034856887,-0.09624373509680796,-0.9097505163624082,-0.21175121801188657,-0.06588479915473423,-0.6440464334630625,-0.3128049752106405,-0.029983534952203395,-0.41362070818125296,-0.28163362344902154,-0.025229467085458944,-0.4747988167778806,-0.2498731476907099,-0.22238261029041803,-0.7942733443518869,-0.24893018171343456,-0.2034463901380351,-0.5876041886441461,-0.2957616594122938,-0.15304352689519699,-0.4180732416501656,-0.2778524824560863,-0.13704388302819986,-0.46234721987917926,-0.25923996834843466,fist
0.0,0.0,0.0,0.18471287228227207,-0.11705332533585683,-0.10410609476433877,0.3457507530585259,-0.37338019909005365,-0.18121717189098285,0.3696676917762563,-0.5765655451979622,-0.24231952222493683,0.27534779290231093,-0.6229830999659424,-0.28728250139146055,0.20579882690141327,-0.9403945844228271,-0.1797986243533597,0.24615868323628512,-0.7532639012598079,-0.27132306288865,0.22925940025561065,-0.49706565466475566,-0.3014898398249546,0.21100953210391807,-0.49328586727786355,-0.3230153694542905,0.054914066855975795,-0.97968068876222,-0.1928993865405461,0.09028938345451401,-0.7122313628537271,-0.28888182704435733,0.10630536332386727,-0.44604220339368006,-0.27667829565558133,0.09757853267876807,-0.5055999005503605,-0.2675862896578371,-0.08615693931764251,-0.9075808943110171,-0.2157964002877675,-0.054027203952427744,-0.6342365524742012,-0.31083037865003105,-0.020902032020733343,-0.414612560499824,-0.2785471865748866,-0.01817048478502472,-0.47446524577240234,-0.2486600906479028,-0.21138319162803865,-0.7898353080467013,-0.2515493663442136,-0.1921876053413071,-0.576368095389091,-0.2950033644180742,-0.14355847032227864,-0.41147851942295466,-0.276050644956047,-0.12900473444013805,-0.4556572021994774,-0.25811264426839675,fist
0.0,0.0,0.0,0.1810473735397571,-0.11519677538261895,-0.11168482048738572,0.34139788866095905,-0.35852571326248583,-0.19582576828604825,0.36886051746824283,-0.5564845845934819,-0.2634186787081194,0.27924635944217174,-0.6200743883067479,-0.31532456383190943,0.2005045956730599,-0.9435061560969201,-0.18913650408485388,0.25347466528237733,-0.7486793623296862,-0.2884162874156854,0.2302644717845136,-0.49200628722956313,-0.32353318026235023,0.20618968815094554,-0.4847917283476685,-0.34780280742214553,0.04833744889463439,-0.9782451343722417,-0.20174223184894297,0.10065650627431691,-0.7014333479276212,-0.3072318794489709,0.11046579170392107,-0.42362908754231976,-0.2999615954978514,0.09659589667236237,-0.481234646288114,-0.29280488312213326,-0.09183790202177246,-0.9016585115109279,-0.2249004202620962,-0.04451228891492761,-0.6240791832012964,-0.32936052853357556,-0.01653884199318437,-0.3922349281138061,-0.29954797505105346,-0.02038922018116261,-0.4460183148192618,-0.269610346426561,-0.21707319754235604,-0.777325334644518,-0.2611819969349518,-0.18508921888247679,-0.5720472070361509,-0.3123100318029087,-0.14019363710534305,-0.40297692869671864,-0.29544338298159306,-0.13265996629887983,-0.44435510824911334,-0.27762770485801647,fist
0.0,0.0,0.0,0.1813368123086381,-0.10844192045062813,-0.11037379036141028,0.3418603972866794,-0.34388443200742597,-0.20060037999219688,0.37579270934176523,-0.5149841564014881,-0.274176460091855,0.29966944726606176,-0.54630065837054,-0.33398217485085174,0.21106375203127828,-0.9363315231535102,-0.20882788509389463,0.2508231205768871,-0.6966087668672217,-0.3113809557073848,0.23335777587062365,-0.46336164625847676,-0.3574135151251203,0.21837254979265763,-0.4666019440977816,-0.3909021137515039,0.05474506700462866,-0.9736668683209732,-0.22130473825177532,0.10364654418184718,-0.6255066792040688,-0.3270098009713048,0.11471856560921125,-0.38624496682639786,-0.32942251672797274,0.10565038461253914,-0.4464716616758771,-0.33512524842986957,-0.08758877692097607,-0.8915937306807296,-0.24055025095970362,-0.045253160202597786,-0.5450292447639377,-0.33566128283079527,-0.01580091006280732,-0.35357721885263266,-0.3114112471424667,-0.010428638431936962,-0.4248784151300092,-0.29309275272902335,-0.21124030445017788,-0.7610682321502735,-0.2733091980006898,-0.17705030853018322,-0.5057323372701077,-0.31690878832407093,-0.13755783528003426,-0.35557491832962357,-0.3021553242006805,-0.12825511709009463,-0.4086129183006803,-0.29158116288032304,fist
0.0,0.0,0.0,0.18920299595908072,-0.10648601002902569,-0.10176336247875677,0.3573685440623506,-0.358899814445988,-0.18230123852541308,0.38983545719223067,-0.5348424399611168,-0.24607935374520407,0.3036791491736752,-0.5425552089636637,-0.29569171620898893,0.21829018417099488,-0.9342890598212641,-0.20037862977997967,0.2626316568584432,-0.68390132364054,-0.2966338461835073,0.24070319596884893,-0.4486552733285689,-0.3375954761720202,0.2249402154863211,-0.45684693975284263,-0.3681055173852062,0.06392314776103035,-0.974794641896121,-0.2137503621305335,0.11422492640678727,-0.6160378135470281,-0.31332859191524354,0.12209929089940061,-0.3795305646143365,-0.3118030044633815,0.11369950550213326,-0.44136086232945854,-0.31561931398980436,-0.07948448722388422,-0.8970321124453912,-0.23255790705987603,-0.035208736317380945,-0.5437000399865817,-0.3230996422491693,-0.0079757739072977,-0.3495680282375737,-0.29666623595010244,-0.0022997912092072247,-0.4189763535262081,-0.27677426691254114,-0.20448578342921844,-0.7727357353421314,-0.2642499097465946,-0.17147766674477968,-0.5103374025841405,-0.30329341775735763,-0.13351120680902423,-0.356446672414575,-0.2865947558083875,-0.1246560801839175,-0.4070484391894855,-0.2749265779545138,fist
0.0,0.0,0.0,0.18364624839817956,-0.10534569231371269,-0.10019621900384115,0.35119532654671226,-0.34030154812298835,-0.18189500063222996,0.3904370533106401,-0.517220105282344,-0.2487954885918186,0.30663027899524575,-0.5520831540238265,-0.3014677281715571,0.224816774858838,-0.9347984228531198,-0.19010766486747183,0.2630989543913443,-0.6925978410234894,-0.2880551815922889,0.24075507967281953,-0.45848680271645964,-0.3327927281222636,0.23046545205862037,-0.4624005538202728,-0.3656867697694795,0.0745599971901543,-0.9756667006012679,-0.2061923280746385,0.11876306262530002,-0.6290717704559408,-0.31019582409165997,0.12399591676838297,-0.391170145084676,-0.31546175112998637,0.12031913512533415,-0.4485528026011544,-0.3224912289273264,-0.06754057124219835,-0.9011332772658067,-0.2283503446757467,-0.029798765267953296,-0.556451664658389,-0.321794647318869,-0.004692133969326351,-0.35675862079598036,-0.2966922909446924,0.004670874885571563,-0.4138572846827376,-0.27668795528565626,-0.19282381796271858,-0.7796043385209405,-0.26364732713359407,-0.17079178165209327,-0.531172765458251,-0.3041229472940256,-0.13480673855006517,-0.3763745160225015,-0.2871802085418911,-0.12278022068541947,-0.4174586196861577,-0.2747232808850896,fist
0.0,0.0,0.0,0.189121373276357,-0.09410162213316818,-0.09994158823917687,0.3613000013040549,-0.3186943667321594,-0.1879514246882168,0.3964269106998824,-0.4769303749186025,-0.2614964695461567,0.3069908683591833,-0.48584285149858214,-0.3214445013259901,0.2385784221810966,-0.9209058774736346,-0.2086583769603254,0.2689968129876395,-0.6643669059321089,-0.31152956441482044,0.24040897088743435,-0.4184591522835312,-0.35914592463419587,0.22732179654949233,-0.4125521535925536,-0.3939585838882336,0.08245462217705403,-0.9707039389281513,-0.2256880108269172,0.12244729417709631,-0.5936494432900771,-0.3323805727819235,0.12545384256241796,-0.3499963927784284,-0.33774658426344034,0.12147338041442618,-0.39708229233548487,-0.3471262730148623,-0.06399284265103065,-0.8991250835810319,-0.24686223474248548,-0.03549052131234938,-0.5284103050350826,-0.3401454178353858,-0.010789413460162184,-0.3247091287192996,-0.3157312327328327,0.0020679610011947696,-0.3788957493076069,-0.2987263689616335,-0.1929739705861872,-0.7761448011808622,-0.2811547368612794,-0.17724112406662876,-0.5046069867628459,-0.32019862202615035,-0.14159300190724275,-0.34274627803859015,-0.3030160856019239,-0.1263246318463102,-0.38011468778340607,-0.2925538277114031,fist
0.0,0.0,0.0,0.18816697071751312,-0.07431901911268315,-0.1084057403735369,0.3645642419091968,-0.28597440817121295,-0.1987919514773953,0.40421000519656486,-0.4437313849908388,-0.27074291953103546,0.31462745572642326,-0.481320926282317,-0.32845868949560725,0.24643367458863966,-0.9193254781110503,-0.22165660843256366,0.27536534588881656,-0.6259548545260182,-0.3249640030849222,0.24664290792189913,-0.39274453778192725,-0.3740248828335254,0.23620012300360999,-0.4159261277718584,-0.41062749893264666,0.09070766543139078,-0.9681664150368318,-0.23329357519382218,0.133068033549535,-0.5583043955914645,-0.3434217935935367,0.12735783992493052,-0.3286485672837941,-0.3464433742890286,0.11862609510756002,-0.40109687754209017,-0.35383436772033416,-0.057248269767331446,-0.8969600515350064,-0.24878492560196172,-0.02570891151564117,-0.5013346315581952,-0.34401653904829943,-0.011147310016742828,-0.31007199880003844,-0.3151305674707985,-0.005003898362586821,-0.38956744821734157,-0.2946606615417634,-0.19103298353845974,-0.7754706578572975,-0.27762150961602816,-0.16726192908173187,-0.4922508602134063,-0.3188066071386106,-0.1364888156314254,-0.33118816194354755,-0.30038882232654174,-0.12669178638126685,-0.3820522778120249,-0.28829120000049,fist
0.0,0.0,0.0,0.18602173357997412,-0.09443866717045783,-0.10566565772744085,0.3550492679138088,-0.3236909982156629,-0.1939445505219101,0.38595206385479663,-0.4850804573383932,-0.26567058336237676,0.2922277498569283,-0.49454054082371973,-0.3238620838426835,0.23407195004841314,-0.9215146866757954,-0.21394326847793796,0.25877171887643474,-0.6589477683901986,-0.316712238675226,0.2343048962240658,-0.4165410562699055,-0.36494673402763733,0.22473326583401507,-0.41289137744203364,-0.40052722393797985,0.07709929537040995,-0.9708492213640089,-0.2269525677983913,0.112086972936077,-0.5922619711151391,-0.3341247105026848,0.11613731465624787,-0.3541610827627913,-0.3410136095227198,0.11269057192306223,-0.4074850330445345,-0.3515425331842022,-0.0698122814838187,-0.8992705351899476,-0.24423242904165493,-0.043483474864468526,-0.5257485336258567,-0.3373322219300532,-0.019363183713070598,-0.3265837435296495,-0.314636475348455,-0.007772950707070471,-0.38759231295939206,-0.2989835285417345,-0.19808799441745523,-0.7772148928303545,-0.27490779952943206,-0.17838637626299544,-0.5034346228574607,-0.31358499005874435,-0.145542607557011,-0.33875198201962187,-0.2973951459166963,-0.1329644200364784,-0.37769917834344063,-0.2879960734922027,fist
0.0,0.0,0.0,0.19374486949087572,-0.0842335201128605,-0.11752259063665575,0.37117763557170896,-0.32586216837071924,-0.19536388469913285,0.3965830716396528,-0.5256537581029088,-0.25262853266753715,0.2883917112929524,-0.566363473430699,-0.29211539627273786,0.2490719665441333,-0.9219220812730065,-0.19320095781660399,0.2637328199532971,-0.7314682541308211,-0.28979227286588877,0.24262085854750226,-0.4784648522954795,-0.31995555553500443,0.23989798099503273,-0.48761951709627044,-0.34053083260803063,0.09986423015519356,-0.9748317258589909,-0.1993244134427372,0.1090156373879554,-0.7081818099007398,-0.29874488420143647,0.11569353951735997,-0.43137681876701556,-0.28300310793880595,0.1188095718319439,-0.5126663960211664,-0.26966260863323627,-0.04698176941276114,-0.92767202583389,-0.21711385203638955,-0.03435655903189168,-0.6621197979714613,-0.3188708134638492,-0.014015630279568803,-0.4252804486957435,-0.28397644679986833,-0.005878000683400853,-0.496534694481968,-0.24930513929842116,-0.18302033772496382,-0.8423605876932448,-0.24876320354133014,-0.17809994971214085,-0.6500973500058786,-0.29699458728298767,-0.14111627439483715,-0.46177060245666207,-0.27695217532504135,-0.12634921303493668,-0.4992827339392129,-0.25640141425968127,fist
0.0,0.0,0.0,0.20010912864333255,-0.047905978874977315,-0.1380588383561561,0.3765940302937834,-0.30458465836119114,-0.20916506658440845,0.379231176410417,-0.5299682951933499,-0.25885487917861655,0.24789427634576608,-0.6029530958266671,-0.28818549113985076,0.3335931501267866,-0.9089001660893684,-0.1644152389449385,0.2653035531340393,-0.8602893002020955,-0.2538442553500638,0.24258428924412812,-0.5686342704073135,-0.2703552401636785,0.2693323370476455,-0.5543847403327938,-0.2803230032769151,0.18612794542714794,-0.968385606470822,-0.16608938891815547,0.10370410469850302,-0.9075888128668873,-0.2679573594066352,0.10353417864227764,-0.5442880598308778,-0.24227972446409538,0.1461664428708548,-0.5783118538786479,-0.20978897591797255,0.031084223447657384,-0.9547053460122632,-0.18843223944694493,-0.025743046655209646,-0.8947199464388699,-0.3010433256587114,-0.020867982464304758,-0.5755239575897682,-0.2625905088779562,0.0179403101536492,-0.5951154730783491,-0.2149383649912847,-0.1142718072903294,-0.9122138974618222,-0.22717348866933015,-0.16233806652085556,-0.8329297034239644,-0.28393933240890823,-0.1319375326474812,-0.6026855575899452,-0.2655809071223513,-0.08391563208832806,-0.6151496511416789,-0.24008076462399244,fist
0.0,0.0,0.0,0.219921892375268,-0.05059329631461997,-0.13625679224665968,0.4276729274601269,-0.3615367234451334,-0.20298371641644788,0.44647289225600056,-0.6400297144028202,-0.2544928993683114,0.300006772894581,-0.7467876516067683,-0.28430435183567554,0.35762845557317535,-0.9340802850541108,-0.12059414948187347,0.3544496491082372,-1.0122115332440509,-0.2114323235097549,0.30607683983747164,-0.6982945821521737,-0.2192611799659352,0.3137229547369418,-0.6565977806045493,-0.2212982357439963,0.2053205002746718,-0.9700820959986066,-0.12955384668124645,0.1900579906671467,-1.0811069497979229,-0.25087471686678336,0.1538412412919078,-0.6466782591642739,-0.23107672735190607,0.18008567513157195,-0.65983941329691,-0.18573570678485202,0.045531834855081776,-0.9613400960663107,-0.16286706972949172,0.038646155570562356,-1.0757994502980595,-0.2912164908686707,0.02227321433863235,-0.6815163427824602,-0.2515641281213416,0.04347499696649011,-0.6517703186267884,-0.1885264578390932,-0.11237499068064305,-0.9353335491596214,-0.2133495266593549,-0.1292842747762178,-1.0068225226706848,-0.2723789996285728,-0.10906150284194863,-0.7389495467787871,-0.24899350399117604,-0.07589270330826377,-0.7126698750750393,-0.21256394801327005,fist
0.0,0.0,0.0,0.24165974293180797,-0.019115023553754943,-0.15970612849638538,0.4705897918050832,-0.3657544433752232,-0.22989362604544927,0.498826551575194,-0.7092427340998577,-0.27738261969659656,0.3663997361726427,-0.8665759744518741,-0.30195799599738565,0.4024032187456599,-0.9283640280689581,-0.15260034569979877,0.3910396988250603,-1.0981153499788667,-0.24140128418622692,0.3441226764503994,-0.7594865401555557,-0.23769218227841682,0.3563902150541764,-0.6864642027343366,-0.232162756695338,0.238470185431354,-0.9598207836790238,-0.14790542207140212,0.2164297837987307,-1.1539615860725398,-0.27086053961984585,0.17979736903577576,-0.6911499314476756,-0.2439104338257222,0.2095451387092784,-0.6898915597621413,-0.19096926773128145,0.06996772322588582,-0.9463213801103612,-0.16865601492097565,0.06268826750782401,-1.137304458433485,-0.3040125205004912,0.04389880736031417,-0.7241600569836053,-0.2657366414974097,0.06353787765914352,-0.6882707181837168,-0.20026504149505497,-0.09485899241880832,-0.9225936798580694,-0.20662388012292998,-0.10902613706027241,-1.0345732870480413,-0.27220537521352484,-0.09744916828392287,-0.7504935327500057,-0.2519670976656764,-0.07284351217665136,-0.7167688671942919,-0.21550946555532435,fist
0.0,0.0,0.0,0.25949486457135507,-0.07422020687249749,-0.11280961875281446,0.4900389767717979,-0.4323091991249691,-0.16161331734802506,0.5271026773547185,-0.7862672413008056,-0.19874529772004612,0.3935555090596683,-0.9248283536006587,-0.2110380194833037,0.39423352660423544,-0.9505930202942088,-0.08675191986737854,0.4011278214031053,-1.2158482936684003,-0.15032262622887277,0.360446768729079,-0.8555548614021576,-0.12445772450044267,0.3685018656147588,-0.7517954019296571,-0.10431853600308484,0.22640293157346786,-0.9688582064193622,-0.10027695861361047,0.2294351936189299,-1.2463562819518033,-0.19862388605492315,0.2027265150719686,-0.7756681475638743,-0.15736862851902234,0.22771146767887995,-0.744379227271173,-0.09447899973277701,0.06327485772345846,-0.9442956293907804,-0.1366135822048341,0.06916948160337616,-1.2146162431060075,-0.25071451432370606,0.06253825809896736,-0.7782352849456572,-0.20069500920957398,0.0819434198334522,-0.6912398001281583,-0.12678769428032946,-0.0921672107028454,-0.9116579815449022,-0.18697766808741711,-0.09719509992210056,-1.0966640872973308,-0.23296158646915618,-0.07620645604181166,-0.8068718132704075,-0.19979444674704222,-0.052199921603443715,-0.7234767514190472,-0.15471798731489467,fist
0.0,0.0,0.0,0.25048863167633373,-0.07300774748095915,-0.08425273150697522,0.48188439046244236,-0.42242682633333845,-0.13455635047789158,0.5297415542039088,-0.778540587926307,-0.18200314932762673,0.4050936789238039,-0.9507348074860748,-0.20863758398916857,0.38619870829128516,-0.9339586390432755,-0.07947696521856353,0.4050980767517529,-1.242008182400528,-0.1356277713119764,0.357817622772685,-0.8861067051512617,-0.10730215636988866,0.3407355081368902,-0.7295571047890265,-0.0873647073655984,0.21930185078646003,-0.9697246285700347,-0.10742822248525248,0.24091099442482575,-1.2587936219400846,-0.20590082754250164,0.20840783665561047,-0.8028986117532534,-0.17562781426925614,0.20405065890004437,-0.7087299425040859,-0.12194622513643374,0.06014511104183956,-0.950404851529682,-0.15070218834387292,0.07766849422522423,-1.208869954503428,-0.2535129758086047,0.07147349982781802,-0.7847113348398861,-0.2082138176082141,0.07095907281799507,-0.6643425461541981,-0.14388145434544714,-0.09634791185813242,-0.9033285993997073,-0.20561230922850707,-0.0697875865405421,-1.1049606906482086,-0.24480355299638784,-0.05331195615096299,-0.8142228998618196,-0.2105973809264868,-0.05202790925005819,-0.7041645216521217,-0.16792634093640024,fist
0.0,0.0,0.0,0.26227382994931797,-0.10116339497408137,-0.06799401532134246,0.5126803384027188,-0.41519334814262965,-0.1154206504641639,0.5942318013189333,-0.7567923648829485,-0.16633987314049634,0.4878101320494375,-0.9556362065098406,-0.1994139351231938,0.4253061191456174,-0.9017233439231088,-0.058724549361620124,0.46237764340751886,-1.2416278146485946,-0.11366995718373953,0.3964266115440582,-0.9130420705062475,-0.09124565128907096,0.36291184966609613,-0.719203897764943,-0.07612148286707207,0.26333411274354035,-0.9598313872106328,-0.09684437614484499,0.2972223444485134,-1.2904084001230427,-0.20839940712895277,0.24636799932270928,-0.867347010618306,-0.20148053028874835,0.23317092482034493,-0.7019973998055875,-0.16320945112804128,0.10404037139180747,-0.9585007787431946,-0.14721753973919408,0.12279849227611099,-1.2681290184859346,-0.2620050064589565,0.10573302317158847,-0.8624413084599745,-0.23846253666835746,0.10750596607582842,-0.6635383178159774,-0.18817614126025745,-0.05705600958143055,-0.9153591477052403,-0.2072843290030268,-0.03121619929899276,-1.1430180929419267,-0.2565821781314509,-0.016653320219838348,-0.8666812175497347,-0.23517186848094565,-0.004838242948740282,-0.7062957246601748,-0.202328658757156,fist
0.0,0.0,0.0,0.2669119468126063,-0.10064535139370112,-0.06096201069418209,0.5197819573403821,-0.40443525498371474,-0.1012416678269837,0.6087508409416481,-0.7494992953140406,-0.1462161751868816,0.5037780345365553,-0.9646571660955978,-0.17299813791678265,0.4321019744874718,-0.8997482968366133,-0.03772872411063814,0.4773875299926129,-1.237287817117247,-0.08667208587387382,0.41405711768450476,-0.9001988270743089,-0.06020404637539342,0.38026771934632436,-0.7137108383952048,-0.04267438423162586,0.271394340872391,-0.9592847962300207,-0.07821618415882592,0.31591690162014446,-1.2927761951731542,-0.18317112423187767,0.26535282645202973,-0.8567570216124435,-0.17166286630060537,0.25065664833487644,-0.6973153804285471,-0.12989570808913506,0.11200079483825402,-0.9598656329170004,-0.13197363717306101,0.13925165448756074,-1.2787420181570428,-0.24411483782623397,0.12227012540661257,-0.8584460789333174,-0.2179485207249285,0.11946065431528578,-0.6551128410278334,-0.1645071116549431,-0.05169144764781528,-0.9191287331632462,-0.19495840792955257,-0.02153517293365416,-1.159873962594811,-0.242479741292782,-0.004953800425224833,-0.877509001057441,-0.21968810566472388,0.004812039817354649,-0.7113732047398023,-0.18503996873549527,fist
0.0,0.0,0.0,0.2890496624878074,-0.09872819076689325,-0.05898471804211227,0.5596228696515801,-0.4184762600905976,-0.08999513965817738,0.6531767576848524,-0.777717114557393,-0.1266292379040541,0.5297927981257141,-0.9594682701666639,-0.14613891605870907,0.4620970957062661,-0.8851354481880955,-0.022923922593374425,0.5211840066875625,-1.2356005333291453,-0.06703748757425909,0.4477172567645242,-0.8986108654841596,-0.04152141488205134,0.4074807410452919,-0.6931941149266185,-0.026088235291906632,0.2982534383868724,-0.9523515921261569,-0.06380682929891951,0.3556847787010422,-1.2947152320462536,-0.16855714343629252,0.2921146120269485,-0.8662131317274596,-0.16999198392143833,0.26889160906989057,-0.6802558433653433,-0.13829661347806463,0.13231375592727962,-0.9614928770537354,-0.11739574107262472,0.18102729137818968,-1.2913028729412834,-0.23079395458572508,0.14921938689159592,-0.8684741229734737,-0.2192827121381597,0.13141662699054815,-0.6349145571202002,-0.1758104025990877,-0.037382488925903117,-0.9268721244320857,-0.18015992195476746,0.011069200552933298,-1.165586378146642,-0.22911529557928445,0.021441633060611448,-0.8818710807801866,-0.21504795864610995,0.021256360532472002,-0.6977447653089865,-0.18800233455472806,fist
0.0,0.0,0.0,0.2964912180500856,-0.09060472480879185,-0.052831629756182844,0.5712857638021133,-0.4039935208723061,-0.07780494934605256,0.6677826123071282,-0.7717803462907673,-0.10921686324866046,0.5376704279154876,-0.9634622027913177,-0.12271775488816711,0.47542367269653263,-0.8772216435256958,-0.009500547242323888,0.535344565987555,-1.2432873516390435,-0.049669506378129044,0.4606875276382999,-0.8987097655041982,-0.018927809681941778,0.4169142777245194,-0.6855790345022572,0.0003335279093480022,0.3126361679730155,-0.94843401032987,-0.052264084462926456,0.3714456907111786,-1.3026085024366818,-0.15465381019007268,0.3053151026346231,-0.8610350091908009,-0.15234628940340464,0.27872686078723774,-0.6726861100112641,-0.11642283952886331,0.1465727815079445,-0.9634016641991713,-0.10827061908081567,0.19449420758105052,-1.3109320458179068,-0.22297004024569692,0.1605276965560835,-0.8725224635700543,-0.21154459944547496,0.14146099000371123,-0.6350836921850926,-0.16604245648050256,-0.024617466979531773,-0.9353902523974272,-0.1726789034497637,0.024197993535432404,-1.1823104959981443,-0.2221389492659062,0.03173447108888817,-0.8886585635716744,-0.208475809069058,0.028753009555538757,-0.7009283893254313,-0.18061139894935602,fist
0.0,0.0,0.0,0.3029470584434242,-0.11891956665627001,-0.04080227487181565,0.573768350674999,-0.43000581797001025,-0.056624036234349556,0.6658106429921491,-0.8049895476667982,-0.08051004793986809,0.5288064923989344,-0.9963715649559461,-0.08581633488869853,0.4716163130538993,-0.8841719701206935,0.013959467119686216,0.5260080283580646,-1.2540421665513912,-0.020118521104567917,0.45504083547251445,-0.9049947897174231,0.012434192146570053,0.4226263388437495,-0.6980022554167254,0.032805135576102616,0.3090821225375053,-0.9505240489892627,-0.031180984922992108,0.3653222350989178,-1.3113439186457685,-0.1274740262907374,0.2993362298177676,-0.8724560475563115,-0.1239845852888888,0.2797847385861969,-0.6924016692120561,-0.08749872848712545,0.14344806478032165,-0.9652283966923401,-0.08951877173119246,0.19254569232238894,-1.3236235840829962,-0.20038094702497103,0.1558434836788101,-0.8912898934575133,-0.1865640207503532,0.13819500025393008,-0.657192236018103,-0.1390525324471365,-0.02463693533945445,-0.9435568925760264,-0.1554863394195433,0.02315781252718938,-1.2037474182807293,-0.20046418565251695,0.025394820022044507,-0.9136838768523523,-0.1835644252719986,0.019621518156215663,-0.7248121157761493,-0.15394656362263912,fist
0.0,0.0,0.0,0.30930074728102847,-0.10984660042537725,-0.04499041775263904,0.5855737167306458,-0.4297360365228955,-0.05843971620211235,0.680822267898068,-0.8138170628798017,-0.07920560755248601,0.547861471127225,-1.0025837642111386,-0.08150329467556032,0.4825966436946805,-0.8801904748317458,0.020294575037381385,0.5324500281650638,-1.264129032495396,-0.01087183026010048,0.4627102536808005,-0.91709391379116,0.02283190654354552,0.4319617051144176,-0.7073549034004709,0.043792549798144474,0.3165601747874012,-0.9483204610130418,-0.02186181517123391,0.37084182622629586,-1.3241265656835193,-0.11684630682172818,0.3068712243376974,-0.8831064959832984,-0.1155939634983912,0.2874579760920464,-0.6943667773590179,-0.08024184468859175,0.1461450870925936,-0.9660810184515072,-0.0779831644414053,0.19794149629808655,-1.3294900532785952,-0.18895861171276218,0.16201388693935573,-0.8918739869870366,-0.17914076824429004,0.14325294563678592,-0.649807265099506,-0.1335854929092567,-0.0285783294378612,-0.9461936840428803,-0.14205565134542858,0.02672819267179146,-1.209636646114393,-0.188253098244205,0.03382875949037158,-0.9166438422374643,-0.17480692388628258,0.02887959136214205,-0.7219611823840781,-0.14726491590548707,fist
0.0,0.0,0.0,0.30426426006999113,-0.1445899519443558,-0.0363074357865578,0.5515549963618868,-0.4632480733155159,-0.04550393155978032,0.6273567249790061,-0.8433402559812616,-0.06269361189631661,0.49121662649320996,-1.0205179477172066,-0.06190243813021704,0.42635155905891237,-0.9121407661747655,0.03212939877718488,0.47077209114777185,-1.2799737617776186,0.006075205397375931,0.4243440741395767,-0.9288236301553465,0.043220137347384134,0.39302620222977086,-0.7170933801891408,0.06687721986928512,0.26100787480481413,-0.9652707961598957,-0.011276496384732496,0.3110235217425001,-1.3251031515357357,-0.09918881566613054,0.2720829320087763,-0.8784296557530397,-0.09318334817584012,0.24979131610801725,-0.6959135231547937,-0.05486196671316664,0.09251186674040292,-0.9669869068220395,-0.06863744674389927,0.14036259484592442,-1.313855268080983,-0.17879977662220112,0.12827906946449938,-0.8798011940776707,-0.16982955412415213,0.1092580553394376,-0.6553282486078852,-0.1240463697478728,-0.08051266166649224,-0.9299899373071637,-0.13206392129356737,-0.01915184899772978,-1.1928431374006894,-0.18235803959110816,0.004425162143281355,-0.9033347286149676,-0.17101491604522195,-0.002243365747562442,-0.7174104083429342,-0.14372075655200847,fist
0.0,0.0,0.0,0.28805384594190125,-0.16180823069030117,-0.030255034922749002,0.5149436501949809,-0.49067921499202793,-0.04559414395131047,0.5770579922675801,-0.8631953497336116,-0.07017523515004254,0.4444361549595129,-1.0528428846392877,-0.07834370094222363,0.3667900969516594,-0.9396531956577534,0.02226381715835018,0.417752210278453,-1.293326104413218,-0.0038588953309711726,0.38746943038090315,-0.9526754615288473,0.033726398990227516,0.34653569239903864,-0.7224248684008078,0.057928072275522324,0.20621989573554816,-0.9782253200477429,-0.023421311242329265,0.2618917720865031,-1.3327876711856435,-0.10721743970860628,0.24213123290759925,-0.896071326767964,-0.09848461104461081,0.20986289339548966,-0.6914411443550651,-0.06030171026303479,0.04260652516917706,-0.968841339380734,-0.08076766200809507,0.1023080898434635,-1.3101435129476067,-0.18251349696222963,0.10852179949369384,-0.8886840809679738,-0.17032648023122696,0.08220542636940815,-0.6556259412824781,-0.12644264390225987,-0.12907456982280255,-0.9158412908585801,-0.1435682975402344,-0.05480922764610032,-1.1749181110998528,-0.19134707961544775,-0.015829543145358067,-0.894904253414807,-0.1775226359462528,-0.024987999139254858,-0.7047747015958521,-0.14936788330191242,fist
0.0,0.0,0.0,0.2490197379684111,-0.19719862771002172,-0.005348301160722733,0.4278077193076469,-0.5564257267031225,-0.02703299960676206,0.46421706499957777,-0.895910015452809,-0.06656444944431396,0.3501576964425609,-1.0680740067056145,-0.09382585672859367,0.23777096940720388,-0.9926628432981907,0.0512356541001954,0.3045214579713596,-1.2817355786526863,0.018403337824163504,0.31045818284868226,-0.9516687677505629,0.03392184169898205,0.2719104211810277,-0.7194462705308827,0.04176019589655145,0.09963671474025909,-0.9949972528373885,-0.00727818121630876,0.16399020974954734,-1.2829821080182773,-0.09300698480340813,0.17192202548029004,-0.8842176215130414,-0.10702985263632699,0.12905158842584136,-0.6737251701948128,-0.0894103355078543,-0.04895306252797147,-0.9531867520647768,-0.07457666825074277,0.040652567709037815,-1.2375920848515187,-0.16542448978949995,0.066230242837194,-0.8531862516367289,-0.1616529819131298,0.02200806830850841,-0.6436766011571565,-0.1328096139333921,-0.20996280511154725,-0.8757654312816422,-0.14583017171289345,-0.0978801127695948,-1.1190928568454468,-0.18779417072969776,-0.04900946540629057,-0.8484592268482866,-0.17395751770780496,-0.07772805972413013,-0.6644253915042896,-0.15137922338204327,fist
0.0,0.0,0.0,0.21834732854717712,-0.1952797053769418,-0.0077381781569079615,0.3745344570753689,-0.5511798189202833,-0.03935105510728203,0.4023029188857049,-0.8512533831192544,-0.08891208164613536,0.30150564429251436,-0.9917878085203006,-0.12533014987070237,0.18157890409678276,-1.0015917019570495,0.03896864603815799,0.26947278849324435,-1.2335941937915602,-0.0025009625795074804,0.27150869433801417,-0.8961681892889535,0.00478117781199034,0.2189616861429014,-0.6904787586584178,0.006725193999180913,0.052378247924940495,-0.9984035621725434,-0.02113826354006027,0.14084072654520016,-1.2192059388996959,-0.10740771671130198,0.14675711557112658,-0.8129896875083279,-0.12009311966826196,0.09136350026309024,-0.6553640845524327,-0.1044599443361232,-0.08370308793991335,-0.9443533839335246,-0.09012622151707311,0.02548029321401542,-1.152608321732165,-0.17513492121842048,0.04701703755898657,-0.7673481840682577,-0.16519296971889766,-0.012211924453786199,-0.6062227488823524,-0.13607019420251773,-0.23175461735150132,-0.8529349676241227,-0.16399439252889259,-0.10238231719015929,-1.0275990889123765,-0.19663796992995267,-0.05639514356816842,-0.7612768264732871,-0.17776224028340104,-0.09711815024851007,-0.6190954211992951,-0.1544900924543849,fist
0.0,0.0,0.0,0.20180935713493228,-0.1847260494013338,0.0033259162066389017,0.33979357165139074,-0.5257604834375406,-0.03880875977586998,0.3699040426809973,-0.7939134444194986,-0.10172915648743057,0.3054191083784159,-0.9475589849989057,-0.15033275025766887,0.15026090443740636,-1.0011771282955972,0.02755867585723848,0.25787773680789705,-1.1983013054139737,-0.02453463169323198,0.2581697977587054,-0.8710319371010985,-0.02678814189103311,0.21108647246832962,-0.696247188446575,-0.03220946226638906,0.02698945864596157,-0.9987694866839844,-0.04160602830129039,0.16038063941325173,-1.1602001053533169,-0.1402542675180846,0.1589613427994005,-0.7539351455609198,-0.15373845494193214,0.09349807143803221,-0.6559754861087891,-0.13821595852024668,-0.09735112794325944,-0.9433180598343938,-0.11737187785284978,0.05391020424749969,-1.0741940746701122,-0.2002314796488549,0.060734520195861896,-0.6931591290327243,-0.18015148071256296,-0.01753940124516124,-0.5944696223236642,-0.14692718287744685,-0.23145641177079934,-0.8493847650990021,-0.19752251669168175,-0.06565171352937806,-0.9533316130186793,-0.21589639087286955,-0.04200173325199536,-0.6921087836325345,-0.18720567413725064,-0.11349283507698982,-0.6032182696599871,-0.1604708382069694,fist
0.0,0.0,0.0,0.18580642959653645,-0.21175928724696122,0.032668779989509934,0.28465114833324257,-0.5246969092842777,-0.002652147938369528,0.30920965149240376,-0.7591622283969778,-0.06560178807678213,0.28420547593266504,-0.9243831754178918,-0.11655363127366877,0.09179479078634176,-1.0060214736683217,0.05771454834472267,0.23182687337170388,-1.146584478620238,0.014266293140008376,0.2458667170180746,-0.8480873634391013,0.006265367037361204,0.1982645549110046,-0.6933313440288204,-0.005752932364699117,-0.01627413709300164,-0.9995834148462029,-0.023835461528595583,0.15369812897300247,-1.1008017578061298,-0.10773865540478011,0.16675509750004133,-0.7298346118614923,-0.12600032770813996,0.10364616429657929,-0.6424553738831669,-0.12126899820998352,-0.12131895908512952,-0.9374898052484402,-0.10870237690368649,0.0624644992860304,-0.9996876221715992,-0.17468637393242853,0.07587025996581774,-0.655447096529015,-0.1563712241393269,-0.0031316859943489993,-0.569904280055156,-0.13238253210166315,-0.22791781933835206,-0.8346441532517498,-0.19647979211907501,-0.04960745530403113,-0.8863440125638149,-0.20615611393086603,-0.02633537762054422,-0.6517344779561473,-0.17841587095183414,-0.09931807120809147,-0.582069787478222,-0.1570683432335492,fist
0.0,0.0,0.0,0.17658707562295092,-0.21884307137641634,0.05963524628459287,0.2576302351648514,-0.5229950074431982,0.037473677315592896,0.278448683495595,-0.7392217767517342,-0.014625151987909854,0.27165790963741854,-0.8911632956257179,-0.05623414697027536,0.05507908433192834,-1.005890334831573,0.07407707900636709,0.22155933726736232,-1.0907949789972273,0.037870166604397834,0.23215703034368887,-0.8251343530896976,0.03126643613595487,0.18226198693653417,-0.6945534444165347,0.020262203505179047,-0.04105784857722186,-0.9990483786229405,-0.014716325665166436,0.16188890144632695,-1.0345896646936412,-0.0870519309601724,0.16985414109471467,-0.7040620119970139,-0.09649797340650566,0.10215320540018959,-0.6357803912560556,-0.08889862208539263,-0.1245814423270495,-0.9307197225023522,-0.10368401906287432,0.08045767273977407,-0.92827682929348,-0.15744131783013718,0.08861465522345265,-0.6200459108962083,-0.12718475949890007,0.008468878342108592,-0.5540588745916916,-0.09767853688079327,-0.20007791925853505,-0.8186799203916618,-0.19404380555036746,-0.01719552366028848,-0.8084277354636171,-0.19473804120586166,-0.0027768334911659727,-0.5928579336385481,-0.15957908129087384,-0.07815228435302282,-0.5433232401699993,-0.13343672725944353,fist
0.0,0.0,0.0,0.17680986369896526,-0.23296581940298347,0.06203394780614426,0.2641540991274549,-0.5238888543942609,0.04038098856302864,0.29745083702895453,-0.7348185318415531,-0.010835405539859283,0.3029683339445376,-0.8953269450828296,-0.050732327392564794,0.06920897284638092,-1.0039051576618658,0.07123697539736827,0.25180063178157064,-1.0808660907953231,0.028771311609861967,0.2525421114502881,-0.8181856811620826,0.01858993324527393,0.19694547221682834,-0.6998153882654697,0.005725919263057034,-0.026698549728675948,-0.9994304103196466,-0.020640309365117456,0.19096027937413948,-1.030121028809859,-0.10717735938478491,0.18827137810712105,-0.7003217803985753,-0.11794723300513947,0.11360031182672749,-0.6386156677499554,-0.10777031272103889,-0.10830906375903489,-0.9346723634741874,-0.1128132960631942,0.10451295517161213,-0.9208809925404721,-0.18023233359394217,0.10740999675557945,-0.6144291377449969,-0.14955769480439624,0.02327927104702976,-0.5604271271231092,-0.11553122622151633,-0.18095316025163563,-0.8222344468716849,-0.2055546753919153,0.004044777521240211,-0.8079349591828701,-0.21599090202440027,0.016576635454670165,-0.595365166218904,-0.18348607551134472,-0.061425753785655374,-0.5564119915423976,-0.15636215046247207,fist
0.0,0.0,0.0,0.1887342162765567,-0.23925884937456504,0.07413904520746303,0.27003339015042027,-0.5257938786440486,0.05574834213524189,0.30139383345612125,-0.7204813054021767,0.008498479644035445,0.2953660856938721,-0.8564358499580473,-0.027971370153263928,0.036330842836747465,-1.012569829889347,0.06978333134376215,0.25000760345120027,-1.0524397901366802,0.03022551220257201,0.24901813924270658,-0.7984458455908282,0.020046202938561877,0.18872184537502146,-0.6948126203313191,0.0068811613203567535,-0.04270372835610908,-0.9987745074061016,-0.025017092960337814,0.21164148741904532,-0.9915349310791948,-0.1020952781957007,0.20427518731927083,-0.6883362974419789,-0.10743092469617652,0.12570166611219594,-0.6406754760707601,-0.09809088104255836,-0.09941006976404274,-0.9267126545213242,-0.1172663436889434,0.14660100479124102,-0.8836102504728873,-0.17391172721966988,0.1441478238296907,-0.6005101735439214,-0.1340862736296449,0.057567626443379045,-0.5595221540864231,-0.09796904975333333,-0.13531895050557294,-0.808699555691749,-0.20958804280912774,0.06660472595047774,-0.7687140990443698,-0.21360792308115584,0.06763806007870082,-0.5660504555536416,-0.17429454944574443,-0.016111383956351893,-0.5294745857007755,-0.14428628985961747,fist
0.0,0.0,0.0,0.19580958751854868,-0.22777298560932158,0.04086590370122199,0.28343927044501604,-0.5054056748974709,0.008554163137289265,0.3204497288179629,-0.696793588603031,-0.042579183415042805,0.31062387706463124,-0.8344047497970125,-0.08146340458147323,0.04345772380506469,-1.010221624436587,0.021577394868196296,0.272470338255622,-1.0154743439658767,-0.02787238807744637,0.27261136173935835,-0.7708477350203794,-0.0408652371054632,0.21176550317556497,-0.6711692568921991,-0.05428159664988853,-0.03001956362062027,-0.9979437673837763,-0.056630759662063115,0.24163411493500161,-0.9529782472364337,-0.13961267024118207,0.22811440022152848,-0.6619925994519303,-0.140799048027361,0.14677201427831416,-0.6213944509715402,-0.1300546440677305,-0.07873821306286423,-0.9170125986248192,-0.13390574010744036,0.18117262641236956,-0.8376880034327403,-0.19636357965797105,0.16964537495654444,-0.570545151467182,-0.15345509521292192,0.08030304692047482,-0.543313030469785,-0.11570430154159891,-0.10227231739118758,-0.7861850519764654,-0.21362140446270803,0.10634751109327203,-0.7101201051961842,-0.2246808571138255,0.0978532776375212,-0.5227685834726863,-0.18708622010359713,0.009048196393301492,-0.5046851583627482,-0.15759524127205432,fist
0.0,0.0,0.0,0.19920976880015984,-0.200515087395332,0.009486261521995493,0.2994607869087868,-0.4614942749532777,-0.04328826020589536,0.3487306908463984,-0.6531395809393299,-0.10958127061971626,0.3619778373830966,-0.780824476549304,-0.16257029598884806,0.09242412622147049,-1.0141842590898376,-0.031381566914200146,0.3288002368032243,-1.0065627726668962,-0.09154840139766432,0.3416032417105544,-0.76288151614008,-0.1076344615235827,0.2906748342202397,-0.6446994844698546,-0.12299827070957589,0.014055516428124474,-0.9948265509769402,-0.10061091356937166,0.2872628546958959,-0.9182226612471179,-0.188771703057277,0.2779755359817923,-0.6484128458141267,-0.19106264913075435,0.2081795423122539,-0.6077847292441367,-0.18489522708544706,-0.03950461092481444,-0.8919398976522652,-0.1699402209543329,0.22064000399187098,-0.7610131898013511,-0.23635641127317408,0.202445657814126,-0.519375045005834,-0.19689697750324542,0.11976845256246582,-0.5064144220247905,-0.1645662728885493,-0.06617499450858862,-0.7370703016485597,-0.24436812792065274,0.14408360047151783,-0.6131339051699912,-0.260881984330317,0.1296963833328524,-0.44251906675174807,-0.22702562209670218,0.04725610716015007,-0.4420281416686538,-0.2019827455176954,fist
0.0,0.0,0.0,0.205909859322127,-0.20016029785834197,0.011003082353053174,0.30843614887302745,-0.4423627447557735,-0.047571702806624705,0.3605614848016712,-0.6287775895455168,-0.1209748924169767,0.37411685004453843,-0.7660783435457602,-0.18093908171079165,0.1336894821544067,-1.0092192250692844,-0.04417166308080911,0.35561493526975974,-0.9900112272800328,-0.109553476321089,0.3783437246871722,-0.7589966791403804,-0.12730827202872355,0.3417101497125781,-0.6279039395489663,-0.14330175422270086,0.05073450021417142,-0.9917736073094131,-0.11752064640943657,0.3077754051781571,-0.8797430256827073,-0.2078634819785187,0.2970802862901108,-0.6215407595036839,-0.20907842940799964,0.23347259405318108,-0.5797077467572048,-0.20407582579386568,-0.011544561457938309,-0.8836221665940319,-0.1908312506736926,0.2370822785267779,-0.7187393317635601,-0.2591001002756784,0.2132036363430673,-0.4890537118210228,-0.21743135575334083,0.13505898755440457,-0.4830284436413152,-0.1858547270894068,-0.04828528405872743,-0.7201784831205851,-0.2694328270418877,0.15326952031239144,-0.567628439275941,-0.2888697536713665,0.1331669390551753,-0.4084564737109061,-0.2542038257989283,0.053278462650186605,-0.42154753257359434,-0.22963023700911547,fist
0.0,0.0,0.0,0.20927808850925084,-0.196274480632627,0.009093507788188517,0.3181476256205573,-0.4311244543163681,-0.05210604684410607,0.37319529380682986,-0.6024054841162172,-0.12783510920128363,0.39318642348205185,-0.7178026498611858,-0.19113670438284427,0.1520528936613029,-1.0176812452280202,-0.05399520583148263,0.37322373980584317,-0.937909829230332,-0.12185079429451119,0.37527699725681185,-0.7187053491745862,-0.1468201436963843,0.3244624432308839,-0.6310988565271506,-0.1690698784118691,0.06381777356126801,-0.9896218399623335,-0.12874737141878936,0.3183063601201712,-0.8298431877225768,-0.21423704000142002,0.2973382608610873,-0.5997035996365514,-0.21744585548398154,0.23232730870639146,-0.5883112197449989,-0.2196019748324061,-0.002285776794439473,-0.866033294440044,-0.20321630271813787,0.24164516946170597,-0.6842882145867509,-0.2678162684382834,0.2182098409434863,-0.4792836277313243,-0.2245513116761,0.14645184732997407,-0.4876189850394878,-0.1961284068334305,-0.04297326391564526,-0.6897820787238451,-0.2833282454787594,0.1537334405654716,-0.5357259265518189,-0.30332990891129497,0.139317920867512,-0.392985456867862,-0.2664087011850561,0.0696905617056973,-0.412126798729555,-0.24231047409597178,fist
0.0,0.0,0.0,0.21346871796506595,-0.17990633000498818,0.007412804340229037,0.32500027694403916,-0.39938466962169733,-0.052233782107069304,0.38245008299774147,-0.5615582676926513,-0.12551039954734824,0.40781768200189084,-0.6794569771372463,-0.18725804427019396,0.17586147057078969,-1.0081658892353833,-0.05533423939563637,0.3854608009897743,-0.9121734699113985,-0.12211955298863875,0.3780630921172306,-0.6916375538652586,-0.14829236653456218,0.3232407161233496,-0.6121422035104208,-0.1719185983057594,0.084819547048372,-0.9881556057910682,-0.12788324042733493,0.32226709892515404,-0.8021451394750536,-0.21433417005251756,0.29959791281415377,-0.5713461515886548,-0.2198568862662725,0.23555144836169656,-0.5666694190474119,-0.22378321502108078,0.013253260008737526,-0.8702093485004108,-0.19993535557331488,0.24141832963636156,-0.6631822500307466,-0.26852142883987723,0.2163166499505179,-0.4584053945324841,-0.23014310257742562,0.1447214081125682,-0.47366680053674404,-0.20446261744165017,-0.03630408779251385,-0.697590234308175,-0.27703343746329995,0.14978946620562242,-0.5190131135395537,-0.30249221018856537,0.13485092072839466,-0.37285839449099034,-0.2697712060584581,0.06567345296915521,-0.3975201355522666,-0.24769297866557857,fist
0.0,0.0,0.0,0.22119524141424432,-0.17980803233756598,-0.01211248947967464,0.34661494684790467,-0.4003641290159982,-0.0796627295851123,0.4011623276434443,-0.5480139835507036,-0.1551388173679281,0.3999088384716827,-0.6262714274040098,-0.2183119914348366,0.20445035233659917,-1.0106400464818919,-0.09315162122342799,0.40915974087608714,-0.8556798641874905,-0.16922613218669702,0.385873821529345,-0.6199116150740615,-0.20071516567842068,0.32149692975860655,-0.5595681893950412,-0.22741338415749454,0.10140627807797677,-0.9822367707726944,-0.15788499899737396,0.3269743786639397,-0.7419896265597903,-0.24821817507956492,0.2970587728580429,-0.5061057728989732,-0.2503740680757321,0.23258248460990508,-0.515490831256174,-0.2550923983536968,0.014963270685594901,-0.8541850114674662,-0.22233869602747827,0.23268002594676362,-0.6251319805560226,-0.294183358406446,0.20769850814568172,-0.42853238771036267,-0.2516526992837714,0.13957794276350122,-0.4488477388563194,-0.22496144978659763,-0.050353200949597665,-0.6789617148791794,-0.2935336198417562,0.12749941561893302,-0.49031149689005177,-0.3184330476739052,0.11942662509694615,-0.34995039190138305,-0.2822703537356611,0.05723811569158369,-0.3757046245572182,-0.2592520628216811,fist
0.0,0.0,0.0,0.21736762929717718,-0.16677611231817166,-0.01859627791540792,0.34590317091455663,-0.37167783148791994,-0.09092256921570512,0.40365780501002063,-0.5121204827387927,-0.17054656658969797,0.42047866686312885,-0.5927442297248545,-0.23828497342368107,0.2311818495134516,-0.9981057853057049,-0.10527575573166609,0.41531711236189955,-0.8117781999460906,-0.18804524631165176,0.3879200647575507,-0.57814001153708,-0.22561548351483557,0.33034720442877313,-0.5243193485469733,-0.2563296581729203,0.12385269384937506,-0.9778368870539917,-0.16880613893698138,0.32706160208390256,-0.6990991717677962,-0.26499702402331615,0.2919376554279447,-0.4702283202768082,-0.2713994457636566,0.23183363691006617,-0.489022614253579,-0.28042506026142716,0.028417070949597965,-0.8543711828142958,-0.23298120365953143,0.22730824175458153,-0.5860579635105799,-0.3101982553253061,0.19918693166770624,-0.3985795675549945,-0.27176323748532477,0.13662217886496178,-0.4320056241591991,-0.24887974190416004,-0.04970315996234001,-0.6835549263201657,-0.3042435039859149,0.11461426925264241,-0.4663070469627832,-0.3350213141136376,0.10650360387684639,-0.3318923302832684,-0.3032396947434438,0.05047010655880586,-0.37016347335857597,-0.2838905805419435,fist
0.0,0.0,0.0,0.22019367511579133,-0.15950336634781218,-0.024152959031840386,0.3613545548610173,-0.38780615085963394,-0.088768217091616,0.4249240470762409,-0.5449308948566423,-0.15763186198583667,0.43445434160527086,-0.6231389767988504,-0.21538403713233903,0.2366795993618609,-0.9805783762081647,-0.10510184520687761,0.40322036977331693,-0.7874170618383013,-0.1822034088183024,0.36685572032921154,-0.5626601229439389,-0.21559446127633183,0.30858447932716365,-0.5314521657600642,-0.24340814498099098,0.12550025793841346,-0.9790917126967915,-0.1600908597823576,0.30511873919209215,-0.6913236639203203,-0.2506719255671665,0.2708677553623147,-0.46678132133049177,-0.25394351298435514,0.21531489783183527,-0.4967635468316534,-0.26064451819778756,0.023123684414124053,-0.8674949588822746,-0.21573211803206488,0.19607407143840241,-0.5852100125730672,-0.2908548136278187,0.17316655402454528,-0.3984216979717486,-0.25478633849788507,0.1181549975110835,-0.4392124698232288,-0.23218633385802265,-0.06261382203011942,-0.7040541528370458,-0.27852860706751903,0.0815165561670036,-0.4754674650714673,-0.30895050466334273,0.07856443353665377,-0.33424287398056796,-0.2803123284094137,0.029567267322174646,-0.3748349528218118,-0.26186683852570547,fist
0.0,0.0,0.0,0.221790698083967,-0.1428876236495979,-0.029514553872656134,0.3659036758220054,-0.3666944473088698,-0.0927326443317013,0.4251462092399245,-0.5302249455428655,-0.16025558941111628,0.43499346505334546,-0.6183847097946188,-0.21748276360255975,0.24784685978758184,-0.966703167481753,-0.09592039163574088,0.3903420123319174,-0.7773444523499646,-0.17121858630422584,0.3499150763755336,-0.5512242100220802,-0.2059323540503994,0.29552229986243833,-0.5217316899164091,-0.2347895584136528,0.13109198247212642,-0.9803575437733666,-0.14735656923998658,0.2830325727815242,-0.6941675133111955,-0.23780369630016301,0.2523169096922308,-0.4619797983521468,-0.24628024300952575,0.20359471249540054,-0.4867883944143728,-0.25535735593898995,0.019699838379358663,-0.8807166177521739,-0.20066825369094524,0.16369482352390718,-0.5878696542152113,-0.27729342532784684,0.14572296356011263,-0.3929340302076457,-0.24858647558747873,0.09871477461658487,-0.42978490613935727,-0.2296513528347952,-0.07870739165794217,-0.7282131002569694,-0.26161324987734785,0.041075593706284955,-0.4913161340538287,-0.2932277019491217,0.04335021753581118,-0.33971736044839956,-0.26971398414615966,0.00322228325373121,-0.37471874770430047,-0.2541244137408321,fist
0.0,0.0,0.0,0.21586297271679422,-0.12543390331564772,-0.03947055868186027,0.37038717453710834,-0.36053396127337045,-0.10365097119197346,0.42619112016182875,-0.5370317484096279,-0.16842086446658477,0.41579472176763127,-0.6273709829551463,-0.22127300428449767,0.26538020995836303,-0.9488114021399985,-0.11080973081078622,0.38448411712028985,-0.7601974189482259,-0.18936423903807406,0.33684169868546554,-0.5169287040501608,-0.21796576768622583,0.2857807686186121,-0.48652867038843867,-0.24101459575971254,0.13816356347031092,-0.97793959017561,-0.1566683366106394,0.2674838937544455,-0.7003535530132596,-0.2503572679646789,0.23243628133726418,-0.43994410321274635,-0.2478474175636854,0.18696039035603126,-0.46699926537919617,-0.24599610147002096,0.014510875523400368,-0.8910324137879696,-0.2059036431488305,0.13375921105866168,-0.6065582228655008,-0.2892709111713906,0.11663202268206221,-0.3820179364407822,-0.25457334403774723,0.07745455324542859,-0.42025926964376614,-0.22711349214326465,-0.09554660056461965,-0.7498621327007144,-0.2632346158071663,0.0045569290712083885,-0.5066502520990671,-0.29816214285610987,0.006541647888409322,-0.33413290278361496,-0.2726152793966561,-0.02727761038038601,-0.3734964587069068,-0.2525772176198314,fist
0.0,0.0,0.0,0.21693082648061035,-0.11545149064483716,-0.04606494523052388,0.38142775575931265,-0.33699898304077597,-0.10875228425355524,0.4427588973203689,-0.5144473608705779,-0.16931955530026294,0.4153990335490242,-0.6103647134845506,-0.21723900757574724,0.2728651768414995,-0.9457826025178916,-0.11566905204260751,0.3878936805081555,-0.7511728165046786,-0.19470109424943977,0.3399720246353959,-0.5034285449040241,-0.22406952397497307,0.29120543179322683,-0.47297514165410603,-0.24779508549636192,0.14665546505142973,-0.9765615159723964,-0.157542883343689,0.2647577017458543,-0.6911733735888302,-0.2510832674260372,0.22911397139813708,-0.42804954848632565,-0.24895674420593022,0.1875818143357743,-0.45691262854492554,-0.24802643728560478,0.020238252172038926,-0.8940807144061967,-0.2034947176872965,0.12958914857162046,-0.601744033545802,-0.2897675731436966,0.11196462201494227,-0.3763161359712558,-0.2569365921323194,0.07776945874205046,-0.4097008939402777,-0.2303208961232133,-0.09428534254713888,-0.7601278210371158,-0.25813042336210856,-0.006771524803929692,-0.5099995164312187,-0.2973870940285473,-0.0015870048330679895,-0.3348949365128781,-0.2745148431462142,-0.02695989790352294,-0.3690215549481681,-0.2555795650807814,fist
0.0,0.0,0.0,0.21448390241106982,-0.11234559390850554,-0.053391369878224494,0.3841408913510211,-0.33635234471369696,-0.11832920288207868,0.44650361706985026,-0.5135147421087134,-0.17845343818416354,0.41384391149605027,-0.6020419280058914,-0.22456185430510442,0.2801631583791915,-0.9417522402698976,-0.1271750616399987,0.3830560999184321,-0.7547765210621887,-0.20913180684050164,0.332064820992817,-0.5006409354589819,-0.23672895912455957,0.2893036909786083,-0.485186677581254,-0.25837409923709864,0.1518110154017936,-0.9745160544855557,-0.16514192427297608,0.25686292278630013,-0.7056318820562653,-0.26354268099390177,0.2244028790335684,-0.43230257985322246,-0.25649277361643186,0.18928754952413848,-0.4795831587805693,-0.24900262068512405,0.02381933571209675,-0.8978415859249939,-0.2077787552688672,0.12135666071171086,-0.622311159030626,-0.29779444993469123,0.1049024444828289,-0.3893523019599943,-0.25956758627645965,0.07193134068422359,-0.4357892916547007,-0.22613100861699184,-0.09080912363327204,-0.7749764837628356,-0.25924652450197677,-0.014086723866310068,-0.5373082052771405,-0.297395693220802,-0.01469096630054029,-0.3627392469208868,-0.2711427406968741,-0.04611703600725326,-0.4118379131998116,-0.2484417224923806,fist
0.0,0.0,0.0,0.20887436924760983,-0.11249316341447729,-0.05799677736237806,0.37580575723960036,-0.3307706840127147,-0.12300032464876251,0.4349103482848582,-0.5084284984936528,-0.1837287811619408,0.4007475318682855,-0.5999950617461217,-0.23021375019402035,0.27341992932713977,-0.9444179503934258,-0.11603021361526936,0.3715807542392465,-0.7605922572469765,-0.19662121084129353,0.3203345933627411,-0.5058428891898831,-0.22541798606690913,0.27629607828584574,-0.4890725041407922,-0.24824282619822652,0.14603586976430563,-0.977430327608112,-0.15265470649174634,0.2454743150390702,-0.7141016323219297,-0.25119729144062913,0.21391616471878658,-0.43850066837712937,-0.24864411435193623,0.1787098105728033,-0.4863334214170526,-0.24328890088400157,0.019113555265139057,-0.9028661938783538,-0.1955885517888963,0.11158536711627519,-0.6357515151756358,-0.28811862952839096,0.09846033246940505,-0.398320185659611,-0.25578873006505803,0.06758313128075429,-0.4396717948992372,-0.22486197612045747,-0.09577271327626637,-0.7805468590825085,-0.24768516024707768,-0.022082032854982517,-0.5523223042369773,-0.28822746725251325,-0.0147593329443854,-0.3740960470358585,-0.2653979903080425,-0.039868644294471844,-0.41461853293891404,-0.24426719202832856,fist
0.0,0.0,0.0,0.212059564504985,-0.09837604475848344,-0.06272358272043173,0.39123484983882806,-0.31469241979438006,-0.1264491567443687,0.4542244419344159,-0.49697411833883526,-0.18435974879745057,0.4126583821075053,-0.5810299809400125,-0.22733663408881208,0.2967734159958465,-0.9281195329100674,-0.11997363254030169,0.3814916004333004,-0.747750004963025,-0.20022466510199394,0.32976282070455326,-0.49714764253332405,-0.22829372525012018,0.2890996644151958,-0.4887179981030786,-0.25065763588610646,0.16674911666441886,-0.9739771700060248,-0.1535030436137688,0.2479964045505185,-0.7093766046169955,-0.2492736463200451,0.2165892475058266,-0.43316590883345646,-0.24458774511973574,0.18504673746281816,-0.48869942833196806,-0.2383928694772517,0.0338144183729911,-0.9144442376372731,-0.19403583753079498,0.11126883050975779,-0.6394077703802921,-0.28555676101409333,0.10004536401592815,-0.40077506974688026,-0.25418774937422445,0.0741640550267649,-0.44880516373198326,-0.22422013646083294,-0.08982146703482195,-0.8105624620752974,-0.244213873728043,-0.025268609707909583,-0.5796221859590416,-0.28465179416863834,-0.01277332022379652,-0.3944982807807195,-0.2632636218391174,-0.030693458841675816,-0.43376282380926606,-0.24321608381838414,fist
0.0,0.0,0.0,0.20340478662663025,-0.09549268613348473,-0.07303702329529896,0.3840168943706505,-0.29633291694516134,-0.14233717148995323,0.4448971835781004,-0.4786731132160976,-0.20432029532871726,0.39596358998000425,-0.5721522685472307,-0.25042468932954737,0.2967644760306613,-0.9235920085173839,-0.12809538724617822,0.3755777224969752,-0.7318956030408755,-0.21179926367202934,0.31645206980024193,-0.48055843166257595,-0.24206809403339083,0.2777950155127988,-0.48102991562293856,-0.26600079273198923,0.1634516144944192,-0.973538335668053,-0.15970804207629832,0.2412536708955904,-0.7047685027566167,-0.2605913837847472,0.2058117009253736,-0.431639346846324,-0.2574537568117296,0.17817092802432524,-0.49377932759518817,-0.25150381856641163,0.02676520393144447,-0.9157452271194414,-0.1996133403733809,0.10165315606428998,-0.6404814280931027,-0.2956706342088536,0.08796005587718109,-0.4038843558754366,-0.26418475114633877,0.06572097448622316,-0.4536190194498365,-0.23294464273230187,-0.10040303414494336,-0.8108863505616691,-0.25004607186290506,-0.038010333054165124,-0.5858769587770789,-0.292828096307711,-0.02560398688808054,-0.40618024197836344,-0.2715938252338508,-0.04009805415233103,-0.44762205628747664,-0.2510001786179185,fist
0.0,0.0,0.0,0.20040375446983627,-0.07888659146703914,-0.08582034641164413,0.39178671789036407,-0.27038900718745384,-0.15371883511896778,0.45864792196360077,-0.4646395573591659,-0.20984144203197425,0.39053283451849496,-0.568532542012907,-0.24794997849810854,0.31588883759757946,-0.9094850430162073,-0.1342137141409469,0.37802221787851925,-0.7167925981279754,-0.21993316266269722,0.3157705348823807,-0.4693965387994667,-0.24629520359311027,0.2818704320082792,-0.47738531632175407,-0.2657211207987977,0.1815120022403503,-0.9705265268586336,-0.1585295988338351,0.23727699687105072,-0.7148577425898205,-0.26055075915534387,0.2003795086836827,-0.4287856830534017,-0.24974994072385803,0.1819063097884468,-0.5027163104213603,-0.23503227824384132,0.04051021483198659,-0.9301863460528205,-0.19387317510914265,0.09479276775323849,-0.6737393974577082,-0.2962344688003106,0.08059518783699106,-0.42105733871687007,-0.26098446610594045,0.06556457705250159,-0.4714304676362156,-0.22216492457353773,-0.0917554604989776,-0.8448580045308862,-0.24059989977788626,-0.05034282168665339,-0.6347801813856736,-0.2864099090384628,-0.03438156984311307,-0.44712866535575946,-0.2642844012076349,-0.03938236774503839,-0.48805116306006024,-0.23973870408478024,fist
0.0,0.0,0.0,0.20184443924221024,-0.07052538997004908,-0.08813748900239404,0.3990314319833047,-0.24797760255061366,-0.15861444518789253,0.47364242158851333,-0.43768545410386567,-0.2170589506050596,0.40894685382596013,-0.546967362073825,-0.2572573309694376,0.33262949763677546,-0.8942170744019304,-0.14220854032694813,0.3873514360202528,-0.6952084599368101,-0.2325505779866726,0.3228458863385501,-0.4452709927631723,-0.26206688683882573,0.2924013412704107,-0.4516963877346216,-0.283300458337963,0.1977008429675014,-0.9658984955708504,-0.16719585205353266,0.2430877476975587,-0.7003927268219045,-0.27401263922155794,0.20262338683557518,-0.4143484499367108,-0.2661859399901615,0.1878605004109534,-0.48887286637633764,-0.25381900019375714,0.053619580438298786,-0.9356385907133485,-0.20306942300671937,0.09807527003406548,-0.6699316263493844,-0.30894989397238426,0.08005550322922604,-0.41746571658826803,-0.2749503657967432,0.06859979608857694,-0.46765474307300764,-0.23729507217133,-0.08260503550381336,-0.8597398648132746,-0.2505311179734896,-0.05119774621915528,-0.6465893497604523,-0.2982222819170587,-0.03790154208451774,-0.4607915261971788,-0.2770953715104741,-0.039150051561360796,-0.5044566688716707,-0.2537058276603093,fist
0.0,0.0,0.0,0.200118444113101,-0.05995033760139028,-0.08707445106186262,0.39852748112806013,-0.2184300634930777,-0.1587189867980526,0.4800137277373045,-0.39922590991522255,-0.2193530264827915,0.42076012832389437,-0.5123242479833653,-0.26139843946998237,0.3531158738441329,-0.8777244381354448,-0.13729641397443912,0.40324869066936136,-0.6612861118039429,-0.22968900648004392,0.3308524788756713,-0.42075822639981425,-0.2622343615187629,0.3022698354888972,-0.4359357918832661,-0.2857754004035895,0.21934816451148256,-0.9616252830267228,-0.16481255343334278,0.25986157765221796,-0.6791084083831104,-0.27514242967811964,0.20741950800649936,-0.39864053994837223,-0.27078034038498294,0.1955136745904763,-0.481922836863848,-0.26036337012065625,0.07516816047786924,-0.9447555334242981,-0.20345630916438848,0.11363721655748166,-0.6666924366638466,-0.312475852172675,0.08673397213336412,-0.4143041526967177,-0.2799351198660947,0.07724706915977918,-0.4657841657452933,-0.24236556821388253,-0.06243720899846438,-0.8807015832953684,-0.2535066168248401,-0.03784089282096159,-0.6625642047857159,-0.30131462203397935,-0.028119207885942705,-0.47460021783087597,-0.2800390124689658,-0.026706500944283954,-0.5162736989979743,-0.2565124493396373,fist
0.0,0.0,0.0,0.20419006464174883,-0.04003602381758339,-0.09654622670562417,0.41418759557877644,-0.20723987476401085,-0.17068059576640082,0.48854905642387886,-0.39446476848643236,-0.23061338327402894,0.41095485097180734,-0.4959542227157717,-0.2716593082801899,0.3784887427276105,-0.8569521555549794,-0.1602954781351259,0.4188741822355102,-0.6512593220072017,-0.2580869767032651,0.345125389546291,-0.40883346042074775,-0.28848597939290027,0.31855983851858516,-0.41524222911990166,-0.3085167371807299,0.2398655365173546,-0.953495883981793,-0.182510557560433,0.2669516389870464,-0.6897662733212508,-0.29552792872418093,0.2148730055676158,-0.405770769112876,-0.28436034672041105,0.2062683735804333,-0.48182583525249173,-0.2678110270180212,0.08833743898621231,-0.9482836583559837,-0.2162479386974302,0.11024920167012307,-0.6847729196055469,-0.32634421688041104,0.08459334378412078,-0.43469909761524855,-0.2875647581313025,0.08179325547027233,-0.48984854073684275,-0.24529609469954855,-0.05741945441082076,-0.8986016831767311,-0.26244268466998183,-0.04257015353443432,-0.702426855096585,-0.31155715702692816,-0.03674028047090986,-0.5121929597138745,-0.2874237957450837,-0.03326982927907844,-0.5521049344666801,-0.26106139400387146,fist
0.0,0.0,0.0,0.21456696069194375,-0.016356445764885354,-0.11570634960894212,0.43255658095767946,-0.19572051037454302,-0.1974690185541571,0.4987111187504445,-0.37915636156434573,-0.2618933191395249,0.42303601451222617,-0.4671810932163406,-0.306989155123604,0.4215989394973051,-0.8265013773027009,-0.18888085725217577,0.42978971179834785,-0.6757646465992493,-0.2944853531047683,0.3550643653288781,-0.4088691646510651,-0.32305180011940315,0.3407792399738305,-0.4025866813748595,-0.34034040114995645,0.2755253728434309,-0.939461026315608,-0.20371236818983876,0.26868516230872935,-0.740866365911222,-0.32233434541575984,0.22279626970320146,-0.4207278099442105,-0.30433681329109913,0.23039122226274097,-0.4866313593649724,-0.2808924170309608,0.11752885900818558,-0.9543015467363143,-0.23300686195058573,0.11257883523963286,-0.7434308895777262,-0.348157300727836,0.09106713273652113,-0.466260432329656,-0.307342704452043,0.10251242461347364,-0.5189548857477329,-0.262800653209997,-0.034198054139859095,-0.932993189237246,-0.27640186301553626,-0.03811369485671379,-0.7507059985481641,-0.32835667813381575,-0.029560766325094558,-0.5360427516090843,-0.30548700082284447,-0.012049885105795627,-0.5699090790820525,-0.2799809183304224,fist
0.0,0.0,0.0,0.21121326143074398,0.0045064789947548865,-0.13299379129862704,0.43618878501730496,-0.18659453358902697,-0.21643085202768944,0.48873868656467007,-0.3948373821666391,-0.2800714393797065,0.39377109768036916,-0.5153978536593956,-0.3234498387640812,0.4332506803557806,-0.8141817263814131,-0.194281831421201,0.4302896288867891,-0.741776443234849,-0.30103663019326865,0.3515852758457479,-0.4497784323826252,-0.3214252111172131,0.343799458321218,-0.4215212085171498,-0.33171263022690217,0.28642410573898675,-0.9364701723906769,-0.20244709895228746,0.26870631629406105,-0.8394031218679928,-0.32625822546548516,0.21629055653163903,-0.4705849077778748,-0.30170031807987757,0.23249260088832008,-0.5079245008713668,-0.2671488477160216,0.12670781846622153,-0.9688505151540234,-0.2287615644709177,0.11121963673187957,-0.8551941786282529,-0.3531477739406487,0.0821056178910877,-0.5254389656192852,-0.3095240663346607,0.09865962745881496,-0.5451565522104619,-0.25682629487499975,-0.027078374443074957,-0.9644837719420516,-0.2706745219364013,-0.04650062078093458,-0.8406625705245803,-0.3298398967458774,-0.04196445934866027,-0.5913392284202764,-0.3073459176960457,-0.014880719234187831,-0.6027092002752601,-0.27805197761859884,fist
0.0,0.0,0.0,0.24121216329634357,0.019400650002533975,-0.1465398730706926,0.4897681097595699,-0.2647183645758982,-0.2229068433754275,0.5247440865198634,-0.5644136969926635,-0.28035355901451636,0.39491872560393904,-0.7140527407402584,-0.3157715577107298,0.4511661408349099,-0.8585728533241089,-0.16858791608475673,0.4559016477016607,-0.9406390324685557,-0.2729199281993634,0.3800339342359841,-0.6067734717980073,-0.27933215756939794,0.3866025685090737,-0.5553594326404508,-0.27950717620448007,0.2877816767240299,-0.9412554845854676,-0.17669125411202996,0.28943529466143725,-1.0504993229951594,-0.31194196043098044,0.22728884397005908,-0.5942796623143766,-0.2834163386715459,0.25497467979952665,-0.6044602897387277,-0.23144257127429438,0.11543871142138219,-0.9639586628300902,-0.20892350173189164,0.13203794829696175,-1.059304330583058,-0.3497185450652618,0.08869452602210835,-0.640377049733713,-0.3039210524333077,0.10119849408162095,-0.6142026117793101,-0.23612878736813142,-0.052939312160654776,-0.9696311124943091,-0.25829503222625705,-0.05275658167985827,-0.9756598556248139,-0.32343124781051624,-0.057964090669887065,-0.6743730955766485,-0.29769158451533767,-0.03545206709093855,-0.6548564891469782,-0.2597492726263543,fist
0.0,0.0,0.0,0.2541384289602336,0.009222334523683057,-0.12358209309959957,0.5119223062120851,-0.327898078670959,-0.18640071172627595,0.5458052103175967,-0.6732284174416275,-0.2362093261737523,0.41007193825575394,-0.8147263370388846,-0.2642209030299968,0.43904363253667267,-0.8830459159205845,-0.13105552496324063,0.4568993569625346,-1.0840045857591416,-0.21313912612483846,0.39516544320869224,-0.7268222528242894,-0.19949485643953868,0.3936624765624862,-0.6343781002947205,-0.18742693677650388,0.2688800695829551,-0.9521545929731581,-0.14527601061835438,0.2927937247000624,-1.1614201983944719,-0.26175780331234166,0.24301745213708767,-0.6835450248412273,-0.22580084090971364,0.25189367999159806,-0.6671366897157797,-0.16651819791141514,0.09786056543437183,-0.9660451741949008,-0.1810526282891162,0.12922283662952738,-1.1534960455221426,-0.3037004708915264,0.09991467409300767,-0.7048128728457455,-0.2546690630657122,0.0995071068905386,-0.6494821202329053,-0.18432253832726117,-0.07154569359583879,-0.9634668359773153,-0.23206482398460881,-0.04324055194180815,-1.0595575633663217,-0.28348105071135715,-0.044336702430758095,-0.7453395229089502,-0.252365998565611,-0.04099392536013874,-0.7006638487385465,-0.21073478004835602,fist
0.0,0.0,0.0,0.26837761372335045,-0.06390581608563563,-0.09651769336357076,0.5152850232869238,-0.4097139375343315,-0.1454555834392272,0.5721985019455997,-0.7636071960375201,-0.1870748516984556,0.44317135857542544,-0.9038583742626437,-0.20496885920094882,0.40656713878762935,-0.9220340072904768,-0.08419712444946476,0.4442498377378888,-1.2201659673116463,-0.1444768228600374,0.4010030208467658,-0.8301635326838344,-0.10994501201342366,0.3922800058352622,-0.7001485241284461,-0.08404517011806609,0.23511277824698204,-0.9661052385413677,-0.10659563578267182,0.2781510842286042,-1.267083390995068,-0.20724579771543788,0.24539351419163152,-0.7699820251345074,-0.1617789538132479,0.24474958707265135,-0.7190774629998404,-0.09353235477421815,0.070904943388275,-0.9598506519700485,-0.14880231316161718,0.11203986203852583,-1.2471005399659418,-0.26173493583123825,0.09953834293756329,-0.7748833277567738,-0.20782944925622757,0.09064521067721867,-0.6716853652802841,-0.13018501415237285,-0.09245366320136285,-0.9330412599328252,-0.2029434547173112,-0.05518156655128124,-1.1366367932510384,-0.24539101065175145,-0.04068036733658413,-0.8263135497213135,-0.20858733826587217,-0.04478157569924362,-0.7302405124259603,-0.16084150345495324,fist
0.0,0.0,0.0,0.2617334393611489,-0.09584373889617712,-0.0838727487304281,0.4987903921733156,-0.42636239703425366,-0.13569535058114313,0.5681101166330241,-0.7771613622734427,-0.18352331630328128,0.44655565227241517,-0.9452030910397192,-0.21005146600508476,0.37909987602385764,-0.9260606157783454,-0.08610625232336655,0.4187017123568801,-1.2460952594703254,-0.14515182705269708,0.3853071205816673,-0.865435573436113,-0.1122474528722219,0.36272784742999653,-0.7179228713793806,-0.08825911069618048,0.2115278168094255,-0.9705778035574202,-0.1150421225355802,0.2545089798999227,-1.279276145562565,-0.21533061515509627,0.23477247528248832,-0.7960797484118799,-0.17607336414365848,0.22288814529338527,-0.7226451632847131,-0.11513066852724681,0.05084203083135662,-0.9606978396943253,-0.16054962335508396,0.08786309938271404,-1.251323442229701,-0.27203192456780584,0.09292092128408135,-0.7996139816050917,-0.2248672312577649,0.07908945482644462,-0.675166521837864,-0.15537322196564335,-0.1128253116372071,-0.9224483860477323,-0.21616201477823263,-0.07057654327716993,-1.1402550448556468,-0.26090468016349505,-0.04167828285040585,-0.8407551025438894,-0.22798725876812378,-0.04674479786430111,-0.7238254947856982,-0.18475225981025922,fist
0.0,0.0,0.0,0.25506360575154313,-0.1166175026730518,-0.08063246508979036,0.49010815398967467,-0.45279068463115735,-0.13947669324926806,0.5711728021026323,-0.8095304624141701,-0.19726002027159092,0.48043789930568015,-1.0123195615963048,-0.23437564803885144,0.34743479215271816,-0.9456662387280115,-0.07210081492435307,0.38607392670387153,-1.2681294120245563,-0.13045177766589716,0.3618390555290107,-0.9038504809731838,-0.10168460241409968,0.3371682966167344,-0.7278068689283388,-0.08125544668041873,0.17658847171661343,-0.9787657028107571,-0.10408741834705523,0.2239520576153823,-1.28218033846957,-0.20420521561954733,0.21236694079554308,-0.8195702476241574,-0.17634538391668353,0.19530899774412291,-0.7278270804826436,-0.12491571422939443,0.011265019372447138,-0.9629461436077297,-0.15204963456620568,0.0624088964643041,-1.2499448574551755,-0.26009976680427743,0.07283586687121273,-0.8229314534563011,-0.22110105530884422,0.051278296103618615,-0.6867601242878998,-0.16025895001129703,-0.1601044272267308,-0.9165640356562519,-0.20962722379403226,-0.10022842813713115,-1.1327007965986775,-0.25439234652295784,-0.06561401065416647,-0.8435976459765172,-0.22408434464630408,-0.07605181737633526,-0.7151597932130437,-0.18388007785867916,fist
0.0,0.0,0.0,0.24973166982666747,-0.09389874635258263,-0.09004500430127829,0.4901767026536061,-0.455034372791364,-0.15061446629813913,0.5746365620720431,-0.8386435511495354,-0.20648656868091425,0.48693682404920224,-1.0692853933992543,-0.23985335980798006,0.3433209225125663,-0.9498018372674735,-0.08718536229558552,0.38980830848786097,-1.278398242322709,-0.14999818901360432,0.3663139512081886,-0.9002521570112791,-0.11517540131371744,0.3425115618612027,-0.7311672774455497,-0.08946094310286594,0.16960557434143714,-0.9787115420144542,-0.11557528576646488,0.2222466590659915,-1.2895512199185006,-0.2217682447732458,0.21093059134045186,-0.8030665172745445,-0.18258121270328195,0.1924904446836495,-0.7333338549122842,-0.11950539706104708,0.0018888735863569664,-0.9612461603377663,-0.16182819161776366,0.057196889962115575,-1.254901936243876,-0.27900036537018535,0.06841819732847375,-0.8050089828378164,-0.23206714591193586,0.04377319594444782,-0.6846884174665823,-0.1609948211517427,-0.17027791005182477,-0.9178807506176625,-0.21790430891265788,-0.11199103235922757,-1.121303227792277,-0.26860763259691384,-0.07849348898848453,-0.8214492961560583,-0.23659770811037045,-0.09268159947687529,-0.7169985331488167,-0.19140265002839768,fist
0.0,0.0,0.0,0.25510981065077143,-0.1031270455469601,-0.07434126327304166,0.48780376611737575,-0.4734685505340725,-0.13156224260867827,0.5706696487238488,-0.8570837523171736,-0.18818040891228,0.5136134367733932,-1.1217448156668282,-0.22501919452605063,0.346324189351561,-0.957366227146112,-0.06739174950608262,0.3963528231341411,-1.2648043470401682,-0.12099717211112324,0.37178396717715906,-0.8878378339511185,-0.08698215363397345,0.3404501943138112,-0.7299646423782941,-0.06421039485684736,0.17749993211948153,-0.9788933352099186,-0.10129951815868046,0.2306939119877505,-1.2827945895246609,-0.1978995551969608,0.22000985708651555,-0.8094171367786187,-0.16300656517500756,0.18989092276248581,-0.7282714800421423,-0.10631832364984391,0.011148726111798322,-0.9538129301355349,-0.15098132490178487,0.06616985697261941,-1.2209254180463798,-0.2558270407696421,0.07629318928201186,-0.7776994000288505,-0.21216697602388712,0.043236653342369466,-0.6728961068543915,-0.14850973861197703,-0.1622329577281004,-0.9077604610798533,-0.20902648851895048,-0.0937256088390027,-1.1059186893351223,-0.2549492882099059,-0.06298783781697287,-0.7995423298670759,-0.22436870315900015,-0.08550916829152581,-0.7021940737120197,-0.18281782707016545,fist
0.0,0.0,0.0,0.2569326513766138,-0.12072130959248734,-0.07430780984242585,0.4794627054792227,-0.45998932774572354,-0.13558518680860884,0.5736606087381121,-0.8232603183636725,-0.19752400755936597,0.5430244569235683,-1.1181393825047523,-0.23984086148605382,0.34379056989883566,-0.9623210850057268,-0.05221113260004183,0.3953470151864235,-1.2514807673372954,-0.1030980428764683,0.36788295246906094,-0.8838701038544489,-0.07317310577556004,0.3323287673607686,-0.7309582913340921,-0.05469218468972568,0.17846519680135642,-0.9801142928659399,-0.0867532503745596,0.23221881485538856,-1.2734737433312169,-0.18394250509661428,0.2196300152463668,-0.8119344812597564,-0.1573642768792295,0.18843866129465361,-0.7315675692760637,-0.10696656686260066,0.01513167553376342,-0.9523845066574272,-0.13748964294624078,0.06781941530725759,-1.2185012112753286,-0.2449416244447068,0.07886210051494398,-0.7824926526837365,-0.20966366761966765,0.04646197923556552,-0.6819271741935279,-0.151718950869728,-0.15526858650318304,-0.8998080221821142,-0.1956851914507978,-0.08886994432785092,-1.099574311170247,-0.24485158763284715,-0.056404884333654134,-0.7956625582922721,-0.2188893819114542,-0.07930950916041957,-0.6955526057868918,-0.1808284311012744,fist
0.0,0.0,0.0,0.26135774731836997,-0.11882032142384463,-0.06876845477272826,0.4705534061493166,-0.48881808767066576,-0.1316588101847478,0.5496690608602917,-0.8673564002896915,-0.199144805778719,0.5498570919851388,-1.1667053087450756,-0.24936115286301885,0.3381862096542107,-0.9616206722495959,-0.05087583699162236,0.391602878261629,-1.259180406991511,-0.1028860308365192,0.36407406630727934,-0.8913934454753548,-0.07471887389913508,0.3251112111622057,-0.7247750844769939,-0.05791624529744679,0.17484652147756363,-0.9804808656115006,-0.08992188886426938,0.23044437511677077,-1.2756180207716792,-0.18974503331377152,0.21904462841948252,-0.8152897663784021,-0.16828304320426027,0.18312013080645817,-0.7182834537930157,-0.12191837370841313,0.013513298084681175,-0.9496605496298515,-0.14417822946666523,0.06775871867157572,-1.2227349864152621,-0.25073335736412583,0.0808488268075413,-0.7861921896439178,-0.2192494312160136,0.04526381651240155,-0.6736915367656389,-0.1661259616521232,-0.15792887670711309,-0.8953924645770155,-0.20550443693420536,-0.08654636175890637,-1.0826129450339204,-0.25480482181227776,-0.05431173513538965,-0.777589286010922,-0.23094628927535543,-0.0804436245302084,-0.6792398939623415,-0.1959979376190574,fist
0.0,0.0,0.0,0.26742407956731507,-0.10681042218861057,-0.07146037120132087,0.47921712342651207,-0.5053090851685873,-0.12629989207380585,0.5467332363929507,-0.9134497482223742,-0.18393209689219037,0.5355830943469096,-1.212738839878377,-0.22426063394171022,0.3460960449377011,-0.9596203003399266,-0.05098600062734334,0.39253267543430653,-1.2730263687168994,-0.09635400826184311,0.36462652083560176,-0.9014388000961552,-0.062145813073376195,0.3301156690845231,-0.7285274617261331,-0.04097514712250252,0.1806014895125598,-0.9799608381972481,-0.08402283966631312,0.231141437404488,-1.2818011233707645,-0.17490077099770218,0.21946266201266637,-0.8212072995323795,-0.14934435274195965,0.18780832568164033,-0.7178184752026228,-0.10099527630234978,0.01794510346398411,-0.9522724061808552,-0.1322322629247251,0.06684800109136423,-1.2255715935552418,-0.22946766024795165,0.08014426573447864,-0.7870173212968619,-0.19636220958815023,0.04964876756756546,-0.6637564514520797,-0.14311116297020182,-0.15230545111550808,-0.9068157702986065,-0.18843766040324345,-0.09194696804257148,-1.0931897026728956,-0.23092295103530167,-0.057154607796394495,-0.7874377008363702,-0.20674793821793128,-0.07430755097205662,-0.6863330196692602,-0.17197567053428192,fist
0.0,0.0,0.0,0.26783315666990415,-0.11368836697986501,-0.0499662632218,0.4726787443941643,-0.5158393596998652,-0.10067680674867915,0.5371601791199792,-0.9249498552623102,-0.16109575441696009,0.5349909143752113,-1.2359439982003635,-0.20605978820934898,0.3421442307023258,-0.955409829218195,-0.027577927868528335,0.39455627851154756,-1.2828180712698511,-0.0696948808993491,0.3706504690960302,-0.9209830301461873,-0.03571200408825706,0.3324261274385721,-0.7268986920909053,-0.014682593060316593,0.18156658119258404,-0.9807366721198246,-0.07203566167786488,0.23585606995374137,-1.29604770507125,-0.16275710974263569,0.22336044718380485,-0.8524202665618081,-0.14189555729055223,0.18617245095334914,-0.7239846584036685,-0.09654124008878778,0.021257632149716783,-0.956949570687832,-0.12965960050619185,0.07460586552484151,-1.2377256071864327,-0.2227335610369126,0.08576602348012353,-0.8073332432609679,-0.1894815536690468,0.051689412959514076,-0.6651561967766282,-0.13775578638957767,-0.15111835438090254,-0.9105451360781649,-0.19411584842742924,-0.08003168595097504,-1.1087043729762371,-0.2334183769847282,-0.04772530823468058,-0.8058207057042218,-0.20687003202398072,-0.06868641773388424,-0.6899263486971862,-0.17157374334295952,fist
0.0,0.0,0.0,0.2731420320754987,-0.11521380273439157,-0.042842882930861734,0.4761667186739463,-0.5092722118729595,-0.09096865972421021,0.540568902469485,-0.9157117930077603,-0.15009195162042507,0.545862891325116,-1.2265033526559532,-0.19342215152786243,0.3461352100549184,-0.9529456861898203,-0.019435351126029718,0.4028667869059211,-1.2898046465724835,-0.05762928564241457,0.38021697833986706,-0.9310595523203069,-0.019007802019226885,0.3384318759930098,-0.7303328128555417,0.005286277205254204,0.1853512879759801,-0.9804140592949016,-0.06658192234036048,0.24690117761895322,-1.3087317455373846,-0.15549548191410878,0.23307648799952382,-0.862455710148218,-0.13025858685264163,0.19124053274721056,-0.7264105937119433,-0.08060168446036056,0.025431739416267966,-0.9587532390411471,-0.1264733102407996,0.08624262557425817,-1.2508027338111234,-0.2192214101785502,0.09653240889684293,-0.8171847921805753,-0.18361510892071728,0.05752105562085615,-0.6705605091800236,-0.1288665672367344,-0.1470483509175858,-0.9099112890740216,-0.19225020604209642,-0.06740414157332046,-1.1139039431055329,-0.23197460138784193,-0.03473429665595016,-0.8140178142071178,-0.20443440170064214,-0.0606729287709111,-0.6970566351520768,-0.16734774907837768,fist
0.0,0.0,0.0,0.27399417569910983,-0.1323013704476494,-0.034370152966566286,0.46248732576203755,-0.5428355709537207,-0.07692101828266791,0.5199127866558838,-0.943180138721043,-0.13390687122472508,0.5555294524792287,-1.2226284578699522,-0.17692981205931613,0.33162025251530175,-0.9601119218256671,-0.00042380283666624316,0.37939030368312515,-1.2948617325442213,-0.03396899561574783,0.36050380133512894,-0.941941062517735,0.00044541070221392365,0.3285596991633877,-0.7428266857367768,0.02049349890060505,0.17180300940135507,-0.9838393026901118,-0.05043741114363337,0.22775239379338633,-1.307808297288995,-0.13644013341488773,0.2192179992432001,-0.8767924531987121,-0.12076387789744836,0.18473414215210177,-0.7324031892836731,-0.07916260951255957,0.012662892074088774,-0.9584768832390415,-0.11235330000665236,0.06669143233158677,-1.250984056845357,-0.200154665093888,0.08113966810485303,-0.8319182219831526,-0.17068401045253556,0.04930760471901236,-0.6735227297335123,-0.12214996579994902,-0.1568258200767373,-0.9090172169203522,-0.1798203625502055,-0.08386109397827957,-1.1142178215893708,-0.2158250395160429,-0.05058206159155244,-0.8224349479953783,-0.1901414338478334,-0.07276473749294196,-0.6984864266072117,-0.15642892553133445,fist
0.0,0.0,0.0,0.27131861796026935,-0.1268523563658664,-0.03886518012497667,0.46069832296741575,-0.5431060489897445,-0.08515381427677852,0.5175886512501409,-0.9454545407344802,-0.14520410972161416,0.552900813017584,-1.2287782023849587,-0.19125474708923407,0.32555025301229534,-0.9658660560401702,-0.008909204348899706,0.3677468082992037,-1.3011577590473418,-0.04803597989510612,0.35274591643744185,-0.9453656840128742,-0.015370617190026557,0.32228808497654887,-0.7476384531872556,0.004447141525672711,0.16643815099161793,-0.9843059533287054,-0.058652469139490605,0.21829743672707777,-1.3128539317672363,-0.1496027051665755,0.21353359009619127,-0.8736492988544203,-0.13256843360862738,0.17867322095550522,-0.7317989290839708,-0.0885878293348563,0.00803389913629675,-0.9543289493669818,-0.12112749712840935,0.05763071752923292,-1.2460839875450533,-0.21305687008805704,0.07391552644304435,-0.82025291698549,-0.18084385243103376,0.040927781422625154,-0.6685950178553646,-0.12931828000284468,-0.16117695702036233,-0.9014824779695112,-0.1896538555841601,-0.08833622145781349,-1.111943252452195,-0.22854240653350735,-0.05480282107654659,-0.8146599495368015,-0.20157044929127754,-0.07886985184897924,-0.69354373257669,-0.16593277156200797,fist
0.0,0.0,0.0,0.27397083642809117,-0.1296349879358014,-0.042292835867354765,0.4675422369519076,-0.548725475555828,-0.08729940548093788,0.5269669707489284,-0.9640937870071761,-0.14514220490639904,0.5546642883185261,-1.2693554255861426,-0.18873608431065583,0.33188192409376693,-0.966695231713918,-0.0037225412518788275,0.36892470820870127,-1.314135664728637,-0.038238916282703775,0.35164102269286074,-0.9574975831631658,-0.0032879105208193887,0.3197019493369461,-0.7503499801581927,0.01747744584585524,0.17184582860345635,-0.9838393324568095,-0.050290745694712445,0.21624429959198646,-1.3189657791994802,-0.13786012620084329,0.2099229586856342,-0.8805438138455836,-0.12302391623061211,0.17615142352368043,-0.7281524546407288,-0.08100454546532503,0.012134755370303008,-0.9530551900988532,-0.10965155723395317,0.05475649713001487,-1.2457041664578463,-0.19940304626087235,0.07060899539580776,-0.8217355583515968,-0.1718518683752943,0.041157748288072886,-0.6617911682838042,-0.1237318941256234,-0.15838679119941146,-0.8961800950447485,-0.17522452845245134,-0.09243855923866434,-1.1093840558843773,-0.21340522296292594,-0.05647116053420025,-0.8119020517607315,-0.18962995885031259,-0.07448950274977295,-0.6819149352688514,-0.1562719530780917,fist
0.0,0.0,0.0,0.27966333844893154,-0.12158227484505287,-0.04764635118175923,0.48072208024555035,-0.5460920081962221,-0.09432763482647079,0.5469368804571513,-0.9672299296709713,-0.15326849496015935,0.5777138764302395,-1.2813359835240608,-0.19833997658600716,0.33223478875316625,-0.9687451465896327,-0.00043130467117201475,0.37396569497703014,-1.3054376825332434,-0.037424598781022875,0.35867354544005137,-0.9427290179623944,-0.00615943942936273,0.32542271025860325,-0.7476212323952998,0.012104231182437392,0.1739424750958586,-0.9837378866020658,-0.044763442910783616,0.2215274772885279,-1.3149087479207893,-0.13381629638873824,0.216500340190294,-0.8645352777132084,-0.12184605714075514,0.18177203416272328,-0.7214556549113654,-0.08180250432101867,0.015693665386561508,-0.9541784893621296,-0.10334127699301024,0.06176345066056989,-1.252851517658358,-0.19720559514752495,0.07827332688348865,-0.814857607668427,-0.17324819489531068,0.04779228570966261,-0.6551254412847474,-0.1268297302762248,-0.15362933019448224,-0.9038735947492619,-0.1686002298910083,-0.08578249216853152,-1.1169170344589379,-0.21073644256580717,-0.05027520956598941,-0.8069739245721252,-0.1896193702957474,-0.06853125749039199,-0.6740685956821454,-0.1577795504810159,fist
0.0,0.0,0.0,0.2658823232943293,-0.08111902823679461,-0.07782487012301725,0.47129499957094034,-0.5264004079384472,-0.1368881814712365,0.540327442364792,-0.9815470872856321,-0.1992634961046113,0.5562736725298743,-1.3410293687155272,-0.245559004093094,0.31972089845821183,-0.9725680463140223,-0.03442923480928332,0.3719196721336759,-1.2912319390143454,-0.08182948429955947,0.3639614416855665,-0.910695178252952,-0.04669241955479639,0.3268189675209617,-0.7435775845287982,-0.024242225019143304,0.15842522950027935,-0.9851338251861623,-0.06642870713677258,0.22453516940150497,-1.311334719737282,-0.16329372786289578,0.22527953226524947,-0.8176196575895699,-0.13494979388826076,0.18051442042355706,-0.7137949391654974,-0.07854301275242968,0.0009645505396124798,-0.957369195282217,-0.11668660972472787,0.06925722044509507,-1.2525672978730873,-0.22603510122884735,0.08808372572934911,-0.7767867120809493,-0.1902301950669564,0.040633347150865175,-0.6600620645774041,-0.1288272749132553,-0.16825118649973633,-0.9169842313702401,-0.17474717538110274,-0.08065491615525974,-1.1334847144480966,-0.22875969421894563,-0.050732735540545415,-0.789123254468624,-0.20271046925495936,-0.09205628384572478,-0.6773169622931041,-0.16175125024520645,fist
0.0,0.0,0.0,0.23451140650204771,-0.15739801132332618,-0.04516551012231512,0.41301582577611406,-0.5614678713851895,-0.08664554906458106,0.4546560814434799,-0.9683257952066466,-0.13799136617028976,0.3941112280238417,-1.2959414594116316,-0.17205223736166908,0.2570421764120409,-0.9958330016977277,0.021976071591447526,0.31631508611981796,-1.2933261619274183,-0.022606789668371794,0.31645918599098793,-0.9383043914962054,0.006295219552032947,0.274522156255023,-0.7617925432648671,0.025570701906253282,0.11372141715680208,-0.9932010674610706,-0.024880893754803915,0.18066783696689423,-1.31843754809153,-0.11750891642059028,0.18576917716633165,-0.8506425274178094,-0.09622697473468718,0.14102347969274542,-0.735971791571543,-0.044576397119362184,-0.03078298304732474,-0.9568449003199896,-0.0899358187917041,0.045239809021176025,-1.252057673689669,-0.19246462078857499,0.0688023135327413,-0.7974878474088608,-0.15676240599356653,0.019763822028501372,-0.6658217731158108,-0.09588136219953816,-0.19320299005843214,-0.894212902318729,-0.16200818199859784,-0.09537978151223425,-1.1275981286553296,-0.20959020581074314,-0.05475513559407125,-0.8123925859485144,-0.181237996267398,-0.09211961790828366,-0.6850538589411946,-0.13927791503117157,fist
0.0,0.0,0.0,0.22126339612859652,-0.16207563611190154,-0.027899738818111624,0.36939161664102,-0.5669999217622264,-0.07203518981321975,0.35082650676006494,-0.953947399957731,-0.13371420063010134,0.2659521992329402,-1.197087396895498,-0.17900375197816326,0.26966419937479663,-0.9845822425411085,0.020795402562070128,0.3428994399874084,-1.2899335076009104,-0.03315577970649978,0.3509850156958931,-0.9739432025212643,-0.011301624983859039,0.30967923192319635,-0.8121476985538133,0.004614942580893873,0.12123516080334112,-0.9918215649609083,-0.039899862950666165,0.19382290736676916,-1.3066927122161278,-0.13983998842966439,0.20348970940129155,-0.8460172698763577,-0.11922821914459238,0.15742815909798563,-0.7373282408805255,-0.06616297581144999,-0.016164173036146708,-0.9620754690208676,-0.11699887569965446,0.06430017165291707,-1.245537796491116,-0.22087796225304424,0.09818968120638356,-0.8014099642909065,-0.18180508899941158,0.04334459249838807,-0.6667877767909313,-0.11835842160900248,-0.17062963563310402,-0.8994360273897886,-0.20096703736161464,-0.06548687023459131,-1.1227496967268566,-0.24294081417716112,-0.02888065210409381,-0.8238070775410777,-0.20924730677970158,-0.07959977315071973,-0.700365751486245,-0.164964090907186,fist
0.0,0.0,0.0,0.2306605365932178,-0.1717407086041537,-0.028785898816882517,0.3805285935153825,-0.5701796566107199,-0.0715497499150283,0.3402586799403116,-0.9551268339893385,-0.1334038990882877,0.23599812037416637,-1.1662326955201092,-0.18003215043216234,0.30351468665833126,-0.9675490212768856,0.016295842268082218,0.37969024078639035,-1.3008837620318776,-0.03702514915251149,0.3820940310551793,-1.00613895310193,-0.015844213488002277,0.3388752026200643,-0.8263126077611895,-0.00021599498849732624,0.14915042295378772,-0.9878111233978873,-0.04453443413931988,0.22411765537460052,-1.3205141698449825,-0.1479226927629012,0.22633192474989744,-0.8813185268726803,-0.13527492961799867,0.1787469331242146,-0.7392826980987961,-0.0873625293077966,0.0057267064665230535,-0.9614682232473879,-0.12056954481104558,0.08404445154495996,-1.2449492661490138,-0.22511117243100387,0.11198845041401877,-0.8139115903606818,-0.19428123281528062,0.059779854650024805,-0.6538748050195361,-0.13681303847177437,-0.15623288426943577,-0.8933067314759269,-0.20414693572320733,-0.05047417716158185,-1.1209530793907303,-0.24706850366114916,-0.012703948403137632,-0.8332611191368224,-0.21886164536135624,-0.053450562470283666,-0.6942460316254364,-0.17914815013424223,fist
0.0,0.0,0.0,0.23687677775494895,-0.10221887890188423,-0.036878534640587116,0.42468643250034954,-0.5211355565392348,-0.07662657486675212,0.38237329603953807,-0.9377364407258483,-0.1307582792263599,0.23706549895646067,-1.1332874287736994,-0.16746697845508787,0.3372354418975032,-0.9473503192650314,-0.0008429597603703218,0.4254086090926541,-1.280648315241586,-0.052119779421313794,0.3997169561707629,-0.9294802126459583,-0.018213629378992447,0.34601448221927017,-0.7598883839823888,0.005730350754375913,0.17492521442100975,-0.9828696222659202,-0.05803839235032604,0.26565130961652783,-1.3126987304628308,-0.15390093854363424,0.24892261582145314,-0.8265861427603987,-0.12165814353843804,0.2006564546650884,-0.7183333771900988,-0.060372831592056996,0.02778056558841783,-0.9702426942274984,-0.13120340134844358,0.12234338617367908,-1.2761044694214194,-0.23230713458805938,0.13466205227703196,-0.7902771700277376,-0.18654367096095825,0.07642144346332749,-0.627625972402433,-0.1176281622518755,-0.13178463802922322,-0.9202370271958517,-0.21306988628695556,-0.015477734413939832,-1.1285753692828593,-0.24922002300149418,0.010423147240301408,-0.7964086621593836,-0.2108440079753841,-0.03603757243530141,-0.6562430635367537,-0.16326016027582602,fist
0.0,0.0,0.0,0.24711276584484512,-0.09863511181723288,-0.0304910661476897,0.4492145770606669,-0.5046330865394218,-0.0728370544376032,0.4080649460121657,-0.9098926532288645,-0.13260757735487494,0.25071432246447994,-1.0948721738203813,-0.17547227400158633,0.35984240975126647,-0.9296310476991444,0.002497150746301586,0.45423245429163495,-1.2568961361111823,-0.052962460002026646,0.4194876820883528,-0.8974822574633078,-0.024452291616305535,0.36322574135278485,-0.7298509118099111,-0.004415928027952527,0.19938107360149412,-0.97803701760109,-0.06075162295346754,0.2981082267856777,-1.3053256031745073,-0.16019009671415935,0.2713922139342299,-0.8184250843624038,-0.13239581892433416,0.22070857720131845,-0.702922905231762,-0.07540235054029124,0.051107754004884626,-0.9758698263741793,-0.1394522777464985,0.1562269139957431,-1.2895355107274244,-0.24202136286213774,0.15895920546290426,-0.8002538596831423,-0.1965786641200861,0.09605016442833594,-0.6230393071068665,-0.1291993936106407,-0.11118428363535711,-0.9337133224877772,-0.22686168562391965,0.016809427867814825,-1.1388578213743987,-0.26194741007702643,0.03725520373233437,-0.806239015087808,-0.22207941287228172,-0.012073256936259186,-0.6577569472287766,-0.17529179373303402,fist
0.0,0.0,0.0,0.2623458822472859,-0.08389205553885169,-0.02834333739993147,0.481253583977331,-0.4815636091795924,-0.06403889212372751,0.45477719454087706,-0.8988522611264358,-0.11679292316789083,0.29611109199359414,-1.080238744423025,-0.15225320855391022,0.3892579202617386,-0.9164632210009073,0.010389978244676747,0.49439546402371226,-1.2407150621228225,-0.04403971377792769,0.4443616389675889,-0.8674036102862711,-0.01662664233545224,0.37555923337100733,-0.707341537905602,0.0028695685405292354,0.232087396155113,-0.97133781355855,-0.051364116825217424,0.33666273101863825,-1.290602504688631,-0.14942332275103515,0.29523424638328905,-0.7990997747557143,-0.12521776416217795,0.23885393006387806,-0.6956290940765312,-0.07088261940919212,0.08337003265259645,-0.980591927500758,-0.12848368466702217,0.1888264293637719,-1.2903873448266279,-0.23044161726714227,0.1779737026807926,-0.7998992787622253,-0.18706933192809141,0.11124555410044483,-0.6314073668402606,-0.12060650984627865,-0.0783810380569235,-0.9586245403897531,-0.21446823738952714,0.04635067822059063,-1.1724971324281661,-0.24699074411780436,0.054075220308548604,-0.8367663216201497,-0.20675410413751416,-0.0017992792869013568,-0.6922474082111529,-0.16001429685541566,fist
0.0,0.0,0.0,0.26636276143116805,-0.05389168444493216,-0.03485509941967262,0.4934065460930395,-0.4548742408141595,-0.0699310605845641,0.46766361216592933,-0.8839147470082395,-0.12011453529495071,0.30876427441001814,-1.062000083694532,-0.15349108883697246,0.40006329979615646,-0.9071870449708959,4.6155537065386664e-05,0.4998260747313818,-1.2365811564689693,-0.05456330696300711,0.44993136179334053,-0.860008986984012,-0.024260030018942298,0.3835991788656434,-0.6945184296039372,-0.002554504113307503,0.24156787780720007,-0.9686486680137677,-0.058006020091699355,0.34547855696462126,-1.296729249723281,-0.15500286010896655,0.3034999770070065,-0.7954652295045646,-0.12643625732402386,0.248392393607105,-0.6833740507473637,-0.06923906522229809,0.09108139835652848,-0.9816492380275035,-0.13206403371783515,0.1964104700497007,-1.3002171748673743,-0.2362948087547306,0.1827347875090344,-0.7940807198232699,-0.19195233052041502,0.11633765128326876,-0.6173255195419513,-0.12411895634247086,-0.07347476900164678,-0.9615659461135015,-0.21538026529032375,0.05191897912422499,-1.1807373910495205,-0.2527580926582067,0.058168289944330764,-0.8338337453328526,-0.21425218721207198,0.002218992156062239,-0.6847261507417872,-0.16766341299974868,fist
0.0,0.0,0.0,0.2692781195138071,-0.05644617524911732,-0.026062160152277247,0.5020393802867368,-0.4455725817612532,-0.05643322813208441,0.4910282916330993,-0.8729747178700716,-0.10349603025030979,0.3353684887290941,-1.0630034786731504,-0.13344578997086015,0.41454740689846786,-0.901343239768226,0.016605042540556118,0.5208574503840229,-1.2245583246007998,-0.032009868277673104,0.468308538698606,-0.8534219770315837,0.0001342729929408558,0.39836389339827805,-0.6911925892659034,0.022554646433848503,0.25930261395198795,-0.9647828483835577,-0.044228835193509335,0.36718016035875484,-1.2875609608084502,-0.1357802293517777,0.320736943734152,-0.7938836495013226,-0.10735234020554439,0.26319894009403555,-0.6834010083208403,-0.05078022821623085,0.1096775298979257,-0.9818795444911588,-0.12047089502236422,0.22080484934092112,-1.2941818360262822,-0.21970930576220396,0.20284867149488878,-0.7973440745747205,-0.1753333717172467,0.13331180461362024,-0.6247299297369926,-0.10801399249584587,-0.05452780879492108,-0.9672405001229926,-0.2052761258849075,0.07586446303908796,-1.1864635173831481,-0.23823049776991578,0.08003826599042656,-0.8482905309030057,-0.1987277669278045,0.02146950028413599,-0.7027215364241396,-0.15196227813063484,fist
0.0,0.0,0.0,0.27502376134180684,-0.06654421945702178,-0.020484886693282755,0.5101567602255201,-0.44254337275237526,-0.04724328267450728,0.5012826522142265,-0.8664579113279535,-0.09239052113686402,0.34165234978636055,-1.051237045552177,-0.1203436951923263,0.42264037817920547,-0.8951072474584544,0.03094497105942073,0.5320976836492879,-1.2321771212942043,-0.01621337818603585,0.4797685603935168,-0.8658522336442958,0.014585682442279991,0.4082805339066934,-0.6928898791147173,0.036361814263852446,0.26879595535957806,-0.962657964677282,-0.03222355389655092,0.3785155324746086,-1.2959939043284008,-0.12358064752148692,0.3316687761115448,-0.8109571341047783,-0.1008254572329256,0.274505822014193,-0.6882285599409338,-0.048065181158979925,0.1186058148529661,-0.982584140505812,-0.11088157341179784,0.22905546673710533,-1.3037009978619922,-0.21034368088569882,0.2116241061293552,-0.8154246472017705,-0.17094472830241117,0.14478392134226845,-0.6306797457616258,-0.10687099722551523,-0.047189218978589804,-0.9684961368848213,-0.19779888173673746,0.0842607634155995,-1.2005159740384928,-0.23165175266876223,0.09071876465454541,-0.8671272026891115,-0.19431500523619943,0.035485919615417895,-0.7060635708963817,-0.1492475618436201,fist
0.0,0.0,0.0,0.28526266436531206,-0.0633799478623073,-0.027285988603158718,0.5275665317947211,-0.4233863334245874,-0.05211547894967386,0.5236343292744827,-0.8447595591492831,-0.09316668994248982,0.3558351331987536,-1.0172983703531964,-0.11641981146334311,0.44015424027532984,-0.8869868769568728,0.02832546083165633,0.5379928547635462,-1.2368271489875877,-0.01576120502938107,0.49327299035468,-0.876971960777169,0.016704064418334264,0.42967448263565217,-0.7028863564696265,0.039396693154051546,0.2852490043742673,-0.9579856178638079,-0.029942302342786165,0.38451964125703814,-1.3032527391670146,-0.11759417729886594,0.34680561127502413,-0.8249675713398358,-0.09428088318265573,0.2956297940396088,-0.7013510806133493,-0.041818038665966006,0.13362591612547656,-0.9802701522745317,-0.10453700031943361,0.2347845780450403,-1.3192800602287467,-0.20465639806735833,0.22641033392702997,-0.8399223152615708,-0.16953091964819325,0.16442812456018377,-0.6511058837482473,-0.10760736788995197,-0.033123201619035335,-0.9659384110816351,-0.1875761528429418,0.08917322507087358,-1.216652413585918,-0.22420786289722833,0.10553709081394044,-0.8961029121572213,-0.19192540359468138,0.0575236954269314,-0.732367831260352,-0.14988113971120604,fist
0.0,0.0,0.0,0.28348887277834367,-0.09078128941570693,-0.02586008143132387,0.5166194316229935,-0.4337884780927863,-0.05189170457623693,0.5246521110665822,-0.838136389383572,-0.09414271521682444,0.36841082986776347,-1.016005794282675,-0.1188332187156403,0.4338518695621086,-0.8920376982841103,0.03168615934971011,0.5313688620294761,-1.2217880969251418,-0.010294822828722752,0.488254820646686,-0.8705970042065232,0.020089917430013104,0.42808246162941704,-0.7114101763012153,0.040685291165589846,0.28260662037025003,-0.9588627632746488,-0.026752183615724175,0.37918894810127984,-1.29428506461927,-0.11205745486944904,0.3430247030211807,-0.8310673909777428,-0.09002562717142798,0.295151334684921,-0.7151626898769745,-0.040233829565281314,0.1343856017292762,-0.9745224167581633,-0.10140057282101175,0.2323282973215567,-1.3006498295473496,-0.20051720327030614,0.22394585381218154,-0.8391132715314378,-0.16703608381931156,0.164523082581641,-0.6619054905863749,-0.10732600055687239,-0.02756561705472539,-0.9545997196387395,-0.18413397210809465,0.09105851272793908,-1.1925296008793593,-0.22121479575016492,0.10520252192637876,-0.8785887732791884,-0.1897982286241475,0.05790111455868454,-0.7177012241391965,-0.14911806022716748,fist
0.0,0.0,0.0,0.28932896145649445,-0.08921823168095866,-0.02595595592692159,0.5277922017773364,-0.41211970742772486,-0.053987432945302304,0.5341309487054922,-0.8020503079705428,-0.09773036688294871,0.35643634717845823,-0.953134771761611,-0.12268831783827618,0.44309758097098706,-0.886733545369487,0.027220989025129986,0.5430462264143296,-1.207778878924667,-0.0196801330469451,0.491887899965598,-0.8498965802919227,0.008992789479080084,0.4292301329701087,-0.695271876797786,0.029225089237364898,0.2916792470149956,-0.9559622549328208,-0.03254787250375818,0.3937179119293434,-1.2842083698133082,-0.12306452004948798,0.3473645476177969,-0.817777261442468,-0.10073770465724054,0.29551028103451005,-0.71717924434941,-0.04963236198722428,0.14167853535167857,-0.9772725110232728,-0.10861220906912714,0.24517181863276932,-1.2986076040396806,-0.21210215332517626,0.22831182805330322,-0.8357558011564132,-0.1781385769495374,0.16443564839473268,-0.6741240929766653,-0.11647787678762275,-0.021023730551782638,-0.9634289940493261,-0.19265175843725238,0.10257730705566531,-1.1928800683414822,-0.22977275893311608,0.11270181308751864,-0.8775908582263466,-0.19740986103656685,0.06102204896547976,-0.7273911956472408,-0.15600987973802033,fist
0.0,0.0,0.0,0.27418481969698655,-0.10707617513665471,-0.010092075246610918,0.5091681482580257,-0.3944898133011213,-0.04200425366818959,0.5706610040173933,-0.7278927814959084,-0.09180505581412819,0.4358419599855781,-0.9038267281018337,-0.124783320612472,0.4101232675494054,-0.9023582930968097,0.012510807014987838,0.5230492922114685,-1.2133376685291297,-0.04138029814466851,0.4816612459066516,-0.866616324450948,-0.0184005706772816,0.4096043200123941,-0.7054380161093572,-0.0016341484446733214,0.27279597708870257,-0.9604137282675943,-0.056460653904812426,0.38142362905683563,-1.2802677198147563,-0.15921845045367358,0.3410074276348464,-0.8334018934890429,-0.13988746306502015,0.27804013230761887,-0.7143830261417008,-0.09144058204390386,0.1260751229761469,-0.9756252022808344,-0.13768273451182308,0.23966216057678605,-1.27932487569286,-0.24624190891229505,0.22621462271409093,-0.8412972548350043,-0.20773841626686015,0.16004957828509303,-0.6810431381435216,-0.14589622590101436,-0.03799291316939728,-0.9568904552061229,-0.2251726484913876,0.09117008818428847,-1.1746731386187017,-0.2677506841692943,0.10415731881511439,-0.8744935443517456,-0.23321152847087667,0.049808615263937,-0.729899072023044,-0.1905461551489553,fist
0.0,0.0,0.0,0.2816029933855662,-0.09527001641844203,-0.01747481376038778,0.5236486021042039,-0.3784074824253671,-0.05162577172450871,0.5804708694709807,-0.7166728254776298,-0.10220603684403244,0.43170838237566966,-0.8663817253528281,-0.13392155104470593,0.43275928827913845,-0.8863566918746262,0.0023316551664664432,0.5463822125126818,-1.2103118160608772,-0.053412769394523885,0.5006310043014658,-0.857606591142538,-0.027146237499850557,0.43935595696774604,-0.7037400853064278,-0.00799341990692335,0.2902722361458029,-0.9547859587972333,-0.06423224896080416,0.4031507422142661,-1.2728676033217106,-0.1663495999779062,0.35317824062740033,-0.8188030315642236,-0.14057914227525567,0.30077303234225417,-0.7325262882855929,-0.08733845775862324,0.14100075821494185,-0.9801706690746897,-0.14438738907937448,0.2577835189118371,-1.289039376082775,-0.25361925039159444,0.23456672314723417,-0.8469424449901227,-0.21184106904707975,0.17136376497136957,-0.6994215446807291,-0.1462900347045951,-0.02296293594976926,-0.9732540378653332,-0.23141495422272076,0.10259178094270795,-1.1828995324000495,-0.2706668681159663,0.11377483333656073,-0.8807491484835742,-0.23418109822411007,0.0648729413443502,-0.7454341128214882,-0.190232873096888,fist
0.0,0.0,0.0,0.273972917869364,-0.10151501415731325,-0.02070617839825662,0.5089955837366544,-0.3937375465937116,-0.055347260044896596,0.5641957555972877,-0.7270917711181016,-0.10467022759919659,0.41049305805782826,-0.8609398702017786,-0.13481742017345105,0.4150542847526983,-0.8936750992966392,-0.006316839771329014,0.5346921748805048,-1.1902441585375794,-0.06218631258141263,0.4784415469494204,-0.8325427434495197,-0.03655518136517457,0.4083957387021649,-0.6862536963065539,-0.018099544955347928,0.2749916583183931,-0.9588839036096302,-0.07015145938365788,0.3886989750186144,-1.2539975131612602,-0.16972492155741306,0.33387889505845786,-0.808394023298029,-0.14388957456984205,0.27967788916175784,-0.7340669778262682,-0.09257561164805116,0.1277233913640289,-0.9803960149521409,-0.14679733026137806,0.24576273983868882,-1.2615725911152251,-0.25174836342953466,0.21836539849609402,-0.8319319699588577,-0.2089176246185581,0.15527063857350024,-0.7010326803325316,-0.14465776470686775,-0.030681147051213456,-0.9726583944383894,-0.23069295393826922,0.09189564140224969,-1.160680739363192,-0.26524068124172756,0.09862505204439749,-0.8643398839295134,-0.22723688037188863,0.048931504953125295,-0.7441622087918051,-0.18383443960972623,fist
0.0,0.0,0.0,0.2699352711094338,-0.09714729065986084,-0.017453815326921585,0.50226699823356,-0.38457322501726554,-0.05435444143725589,0.5652214415164405,-0.7061085933112097,-0.10693065942151257,0.42749622672063614,-0.8394052454185128,-0.1399987826718366,0.41261692240765446,-0.8948218776811881,-0.0035918076080524697,0.5362300884713375,-1.182451903503814,-0.059743157143658535,0.47485581163562773,-0.8342111546464379,-0.03391865752395154,0.3971039967682455,-0.6851387505267391,-0.015065253413717086,0.27270975514540324,-0.9595820491998872,-0.06951014531619626,0.39262706415570187,-1.2485244793901613,-0.172190416986048,0.33272757643264034,-0.8151951112938347,-0.14676923014260054,0.27188499858341014,-0.7409689949970447,-0.09473540774632978,0.12494321558219419,-0.9795620360387697,-0.14750059388250225,0.25529386785143726,-1.2578867743310178,-0.254443549941073,0.2212007217464634,-0.8380170779555527,-0.21068368377061514,0.15040430452816023,-0.7114650688282852,-0.14502943986127256,-0.03382106528223378,-0.9664105991910172,-0.23217137471510194,0.09778831554608969,-1.1384313240597292,-0.26710553436546897,0.10027986020494253,-0.8503815163963044,-0.22783279612636623,0.04365422662652639,-0.739117364690451,-0.183047027928532,fist
0.0,0.0,0.0,0.2690053767555489,-0.08932780017879215,-0.021935570612650068,0.5042084845158663,-0.3820033062780485,-0.06110814775085881,0.5630025945235395,-0.7107554577419702,-0.11394331824218806,0.4191188870632144,-0.8415728379354579,-0.14629530669593432,0.4164309765454498,-0.8945983616362609,-0.012130777918331283,0.5384534132443175,-1.1757143286388656,-0.06752916405701566,0.4759803854760465,-0.8268763381641332,-0.03917056442382307,0.40132659569290435,-0.7000279026525092,-0.01866116974387879,0.27307361879011677,-0.959069871520474,-0.07493837643404679,0.38959598986981175,-1.2364781638558813,-0.17204740842661553,0.332351066035645,-0.7994621578953062,-0.13822389434493776,0.2770086450693239,-0.7540004379869027,-0.08124200710890889,0.1252961770190363,-0.9766233822517927,-0.15029531252370887,0.2497944113263019,-1.2478324720379077,-0.2522802685141037,0.21875514032717971,-0.8230098860468186,-0.20201187467996432,0.1508767972602,-0.7127849088342509,-0.132208938770946,-0.031293413233519134,-0.9614036050945572,-0.2327259253427458,0.09316082546450351,-1.1214296456858217,-0.26141170775609257,0.09527359785026619,-0.8305636126326319,-0.21776142717796754,0.03998623284188037,-0.730885292362024,-0.17015774785252966,fist
0.0,0.0,0.0,0.26654816824454036,-0.08963508173169125,-0.033114014848438296,0.4998684944007252,-0.37358863900174294,-0.07564081434035895,0.5611285038928693,-0.696514118446357,-0.12894356111520247,0.4278561767035031,-0.8319787343966341,-0.16161500072800902,0.41285621057533384,-0.9034466452291695,-0.02229718290380933,0.5273611016512869,-1.1785375059244094,-0.08047250856730487,0.4692081977080316,-0.8329386256011848,-0.05511670659092286,0.39645275797628426,-0.7091240499860687,-0.036634257111327825,0.2701564237583395,-0.9595579931379041,-0.07914508517439214,0.3796446049703677,-1.2254505224897632,-0.17931441853340455,0.32648975105191835,-0.7863566394285141,-0.14799216707715854,0.27242226136564807,-0.7479813474346142,-0.09246995966528426,0.1228681340348652,-0.9694947209721376,-0.1497394671421958,0.23400662049884768,-1.225731631754413,-0.2559826084263933,0.20948819773539837,-0.8078106077039187,-0.21088844150399785,0.14749887933638833,-0.7125804822633994,-0.1440515634709987,-0.03460830667980264,-0.9500632853887757,-0.22784367705673594,0.07662953736909918,-1.1046210364625426,-0.2625175809469484,0.08455415294092769,-0.8202986444504243,-0.2245814010112774,0.03549707239368527,-0.7318725748923013,-0.18009751079149744,fist
0.0,0.0,0.0,0.26805785653552033,-0.08013603078507042,-0.02812775359123822,0.5001428464236728,-0.38675268144051395,-0.06543471582193267,0.5500692826037074,-0.7179713090505959,-0.11487681979099959,0.4121767733951736,-0.8373879203050718,-0.14440366488059586,0.4038196867724986,-0.9083317589369718,-0.007610060673313846,0.5164303039403156,-1.1751259384232218,-0.06030454728613797,0.45774245087659143,-0.8372225230152821,-0.03516957075092268,0.386255213715473,-0.7217422744682999,-0.017462966647164346,0.26403102406222284,-0.9623591432061351,-0.06443972237841121,0.3777501278348936,-1.2130993467636435,-0.15407105527799408,0.32594806783074226,-0.7912715371210439,-0.12391245140474214,0.2708819050711459,-0.7639675298277357,-0.07184441173896398,0.11939863328819442,-0.9693619670268565,-0.13475325206264582,0.2413350594940615,-1.2124713937994624,-0.23017187353774227,0.21507597799578593,-0.8041437609785977,-0.18513338541916954,0.14795506690348742,-0.7185389488375743,-0.12121730053784667,-0.0325400029826354,-0.9507817968683661,-0.2128821878959857,0.09027224014833851,-1.089950509709128,-0.2397186810758154,0.09361788167988604,-0.8086709608489171,-0.1998109885471034,0.03717843427014177,-0.7291234474890874,-0.1560579395160181,fist
0.0,0.0,0.0,0.2683680508468715,-0.09667185371613428,-0.0262995156928366,0.4973112911659632,-0.3989609936127318,-0.05901123203622585,0.5508231445717624,-0.7254061669868171,-0.10122787421545439,0.40949837417896323,-0.8489781660257053,-0.12250437835445876,0.38733809895071386,-0.9207195428677478,-0.00960010697140185,0.5047003909677393,-1.1653749753520601,-0.052488227901909615,0.44720248431230175,-0.8367271092421112,-0.020609895675137248,0.3795051380545122,-0.7439129781753431,0.00018254859481422542,0.24723765377215384,-0.9669294854634419,-0.06261703201720334,0.36571366808815403,-1.1939952635948838,-0.14161660671021195,0.31780744247548165,-0.782511388695114,-0.10349442564054999,0.26412511340694017,-0.7737467766296033,-0.04786992554671055,0.1062223931502978,-0.9665327867008279,-0.12748361400713842,0.23000500600666146,-1.1843964468801662,-0.21333288326868674,0.2102962800736221,-0.7879211199941675,-0.163109334252553,0.14356715530389935,-0.7254579006084735,-0.09671219243936631,-0.037309529773335376,-0.9387402364045039,-0.1993865887325606,0.08222501687888092,-1.0819241838255746,-0.21836280727857646,0.09624973412218944,-0.8116809006885385,-0.17552644871449707,0.04324284100190986,-0.7433960879382777,-0.1299703538720365,fist
0.0,0.0,0.0,0.2612019791765922,-0.11273289905725029,-0.02720468555173794,0.48364815202522304,-0.40292681797570395,-0.06104938442047016,0.5407013502329469,-0.7315984622862997,-0.10429418177512242,0.4007414355172902,-0.8756403826750292,-0.12632136201464986,0.37493163154019227,-0.9308196490724565,-0.005551978224914768,0.48806085154717194,-1.1827560826999362,-0.04654603845271677,0.4381293061057709,-0.8515955027813867,-0.013395359210551827,0.3722369160397325,-0.7582317195305448,0.007463596065576547,0.23459007854821795,-0.9702991332277928,-0.05905139375268147,0.3435040364976799,-1.2142097061180408,-0.13812321425913288,0.3028585033622679,-0.7960990016523772,-0.09968268914417981,0.25058529397652257,-0.7781914792446329,-0.043586176255965406,0.09291184611394922,-0.9640538803387969,-0.12479543459148386,0.2085744946786136,-1.1951647214504226,-0.214426162031565,0.19569467559047538,-0.7921960801019714,-0.1658732445416267,0.13193772464677775,-0.7232526972405019,-0.09963807105802759,-0.05330878279073467,-0.9283574092343413,-0.1973053583993457,0.062799685130235,-1.0896737173561428,-0.2228870664888387,0.08111064735966546,-0.8126579427537742,-0.1824991614364156,0.03059924755089468,-0.7306391942900986,-0.13722194004209703,fist
0.0,0.0,0.0,0.25067181140535194,-0.12141924306728556,-0.022679424069578034,0.46593319770191516,-0.4271531914520108,-0.05532707345008592,0.52237551874733,-0.7551758212483587,-0.09834033954689993,0.3838940972896683,-0.8928311636967905,-0.12087361652389465,0.349218336822312,-0.9447212437245673,-0.0021597433796393625,0.4606214394369418,-1.1948778498040846,-0.046491198784606794,0.4179930611904753,-0.8633955211565242,-0.016441041796279032,0.35106304850911013,-0.7558185312479531,0.002971413091803517,0.21388530831323513,-0.9751056074814509,-0.0584987961071188,0.32026958924811344,-1.2168108147868804,-0.14043038873856156,0.28726878636376224,-0.7969880615279563,-0.10472419735925902,0.23285865209749487,-0.7689886834992246,-0.050317601887962735,0.07575052668050573,-0.9606681884387803,-0.12717096970880748,0.19208406214172147,-1.1963193009464161,-0.21945766397302674,0.18487086341560793,-0.7910100373151857,-0.17193464603521438,0.11840916027328818,-0.7125149185046027,-0.10642851883641127,-0.06674621145249654,-0.9171156174171744,-0.20226390183988,0.04876599941105294,-1.0748548909692728,-0.2303733066771333,0.06955974255025021,-0.7979674703101223,-0.19055972917241779,0.01645793590252512,-0.713810927875002,-0.14549537683514635,fist
0.0,0.0,0.0,0.24870112115449064,-0.12491113162797642,-0.02633995086692928,0.45941430240223347,-0.445129573333547,-0.05859473810675221,0.5042444444115959,-0.7827115500295863,-0.10067885378357719,0.36363848637362756,-0.9164353406957627,-0.12261366754069807,0.3394140353846602,-0.947821398756085,-0.002346687858686704,0.44699705097765535,-1.1896789433410317,-0.045866665523728714,0.40363980887544787,-0.8548308870957289,-0.016598583357395787,0.33759339534437544,-0.7500899519279886,0.0021417160863358396,0.2046347598449547,-0.9772447180412708,-0.05583328866934403,0.309053964022998,-1.211951016920946,-0.13482461676558935,0.27784341481673364,-0.7921678825036316,-0.10019791591056627,0.22382178953779217,-0.7645514585894367,-0.047561796248518515,0.06875823678271344,-0.9612954037928956,-0.12203555882058947,0.18320428293871435,-1.1896358062250947,-0.2110741873063957,0.17744864980787733,-0.7868692067626963,-0.16541167341101976,0.11099412532700835,-0.7083655765378689,-0.10229278192730203,-0.07031904970923539,-0.9181559618348798,-0.1951879267284049,0.04378248102450878,-1.0628429236425894,-0.22042582240530198,0.06367767837064617,-0.7882916743063658,-0.18171273224905954,0.010131512921040536,-0.7083911627684003,-0.13849272538333765,fist
0.0,0.0,0.0,0.24418341006317004,-0.13352328604951516,-0.019153196171190698,0.4502060272149421,-0.4593557450600097,-0.04990707909073772,0.4935831675314,-0.7880053761489718,-0.09199893518934389,0.3569267962803922,-0.9104557391975553,-0.1153784426789221,0.3209173213251276,-0.9574692412067086,-0.002240174698822003,0.42241354921193025,-1.198027212105373,-0.04759140465423038,0.3891743004687795,-0.8727366785319831,-0.02135938112402259,0.32453561883658616,-0.752999303446827,-0.003827029452305208,0.1871516391692488,-0.9805832012936941,-0.05857328142484005,0.2860026197722621,-1.2134126433036667,-0.1379487444276958,0.2621614713661854,-0.8006820203562187,-0.10604629760822439,0.2059534061318009,-0.7578507964006269,-0.055903346864295274,0.0514270435922699,-0.9594241637040468,-0.12656051219351871,0.1610858658389958,-1.180022264579122,-0.21379823285117727,0.16234174653219263,-0.7892604166476925,-0.16943841945469054,0.09744827592511264,-0.7047973463511861,-0.10891515477501272,-0.08792346375860693,-0.9123820950827048,-0.20108531587303102,0.021826046979386084,-1.0540647197385482,-0.22679413783131533,0.04828818205375386,-0.7886834130912096,-0.18892070455879256,-0.0014359973840173184,-0.7078533437094939,-0.14684074574524877,fist
0.0,0.0,0.0,0.24063349397841227,-0.11341343845251303,-0.015560031649910657,0.45652127796689485,-0.4310290392305669,-0.05144010043383253,0.5124080649926089,-0.7410877283749241,-0.0992327608032336,0.38910202740738126,-0.8878771447755572,-0.12821126015268988,0.3320520298998313,-0.9453371604425661,-0.006919585307170951,0.4380521359573201,-1.1509299277802265,-0.05841105663076958,0.39687925352188413,-0.8173309070695184,-0.03778302988346793,0.3349819209631023,-0.7097947426304928,-0.024107089504543096,0.1974514392669299,-0.978038243086062,-0.06673907545468609,0.30289805204466236,-1.1751634794851444,-0.1513349099836033,0.2697868471233332,-0.7520197412419898,-0.11994881638262156,0.21317466738127888,-0.7228095394644979,-0.07018823088204046,0.05918442418832703,-0.96767971422669,-0.13792396876356475,0.17844723292991557,-1.1505201178575177,-0.2236370259897054,0.16829069371740726,-0.7497370499956798,-0.1741989666768661,0.10000038883538752,-0.6880937662710979,-0.11254788708898054,-0.0818868110753174,-0.9369408464722633,-0.21565286460554173,0.035931251099321576,-1.0312956246778087,-0.23647419687652,0.04974703058967859,-0.7524764044333012,-0.19402391213182654,-0.0074164559462638795,-0.6952158795721641,-0.15039176670143367,fist
0.0,0.0,0.0,0.25169006274929834,-0.10312448833560138,-0.027648888924550637,0.479138668434537,-0.4044938962107065,-0.06706626799664313,0.5593259355686233,-0.7190528927447271,-0.1166007870626744,0.45466664358221065,-0.8773386409792514,-0.14760984409870728,0.36784398167402277,-0.9273624488248782,-0.02153467397831899,0.46774970949557404,-1.1690876666527326,-0.07161861956314809,0.4299884112084041,-0.8415063980290389,-0.04853996457585079,0.36937718267570313,-0.7060116025520368,-0.03375973997703423,0.22412823721630343,-0.9715521864617417,-0.07650400161900771,0.3225429671299484,-1.1965910489140954,-0.16316945700288554,0.2880131437065992,-0.7732126037802527,-0.13642599753765206,0.23459460447237376,-0.7152323909037455,-0.09050122527421368,0.0744093964881716,-0.9689661518244823,-0.14270456248280836,0.19035988581657579,-1.1646647824251672,-0.23205560372577944,0.17916068053468512,-0.7701009002281314,-0.19105881059655294,0.11430082915656109,-0.6893122122969401,-0.13540290639885635,-0.08419650762102392,-0.9414621285034672,-0.21544686998984142,0.03630299442152972,-1.0649996656597687,-0.24366586179886998,0.05720164592882461,-0.7949445259922239,-0.20888654597210254,0.0074168464902193264,-0.7226329972161073,-0.17041348449518057,fist
0.0,0.0,0.0,0.26087497532333853,-0.12820495189510836,-0.02551943488640171,0.48059957131627584,-0.4302993876653852,-0.05925981442484393,0.5541254628948314,-0.7458416836895507,-0.10422946250529248,0.4425335803575224,-0.8914308672554574,-0.13159481329615613,0.36153325806270037,-0.9340774997421435,-0.0015237961844184061,0.4590297753187644,-1.1638675900821693,-0.04399935750291756,0.4228523493858114,-0.8391112088194079,-0.021219352238787646,0.36412306946784506,-0.7088895474708456,-0.007666682489252774,0.2178419268630347,-0.9744179499396161,-0.05526783636144684,0.3135799018594684,-1.1945170657622357,-0.13674623494066937,0.2832598658846985,-0.7821382797661364,-0.11664252128702736,0.23044516089751643,-0.712855137486895,-0.07605332819835516,0.06918061630190428,-0.9640561998676821,-0.12035917927362359,0.178370625637818,-1.1579877644139331,-0.208535432988862,0.1722333632407362,-0.7713643387420579,-0.17619010459714038,0.11110805384120305,-0.682792329536691,-0.1257970605858597,-0.08623885188801966,-0.9255055975717746,-0.1916275557921572,0.03009854855807967,-1.0631767494751954,-0.22054970354640607,0.05290575222914285,-0.7999127884397251,-0.1912822154295614,0.005404449495452843,-0.7198304519185775,-0.15688596312655387,fist
0.0,0.0,0.0,0.2595694012358872,-0.09970957713758741,-0.032023740957789336,0.48762339424105927,-0.4168264024909524,-0.07214661936571606,0.5587720932169111,-0.7470499242796499,-0.12234906468816652,0.45598457812048526,-0.9350362265590985,-0.1552255235967339,0.36378078878018394,-0.9330661190181765,-0.017571791343293012,0.45304193645010254,-1.1685330019802722,-0.06496472467577631,0.40888873968269296,-0.8382459351229686,-0.04419245720980392,0.3506697788550952,-0.696905500654776,-0.031883476923127825,0.21724091584248928,-0.9736762573825307,-0.06899934994957402,0.3061341543983095,-1.1850852298673396,-0.1570462239513075,0.2669726121426254,-0.7692294677786379,-0.13951507060544527,0.21338833824764708,-0.6984745588554224,-0.09999339798319624,0.06692368836302039,-0.9651852054006488,-0.13109505969570978,0.17076295851053028,-1.145560197194381,-0.2201158618205448,0.1554464928351293,-0.7615577684363322,-0.1864160918564971,0.09479325088599742,-0.6818703586771441,-0.13650258459330636,-0.09086450337448179,-0.9316197322579186,-0.19986283068399566,0.02136750275058431,-1.0528321610380798,-0.22794101882128676,0.034945895071836,-0.7850860665371902,-0.1967560528378533,-0.01438154307247442,-0.7130352169598535,-0.1614482849074012,fist
0.0,0.0,0.0,0.25952591786918566,-0.10397487359117336,-0.02288421815043679,0.4863097399665114,-0.4248523430978909,-0.06032634763079087,0.5574060667047832,-0.7556346307957287,-0.10988167541632303,0.46291486205693577,-0.9560702167333027,-0.14270262375993742,0.3554589981148304,-0.9353987281180046,-0.009738789733944849,0.44503105627487927,-1.1826553133465572,-0.05427641195888031,0.40266342069272304,-0.8526305204350624,-0.030283348423997724,0.34153344265641494,-0.700829117857572,-0.015170986043078507,0.21030469730374846,-0.9755106700504816,-0.06442706659190965,0.2992089528210678,-1.2082832493292843,-0.1498469111826179,0.2626449515362961,-0.7933195713350379,-0.12938202533829296,0.20831351046147778,-0.7046308320111396,-0.08740382395759276,0.061358034126585,-0.9680485812587554,-0.12902481096715904,0.16359846995009486,-1.168689481439766,-0.21438006313364952,0.1511024627332454,-0.7795195211154933,-0.17657075976132702,0.09193274687831776,-0.6812675163843284,-0.1240200238914057,-0.0965680453618622,-0.9343349622915045,-0.19975708218293983,0.015588579576187388,-1.0718304679627229,-0.2260412771957192,0.03254422045028699,-0.8026564809770254,-0.19203821774902782,-0.013181928947832587,-0.7181898611623025,-0.1544332190521744,fist
0.0,0.0,0.0,0.24776933016172892,-0.11905834294196374,-0.02298466667093867,0.46810188755073556,-0.43356579236685505,-0.06628398964201378,0.545563009142624,-0.7501582820111096,-0.12354987175047467,0.464713211648784,-0.9551428544610204,-0.1643898039896209,0.33429666498234767,-0.9398142913413972,-0.0025074620300821787,0.4289650870308263,-1.1771702892959885,-0.05017323971788716,0.3934528296204619,-0.8433758941449971,-0.030773987995056814,0.3300288280522768,-0.6882462690888537,-0.018676495747025804,0.19543507961330817,-0.978884733978109,-0.059914833231396895,0.2853816257520493,-1.2207763741734965,-0.14638798926811233,0.252999302448665,-0.8049219863775381,-0.1294315135175838,0.19732967810284432,-0.7095397045644504,-0.09017520137104595,0.05027855885626064,-0.9733108875875139,-0.1282962542199214,0.1554963737471812,-1.198102694727392,-0.21498275354859153,0.14709104187549918,-0.8075012040034777,-0.17840318623396892,0.0871967401984351,-0.6966647646381782,-0.12701295749828007,-0.10730781846414919,-0.9366444346055015,-0.20304112645959266,0.0030219272109136843,-1.103235306928318,-0.2318347426078336,0.022107641307479813,-0.8349776836071217,-0.1977459157415537,-0.02399323023076117,-0.7367628373229761,-0.1600158888580565,fist
0.0,0.0,0.0,0.25661057183194724,-0.11620659736319107,-0.014835013534710272,0.4782064003336464,-0.4172268396808781,-0.05138928097493855,0.5649262291954634,-0.7352812097766619,-0.10408313681232464,0.49539578967888226,-0.9469830639789545,-0.14055788449929454,0.35304126579975476,-0.9281165181892559,0.017947371662158543,0.44750980717957506,-1.1947480362356577,-0.02391254716251127,0.40920075596464106,-0.8664490548635762,-0.0026961964626767924,0.3454942275593523,-0.6947494317564351,0.009671263641595998,0.21685399658288118,-0.9752976905282689,-0.042056379019789016,0.3045323584221819,-1.2343234914074706,-0.12777774408782244,0.26835497669487324,-0.8231484271449596,-0.117478915582786,0.2137989351699787,-0.7104150476146381,-0.08234296048637736,0.0705816874085346,-0.9773210636914841,-0.11275070358435942,0.17309067834354486,-1.2196862486053506,-0.2013695582226131,0.16132284611248118,-0.8304719108299726,-0.17398927755077725,0.10457678769252442,-0.7033198702625143,-0.12809044972455694,-0.08996081738269898,-0.946620381798634,-0.1886630703623857,0.017389682292168022,-1.1227093212379924,-0.2209044056030379,0.03542433550007093,-0.8526969687538294,-0.19310087140106721,-0.006601655530882888,-0.7392963512573968,-0.1594690334562791,fist
0.0,0.0,0.0,0.25841835091832277,-0.10428367141392787,-0.009818337333828774,0.4743817575575846,-0.4069350710645641,-0.042808147780332914,0.5535121630102408,-0.7256224319347745,-0.09300883715379946,0.4898284873108748,-0.9409354900141751,-0.12802532883139114,0.35759169304620775,-0.9218696432837016,0.0207043042117567,0.4559668190673164,-1.1849798504947724,-0.01919493323394917,0.4147865467719766,-0.8627680705616027,0.0034152584914841537,0.3475851681737814,-0.6893540262754541,0.01676620966545274,0.22161522665823535,-0.9742886326970708,-0.04059964914245647,0.3146644345247484,-1.2237936823591262,-0.12521907759399153,0.27409231089132385,-0.8161872187537627,-0.11453999884405085,0.21537076112287892,-0.7021510054075678,-0.07921144339858933,0.07506248080752716,-0.9793512772177946,-0.11168375415991315,0.1846346837290634,-1.2045426933708197,-0.19824630881416283,0.16801441623023342,-0.819636192906335,-0.1704943210870896,0.10634044071051474,-0.698719941026007,-0.1253059399833983,-0.0869415282072581,-0.9535594159838885,-0.18757256101949973,0.029065543502702063,-1.1125813921571965,-0.21955051312887136,0.04351665789184651,-0.843804085653758,-0.19190742520475418,-0.00263648619702117,-0.7380258438489068,-0.15869077456577943,fist
0.0,0.0,0.0,0.2546355090042102,-0.11492526984851156,-0.0008788210534867134,0.46145978049652775,-0.4203311530227136,-0.030285818097245783,0.5392359240747091,-0.738327474070146,-0.07906285103138597,0.4781864017889568,-0.9619454677168401,-0.11310183531977518,0.34983199006179005,-0.9216279545539444,0.034345141733804097,0.45143711435562256,-1.1946178768264561,-0.0030267209372488034,0.4126345365581502,-0.8744997606722992,0.020186496187001784,0.342075198543365,-0.6927463467619293,0.03407865778507921,0.21742654829353097,-0.9756049778677309,-0.030341444541493418,0.31176388853494086,-1.238298153659674,-0.11356393431829655,0.27368182185408196,-0.835367809608313,-0.10478056205788557,0.21233278675307157,-0.7077353849896473,-0.0706325388688317,0.0718771716943526,-0.9832578822648671,-0.10424684197226214,0.18350178306964116,-1.2221993966084794,-0.1895021770562434,0.16880408293288285,-0.8377189511467366,-0.1632036916066019,0.10570384022666458,-0.7033825713765472,-0.11930366228895245,-0.09026065064904758,-0.9593518093575709,-0.18219813185697772,0.028742103556688072,-1.1243334139161971,-0.213914813217662,0.04219849451633706,-0.8560226130016874,-0.1867190666229182,-0.007433435757297661,-0.7422960756412322,-0.15402021200693067,fist
0.0,0.0,0.0,0.2542908103992018,-0.12004367001805374,0.007972034578789972,0.45446189900024014,-0.4400981712283799,-0.017118229452659443,0.5234096391812177,-0.7676521580926657,-0.06226111270042775,0.46041339861168934,-0.9878883860200821,-0.09254790731425006,0.3408915295219582,-0.9267161108819011,0.034766569597711516,0.44128011345210855,-1.2088032824488057,-0.0006196035168823989,0.4060717594608336,-0.881821593376873,0.02811806605316937,0.34065763085314726,-0.7058657382238838,0.045982067751505415,0.20691785537553367,-0.9777932212858544,-0.033247519219050524,0.30214558966716726,-1.2455713115714875,-0.11273135483161782,0.2687029894445369,-0.8317382893108661,-0.09441178367849729,0.20890207821564657,-0.7155763319334297,-0.053438853218582445,0.061033934771095665,-0.9830647665962176,-0.10979070151530354,0.174486945796861,-1.2259390192069322,-0.19191890491623115,0.16378979298448432,-0.8316859221926117,-0.15789174796926841,0.10049711712055084,-0.7062598943014603,-0.10873087374213578,-0.09964591766713664,-0.9609013189221006,-0.1894992635147385,0.022661110633868418,-1.121407237717559,-0.21861023806514113,0.03705669117297102,-0.8456277323007677,-0.18683105363787042,-0.01513175935777877,-0.739059945307472,-0.15064543336943678,fist
0.0,0.0,0.0,0.2550105424008439,-0.13698757960470856,-0.0054986577198525375,0.45491783984977685,-0.47212571944658316,-0.030114060634238153,0.5184337106586083,-0.8212271236052994,-0.07167574547947726,0.4525156975881094,-1.038345818657131,-0.09810487059626402,0.32960288520520475,-0.9375202410667468,0.02592122487667336,0.41945681545616886,-1.2281664559941585,-0.00705747494612317,0.38396597745160793,-0.8902437248893174,0.024424505209477792,0.3269077347750956,-0.7118440856359869,0.043425647418169226,0.19201939114477695,-0.9807423446635187,-0.03567894068344076,0.2762954332954093,-1.2642344855067609,-0.11731733540608844,0.2455892028309552,-0.8441888512342791,-0.10030525669921304,0.19188809200214219,-0.7154443772946151,-0.059385621009291734,0.043113164662351613,-0.9753169829968202,-0.10671639050525168,0.14184057956834048,-1.2308470573821229,-0.19336055758745488,0.1360185776215294,-0.8286633537035245,-0.16341078787369945,0.08204902503969971,-0.6869702322549553,-0.11492114841320862,-0.12179837960549846,-0.9381222374991002,-0.18172943317376422,-0.01205227148200634,-1.125761949567728,-0.21654515686511028,0.013458996901190512,-0.8493136917025761,-0.19004239212927074,-0.02372030514605622,-0.7278854778906643,-0.15619075117529674,fist
0.0,0.0,0.0,0.2675024730882421,-0.1576203891787431,0.0002300790681912603,0.46588436283694334,-0.48204698790408396,-0.025190561165224466,0.5290673037895007,-0.8278297764206491,-0.06879338270592637,0.46337901427595407,-1.0501168930271865,-0.09677433365782856,0.33252632284342365,-0.9456771486752156,0.029169012134627227,0.41985352919172203,-1.2668425876923002,-0.0036463520876742956,0.3889487796116761,-0.9222960590605457,0.031393492363957644,0.32999326328743955,-0.7304416065247294,0.0532112200110069,0.1877237667413738,-0.981579863298459,-0.035506891829727015,0.27116756423705224,-1.2919787069899709,-0.122979300047069,0.24527188906306166,-0.8569215778416694,-0.10341909791286648,0.18865245954660304,-0.7168644672203197,-0.05714148272227012,0.032104810417341464,-0.9719479208760493,-0.10914925110421878,0.12966748468714687,-1.254469753251446,-0.20171833698290825,0.12954927607336317,-0.8435491503921757,-0.17005560743335163,0.07354435659455834,-0.6984204283895796,-0.11733235785588914,-0.1397561592297626,-0.9298129785136261,-0.185556133197786,-0.025295831991795525,-1.1476493598159618,-0.22353854551295513,0.0029773092460124773,-0.8636618404890862,-0.19573800468471683,-0.03886966345220851,-0.7342904390457571,-0.15919793717659428,fist
0.0,0.0,0.0,0.2897454061287391,-0.16651947188615687,-0.005643429479836158,0.48806040983916016,-0.4825829499893448,-0.02229013890246008,0.5466111285550334,-0.8424410804816038,-0.056580442039188425,0.4705236747997375,-1.0583733729868692,-0.07693441188459843,0.34029614630258315,-0.9374249071772908,0.04999969571111088,0.4244737779506388,-1.2795705963804378,0.0231341343701365,0.40562406883620383,-0.9477373520217902,0.05696742447607068,0.3585519995760817,-0.7394845175333427,0.0785295051339745,0.1947115266141497,-0.9808238294669142,-0.008486280306727701,0.27462906378254553,-1.3333291487240473,-0.09618001403083401,0.2596936415213427,-0.9197432275164626,-0.09070762952382116,0.20906795246502766,-0.7323671109621175,-0.05351221401640797,0.03639498180916561,-0.9748354789304108,-0.07730229684488459,0.1278990948240703,-1.305891079753714,-0.17888131562656126,0.13711272387860174,-0.9089756148500685,-0.16688348222734473,0.08935803323152008,-0.7123814374811851,-0.12436098935880928,-0.13841259819241616,-0.934480654382059,-0.14880587694824512,-0.032319782963914565,-1.1951880610050003,-0.19956121127800025,0.0040864737640922254,-0.9216282896700239,-0.18618172781689854,-0.027715705700182443,-0.7514857236322705,-0.15824979459078678,fist
0.0,0.0,0.0,0.33119712126167167,-0.16100422801916736,-0.0054576154665954045,0.542258309077477,-0.4374055213958377,-0.0171896182351144,0.5969636541999159,-0.802675696571353,-0.04662622654939508,0.4974096614892058,-1.0131800673867755,-0.06197264823488454,0.36944023100364737,-0.9177060920105188,0.06522793792574365,0.4516561862753133,-1.2918346925394626,0.041616379585845485,0.4412829521195136,-0.9687046056604631,0.07646476600143544,0.4009538518808915,-0.7236740266702472,0.09944837341381603,0.21352243742919916,-0.9768951467926882,0.00916629080844817,0.29731910138758977,-1.3681224719222136,-0.08574041799306634,0.28214524576865,-0.9585894917258514,-0.09110198445496269,0.22628613435632236,-0.7141006245939867,-0.05831703263459085,0.04066170954257432,-0.9881105666615668,-0.057012288969199354,0.13747397088491042,-1.3459593782314494,-0.17021303705737362,0.1408709988561279,-0.9420692052113058,-0.17269374194561457,0.08837500289026057,-0.7065190280111163,-0.13592710430362298,-0.15188479469680902,-0.963040473577847,-0.12510279839726426,-0.033276183626859746,-1.2613741370052296,-0.18832356552843163,0.005581794249581239,-0.9759450037409715,-0.18517332892187796,-0.027322832501225275,-0.7691256952227624,-0.16240695511002048,fist
0.0,0.0,0.0,0.3524621258362975,-0.14107156256107678,0.002108266166523398,0.5777624353456862,-0.40825070663088103,0.005027242865825315,0.638613258345679,-0.7778862171922348,-0.010363382669272257,0.5336176866100999,-1.003467038556908,-0.013052738084300365,0.3834097885632279,-0.9080176604236032,0.11461876054289752,0.4694365113315882,-1.2519726010348662,0.10575540217872491,0.47346053002784755,-0.9520179934306712,0.13987187170959686,0.4416529658217634,-0.7133471420647874,0.16183258878076867,0.22743028453141084,-0.9717599374663146,0.06291319109237024,0.3231801101694801,-1.3582760769552402,-0.01958295586870073,0.31557379653788553,-0.9699073348272177,-0.03538412014807415,0.25780389473748255,-0.6989382197255243,-0.00986642933513516,0.05361559500124241,-0.9896926035814162,-6.523372403946069e-05,0.16207541751145477,-1.3540095340192417,-0.10890188019463566,0.16621449786967468,-0.9553028233599834,-0.12497435988272264,0.11150840714450355,-0.6932162174038534,-0.09599097671321272,-0.14097047155111397,-0.9732574657815988,-0.06408187510343977,-0.011964607647286993,-1.2888265531109457,-0.13057746449964458,0.02761385702881676,-0.9980464255817094,-0.13549155304225774,-0.005381997465181562,-0.7618877799975664,-0.11710556674020661,fist
0.0,0.0,0.0,0.35608530034940433,-0.0907837627515988,0.004827241995695266,0.617698952302963,-0.3553078404259671,0.008409685181441594,0.6961136178836431,-0.7251184226763033,-0.0052406195848560275,0.5690409246214319,-0.9533053710585145,-0.005271596371091481,0.4058882188066418,-0.8951589719734586,0.10778506239042016,0.5025644523160994,-1.2481614171582174,0.09666274804967931,0.5049492737184449,-0.9587111020083798,0.13147625912443683,0.4616536999118012,-0.6961770909269452,0.15554326634043683,0.23982729355329493,-0.9691593759063305,0.05668291947097239,0.34034177932829873,-1.3613050019820494,-0.02619140890952008,0.33403673378897775,-0.9809640042483133,-0.041462928724515395,0.27309769051266086,-0.688118050995848,-0.014759423496452045,0.057890979485672865,-0.9994237981518944,-0.004260309974000651,0.16985114845136687,-1.366201590873344,-0.10788191305751546,0.1725187134102387,-0.9762944927151412,-0.11759400996727772,0.11447312445277955,-0.6968742761191481,-0.08493288633800142,-0.14665862454234135,-0.9918586260176108,-0.06694060152257651,-0.01421185199490554,-1.3273224849967624,-0.12840541883137752,0.02142741324897061,-1.042301366328452,-0.1279669414476859,-0.013826431456567768,-0.7918319854669101,-0.1055078048526528,fist
0.0,0.0,0.0,0.3576755230934569,-0.11076558847855277,0.004591879087268794,0.6162084206228521,-0.3887291186237477,0.015360466414885603,0.6839960685444567,-0.7715262880815731,0.008331929867013975,0.5420529262431515,-0.9807161229539995,0.013262402077609594,0.39722213465357237,-0.8953773089443365,0.12623752211054176,0.4863539361946689,-1.2403811615363887,0.12179100790155949,0.5012210987606415,-0.9671719767787275,0.15113858060693702,0.470019706804723,-0.7029289949942311,0.1706398336922401,0.22940508261413944,-0.9701653652148292,0.07843756885814306,0.32278483948537606,-1.3486389784059025,0.008570242025517462,0.32947228720027366,-0.9954082455135831,-0.01919655516253393,0.27650140122023437,-0.6937727680452586,-0.006037156057481474,0.04792571536788358,-0.9980505323026291,0.02016031975641484,0.15524737469350175,-1.3553943648003226,-0.07435777714664155,0.1663625853715613,-0.9901584075009614,-0.0998248902064979,0.11288122279701464,-0.6951696826487728,-0.08168138907736473,-0.1532135562535123,-0.9906181429263013,-0.040170914420280056,-0.027410447693041545,-1.3183471815026384,-0.09824255962345374,0.009298915203207692,-1.0516934833655638,-0.10636089128162649,-0.022467951325878782,-0.793523095732668,-0.09326792434461185,fist
0.0,0.0,0.0,0.3662384391501822,-0.10635980848234083,-0.029329984413204686,0.6411081436633879,-0.3986239059531809,-0.03294457745776911,0.7084616275442776,-0.7977618724112833,-0.05049178428037086,0.5574675669527467,-0.996814035079011,-0.05603974562273604,0.416730220959074,-0.8827026081909155,0.09253231695919242,0.5085811029488209,-1.2422247950932417,0.07358242198021125,0.509033062184691,-0.9794498302382763,0.09233347430205573,0.47687702507013047,-0.7038150725910683,0.10557882325445944,0.24193326145090518,-0.9687832472646819,0.054104499101507844,0.32843618915421763,-1.368060941578149,-0.03497130250708243,0.3282407426602328,-1.032488454092356,-0.08020262705193312,0.2814631342511607,-0.7115660009827223,-0.07773212320735554,0.055025519456658074,-0.9998856328476791,0.0031142754320603273,0.14741150738139358,-1.3848272492007432,-0.10715537025809627,0.15886970903186198,-1.025517241634341,-0.14699767928679383,0.11736294583348589,-0.6968586954362157,-0.1369433760127487,-0.14844644228047985,-0.9844379421712655,-0.052997166181438196,-0.044228178811007,-1.3393877506361935,-0.11923197548325584,-0.007037971322244791,-1.088066329836517,-0.13619396679218276,-0.02786552943724371,-0.810866275202176,-0.12977362277876606,fist
0.0,0.0,0.0,0.3221841550083228,-0.11723408608895905,-0.02386607392789946,0.5790189289121606,-0.40555222680422764,-0.03898749529124573,0.6517988763853618,-0.786908157218144,-0.0658743887264528,0.5287117086909475,-1.0182954536057285,-0.07829083766697971,0.37470561314921114,-0.9201021635034696,0.05575690985138011,0.43705128595716536,-1.2757161827769778,0.03684039882718351,0.4384823627919322,-0.9805390328326306,0.07070920882412099,0.4084284550481022,-0.7166404403765378,0.09287099111581958,0.2020922832211777,-0.9793040293783449,0.01105925430524599,0.27024622548409744,-1.3543759050138677,-0.07473735142128006,0.27019947201300915,-0.9615655359600224,-0.08381016885063086,0.22924359311633272,-0.6840181654804636,-0.055156094813179964,0.021691831041111106,-0.9869706279765349,-0.044678853263117296,0.10345976933343534,-1.3445855016805643,-0.1524923373707592,0.11339981612956448,-0.95430499692042,-0.15690482764830463,0.07394522516264514,-0.6848522862310916,-0.12200900344384243,-0.1782038479224973,-0.946618985116242,-0.10401493314647581,-0.07090155801712254,-1.2701267972195303,-0.1689156164165129,-0.036996879088807964,-0.9957580156671123,-0.16558224761579465,-0.06226656399355239,-0.758384980766487,-0.1414296208279123,fist
0.0,0.0,0.0,0.3248642530532974,-0.12109096685302098,-0.033070726737770284,0.5802167517151878,-0.43368695468815555,-0.040051967745555445,0.6392120680717119,-0.8353789963787895,-0.054199195556375916,0.4838762940159912,-1.0140173113087958,-0.05183634279226235,0.3760361911684556,-0.9236897011957912,0.04215877052935286,0.4360069584802329,-1.2649110835743493,0.023442129481165246,0.421592974907274,-0.9169162938610463,0.06727024520271199,0.3977909982772897,-0.6784217290139162,0.09589905207554128,0.2019271684662856,-0.9793971668816553,0.0025667371066160614,0.2709442016295297,-1.3451429131738668,-0.09103970185592661,0.25594516039756576,-0.910070799879468,-0.08747714441046014,0.21654342047867178,-0.6764836019522165,-0.04637910607817012,0.02143771711168652,-0.9772735003492026,-0.049016946017417934,0.10002843488424226,-1.3256381523517444,-0.17070907691434084,0.10511921213340582,-0.8898272269680693,-0.16809667736410305,0.06751188222714519,-0.6464943402172261,-0.12135198476786657,-0.17295122598836551,-0.9320462772932712,-0.10410447509510057,-0.07043656219603586,-1.2339953411378624,-0.17264467562054783,-0.038014604252716334,-0.9251229175665898,-0.16840298858257025,-0.06289392646533393,-0.7100978791174231,-0.14111139661257838,fist
0.0,0.0,0.0,0.32072154347634874,-0.14701193874226975,-0.023266837682331114,0.5767861026146175,-0.4901715900168302,-0.03814277905864904,0.6588015624150749,-0.8989377473544258,-0.06137684671750898,0.5680590942716042,-1.13720233000735,-0.06826627137614345,0.37605973856884417,-0.9445403635926068,0.025655113232863826,0.43102496371157645,-1.2732909616307864,0.008342102350308966,0.41788495653307567,-0.9120721513634189,0.05607392356245134,0.4030539415314967,-0.7100819134162333,0.08624438283204136,0.199750981538477,-0.9796435022003219,-0.0199532947430285,0.2644355507110538,-1.3279028997525375,-0.09980499051753304,0.25066008664202866,-0.8761931892854724,-0.07688515381271233,0.216754733269743,-0.6879514052568668,-0.026545982638316756,0.02369566017505186,-0.9672969900266527,-0.07606543884800757,0.0985292933773737,-1.3034052679828871,-0.17491774058037157,0.10267750653589111,-0.8580443795805497,-0.1462269176456947,0.06714134349497652,-0.6512865627377785,-0.08936577389758443,-0.16432472682251162,-0.9250499539682357,-0.13581312181560987,-0.06801213350480485,-1.21228968621864,-0.1840033517718475,-0.03910466366195312,-0.889631888500012,-0.16027949616049317,-0.0635413789220894,-0.6994361786945271,-0.12231939660308924,fist
0.0,0.0,0.0,0.2896932700609217,-0.12303580845827525,-0.04324191381643109,0.5379009999095128,-0.4600380451838368,-0.07421778197214815,0.6088611188157185,-0.8409149619881803,-0.1091942008976899,0.4899082758815456,-1.0608243280862533,-0.12658952221497322,0.36268793762189483,-0.9469782512221872,-0.02417288085122734,0.42502093936408614,-1.2679219112560487,-0.06445702324405517,0.40483398554371935,-0.9023644768846965,-0.023927937335387166,0.37594595074831183,-0.7068938960378839,0.004538779805566276,0.19581823795121245,-0.9784090639473905,-0.06611279203961055,0.2613416088583409,-1.3287067035935458,-0.16405384954735638,0.24548153798299693,-0.8636759652025635,-0.13447187716738918,0.20975919266362858,-0.6980886674906999,-0.07681777478471508,0.028343367466417635,-0.9655075455130882,-0.12016908272182736,0.10416388768982693,-1.2987130185936093,-0.23274722917695712,0.10764725687822242,-0.8470680984436845,-0.19285269268829128,0.06945392203387776,-0.6616987443916664,-0.12589739463635882,-0.14895468570738413,-0.9211667846545317,-0.18006614787108263,-0.0578308626346451,-1.1943454584976843,-0.23349453219502334,-0.029976145787395464,-0.8763118121538789,-0.20404692513903855,-0.057400676057280275,-0.7072280928163802,-0.1603320354442796,fist
0.0,0.0,0.0,0.2703135955665558,-0.073554035645087,-0.05781712030341956,0.5274365839877947,-0.45070296918813546,-0.09840767705911635,0.6012292728673332,-0.844817138135557,-0.13958390690294856,0.48585548183568206,-1.0457425697822955,-0.15995442234643906,0.3664368616761022,-0.9371363403271521,-0.053828258526932564,0.4353433631774943,-1.245912838179976,-0.10929080244386916,0.4024346925279784,-0.8634078027042195,-0.07062635499313623,0.3654204734541577,-0.7011481549927268,-0.042292932824972436,0.203851837735117,-0.974494019420908,-0.09383930074812903,0.27252060999135014,-1.2914645863196628,-0.19230475596604577,0.244205882106554,-0.7966849518983643,-0.14809589426479508,0.21230211581205963,-0.7080580109203066,-0.08140068888858071,0.04094737749580596,-0.9740718883126249,-0.14976140146465403,0.11400074294273249,-1.2856694574744625,-0.26076967308458193,0.11025264637622317,-0.8000627927554509,-0.206473933771543,0.07448264488422726,-0.6556503942274268,-0.130465064823423,-0.1265871930891093,-0.9540741200496855,-0.21412619859598017,-0.05413679665488995,-1.1677931074428307,-0.2592952996698368,-0.029757867161487,-0.8294300764430762,-0.2210445849247082,-0.05057098997597888,-0.705178860284325,-0.17188847005295027,fist
0.0,0.0,0.0,0.2596559389220841,-0.1520038015158011,-0.061219107695164796,0.4740447634385987,-0.4966959939773181,-0.11451121717319838,0.5338530425653738,-0.850094869871057,-0.17119130693155205,0.4334629359055315,-1.058307861166618,-0.20668378382295832,0.31813743511161185,-0.9761277042304177,-0.044539193179953696,0.35732905523572944,-1.2756392961163052,-0.10216781729164781,0.3465095529978622,-0.9139745725003997,-0.07386043779698401,0.3289518063809818,-0.7792678358964382,-0.05283442816787101,0.1439632888268054,-0.9857417139252369,-0.08710812188255201,0.18419578292135153,-1.2830280332792479,-0.18622012745035044,0.18723730702499902,-0.809326474622354,-0.15078893712710617,0.16900013466294087,-0.7547911207879192,-0.09105552025597488,-0.021273565497208075,-0.9525144170984639,-0.14653496338597227,0.023111164853737202,-1.2254595644284247,-0.24927892856772182,0.048841546598417496,-0.7969514337684038,-0.1965352091636947,0.027080111513262298,-0.7044166973509486,-0.12542413688785495,-0.18947483687050765,-0.8988288086579348,-0.21505278539095457,-0.13954851801562992,-1.1323676903483095,-0.25080760086264536,-0.09878910196179737,-0.8434585322274754,-0.21054610254339992,-0.11300402260271952,-0.7416464346593816,-0.16267407738474587,fist
0.0,0.0,0.0,0.25155212195039633,-0.1304893621390164,-0.06170185956849219,0.4692699439942179,-0.47272591186343055,-0.12438790626462648,0.5282806557589237,-0.8099883924884212,-0.19095949146043095,0.4437916936281107,-1.0104816392651788,-0.2389878830998562,0.3191444694141077,-0.9650385608842591,-0.07861637655080247,0.3523713174359461,-1.2226833210521812,-0.1468275005056026,0.3342575340781012,-0.8568390439415535,-0.12685943554080725,0.31405564430364785,-0.731932561739459,-0.11280152219934299,0.14329296208090228,-0.9816286562060926,-0.12598527030213127,0.18322775193207394,-1.2385717437644281,-0.23242755751432523,0.18075838376827183,-0.7634841229949173,-0.19981246472763692,0.155792609588293,-0.7128625286212277,-0.14651981095101077,-0.02553275947134972,-0.948234958983997,-0.18821797413163965,0.024249908063763016,-1.1712484689476466,-0.294398030646575,0.04490900994534626,-0.7366040373571495,-0.24397235196277967,0.0175416642449277,-0.6557520858024339,-0.17984633438309353,-0.1998521230624671,-0.8920960163954774,-0.25961280354459937,-0.13495684384761455,-1.0649554117356597,-0.3030355344035846,-0.09381334101177646,-0.76701649420832,-0.26701190497395555,-0.10921737256164811,-0.6820179247916542,-0.22498719676915918,fist
0.0,0.0,0.0,0.25595941238386477,-0.09789701715186935,-0.0662245590662613,0.4774059381519398,-0.4485516206105684,-0.12417709017143402,0.5350512202164441,-0.7815186417097654,-0.18250658080283524,0.463038505318297,-0.9742736655813088,-0.2220234692397042,0.33768835239232947,-0.9641916694827324,-0.08306632120347954,0.37530666532712004,-1.1800700614009,-0.1493691136025956,0.3553511093960839,-0.8159349673639121,-0.12934772614783568,0.34088888884049445,-0.7228688999591268,-0.11499475126285236,0.15839221781550228,-0.9795537285823764,-0.12404184034369081,0.20894905479595702,-1.2003030487425987,-0.22245499114988232,0.2070939236664374,-0.7252079643221204,-0.1824788739325808,0.18414513912809155,-0.7050897539498534,-0.12573020633995677,-0.012555826678486561,-0.9446412182204905,-0.18080344452591773,0.05275033448474481,-1.1287299360855187,-0.27870382680312006,0.07097956096965458,-0.7009690673029312,-0.22375546096258825,0.03941283150741929,-0.6488113172839589,-0.15804481979454627,-0.18173159869785455,-0.8969468737206474,-0.24717131280684207,-0.11167379996304494,-1.0098474331462959,-0.28333770513850476,-0.0764035787933378,-0.7157798100606428,-0.24565142473217408,-0.09733860785115217,-0.6657135156616208,-0.20323023162867326,fist
0.0,0.0,0.0,0.24993656451325344,-0.08616392146730258,-0.07521352295990669,0.47018601299076856,-0.423961923534855,-0.1296836918131345,0.5344308542252896,-0.7586748717160422,-0.18006291510196676,0.4797545004351984,-0.9788491688700448,-0.21062525533494592,0.34087954108132623,-0.9651371487644357,-0.0786406335767659,0.3820269828903563,-1.1209156325373515,-0.14156991344307376,0.3544926426297064,-0.7649052344474909,-0.12279704169538419,0.3427916317713127,-0.6956562188914339,-0.10987014579405745,0.17145632190670268,-0.978787909662015,-0.1121469463591739,0.22154108046759133,-1.1510916506131328,-0.20770209480641408,0.2118524178554956,-0.686661827303679,-0.16798186910550555,0.19153628689950047,-0.6843848593636771,-0.11163348205470923,0.0040971698179438805,-0.9422653706843673,-0.16287129666155228,0.06506163067492189,-1.0874426639703796,-0.26333625137779454,0.07669485470475745,-0.6696270809745385,-0.2106549225333702,0.04927617048986908,-0.638869267797357,-0.1447386756939641,-0.16058515572976478,-0.8994066880477434,-0.22309491443234783,-0.10079650344221588,-0.9828822341069079,-0.26466041686120584,-0.06655712527532705,-0.6940202967622383,-0.23069766753604287,-0.08103505285619693,-0.663919932134625,-0.18887551664239471,fist
0.0,0.0,0.0,0.25345908409433376,-0.08480895666969354,-0.0741068758692855,0.4810646082707453,-0.4135809034129946,-0.12949473952166135,0.5499260299912703,-0.7532880634626495,-0.1822217915415194,0.4949903986719839,-0.9822461853288497,-0.21578159538076264,0.3606225347728102,-0.9544141416609166,-0.07530467011409984,0.38895539195214146,-1.124729460928054,-0.1337678444605108,0.36114794414109025,-0.7764280549433327,-0.11388265019507009,0.3493998464867334,-0.6859585624168374,-0.10094139182390167,0.19028541066801155,-0.9756060017256136,-0.1094731559966509,0.22735311137564745,-1.1518323508246022,-0.2023752180174475,0.2166710086248628,-0.6968030675985215,-0.16684434407299817,0.20088692273880113,-0.671932295323657,-0.1145193078450967,0.021466252141822965,-0.9426266208600689,-0.15990823611544527,0.06607912443497857,-1.0873591090736832,-0.2584220020591018,0.07895060732563104,-0.675306288683973,-0.21055161784841545,0.06219018802845935,-0.6242672690740623,-0.14904725737890792,-0.14722713608073665,-0.8951499884078654,-0.2198072917290913,-0.0975293756450307,-0.9861665207016003,-0.26177078902708184,-0.061966732052108904,-0.698264515037914,-0.23038865612988205,-0.0660084767609562,-0.6521157099799162,-0.19091385397833271,fist
0.0,0.0,0.0,0.2608735710308961,-0.08000967317672855,-0.09353289116960989,0.49112751930637644,-0.44034910481660583,-0.14496117135772504,0.5547863887963159,-0.7928131545108694,-0.18669828128602095,0.47491390500516006,-0.9880892371490104,-0.20606125058955296,0.35782454245305245,-0.9702392697808591,-0.08714184035582716,0.36695746257283296,-1.1794948197958186,-0.14502746162444086,0.3518072999616917,-0.8031976236365509,-0.11719045089585707,0.362107546408645,-0.7247032100308972,-0.09760088164496576,0.18291949269966093,-0.9770380987308179,-0.10925654588612124,0.20221060368160615,-1.192749597812558,-0.19695443950017844,0.20397460089719202,-0.7101895837094333,-0.14758464931213805,0.2039674887598769,-0.7035902689273064,-0.08374414542720494,0.011014267601060697,-0.9391865552952718,-0.15158245422188696,0.044979963801594865,-1.1281717653169392,-0.252196538986602,0.06349398020114103,-0.690490460639427,-0.19676823719462389,0.05792498952212227,-0.6554676762400994,-0.12602542159204186,-0.1534838536456554,-0.9037299305197398,-0.20515269844277273,-0.12281818915920124,-1.023755108490805,-0.24640571512988885,-0.08679465217507418,-0.7207222847496765,-0.21182888981442716,-0.08462432732500201,-0.6812514199444492,-0.16824999366866555,fist
0.0,0.0,0.0,0.2553319395399293,-0.09474224149173296,-0.09230514521726473,0.47090364449741456,-0.45032239057894996,-0.14333469234515636,0.5335427269956885,-0.7829209438444902,-0.18604980116395525,0.47337204510523423,-0.959853968883543,-0.20751526444052776,0.3410182256970089,-0.9716264280261908,-0.07912023229368122,0.3412474760704232,-1.1414492979805946,-0.13247620646086522,0.3321777581722339,-0.7807954761554533,-0.11036634178258448,0.3491453022571474,-0.7245661662276565,-0.09620648438059683,0.168547476224021,-0.9806350627656742,-0.09973265229138487,0.18029241023959763,-1.152962342227011,-0.1780246359154769,0.1894618595913527,-0.6923278324663212,-0.13440588754398922,0.19349183983978688,-0.6956349953367384,-0.0794395284809127,-8.31409660164261e-05,-0.9374160885856536,-0.14015036742410336,0.02843006275560977,-1.0891489171497932,-0.23139583374027042,0.05195405440320113,-0.6772093736301283,-0.18198086626222537,0.050082345762368,-0.6515800868181345,-0.11988535789153812,-0.1602026495147931,-0.8962475478441609,-0.1919683397671409,-0.13590267551771834,-0.9860733491731565,-0.2279003782625779,-0.09466984663697103,-0.7070368079052649,-0.1969006987854745,-0.08711966657571978,-0.6831438664379605,-0.15904391629092202,fist
0.0,0.0,0.0,0.24818778316365275,-0.08360056079036554,-0.09128430817504064,0.4694242915263287,-0.41733568350445255,-0.1454865912279979,0.5453469024405373,-0.7371810063584927,-0.19103201440742573,0.49235621454099304,-0.9108025264266042,-0.2146787320377995,0.34323875236001117,-0.9619450363594755,-0.08902813641203702,0.35094859098482584,-1.1341912318689213,-0.14756016689127893,0.3397286423697444,-0.7782627139081594,-0.12488808582359383,0.3533318347648631,-0.7088641888235917,-0.10895518068433604,0.1738048314637684,-0.9784450183335642,-0.11152222495126797,0.19028192396796187,-1.1535678528630127,-0.19906774675078723,0.19782155884227265,-0.6932938714729423,-0.1545731116396612,0.20078134337257883,-0.6901065616991474,-0.09605543598822687,0.00497523170005943,-0.9410608405362129,-0.15307363127046325,0.03613464750486251,-1.0911465077301155,-0.25218471800774506,0.05736042464810055,-0.6746923622713735,-0.2005677895749074,0.055897454939751026,-0.6404371945723574,-0.13436611154325753,-0.15865298057556365,-0.8995174308587438,-0.20554686064117805,-0.12975883974441524,-0.9781026544676091,-0.2461211849414996,-0.09015379645773663,-0.6951504618088932,-0.2139375387225684,-0.08239309234426591,-0.6675766716813623,-0.17321969059872663,fist
0.0,0.0,0.0,0.21790126875635352,-0.07341622902546811,-0.08180356540426813,0.414840826936639,-0.35465499367459696,-0.1409258381334604,0.48545708739597065,-0.619518584945645,-0.19512735963244449,0.459738947198117,-0.8033849862432362,-0.2308960183531796,0.31613835291116354,-0.9377038345290685,-0.08073461432251174,0.3280373354300428,-0.9809149397695728,-0.14669862173359155,0.30140814013151707,-0.6612343391263057,-0.1434980312943342,0.3007133117520429,-0.6186596326693585,-0.14146557919972724,0.16317022904436934,-0.9805252850757806,-0.10929602774422445,0.18539692176389502,-1.0087583169577798,-0.1985591679850044,0.17931038146817183,-0.6005907453357403,-0.16858587850836348,0.17255599461274487,-0.6157519229056552,-0.1266147274474593,0.009504299493850487,-0.947093135646241,-0.1557030481259055,0.03833037316625832,-0.9565818042927762,-0.2518969921290524,0.05144856177574196,-0.5950365842563204,-0.20910961775989512,0.04712626032999126,-0.5934708943835572,-0.15595658419099206,-0.13931104318795853,-0.8911112559859903,-0.21270450330074145,-0.11312341932609458,-0.8620896106406242,-0.25499517958422296,-0.07845643295863482,-0.6089342683349038,-0.22915815655805188,-0.06926977461201589,-0.6096387729531927,-0.19645358585474285,fist
0.0,0.0,0.0,0.22455472227585302,-0.0639810705756429,-0.08306173259771017,0.426203574862082,-0.32396667597386514,-0.1427870770200601,0.4983752775535143,-0.5801759047468323,-0.19478299302133023,0.4625153029405239,-0.7514982054101702,-0.2282021382736254,0.33525531150116405,-0.9192480872217175,-0.09404797820318929,0.35549449831660457,-0.9141718048599384,-0.15915099648196848,0.31583102701012067,-0.6088893698712132,-0.16011890196531908,0.30658085469411284,-0.578760831597241,-0.16250687273410883,0.17901455508677241,-0.9765717383065026,-0.11942114137831551,0.2044613522656674,-0.9330362271203609,-0.2061471607249818,0.18797996668627717,-0.5496725151187153,-0.17907199848995625,0.17680742734150537,-0.5806930435822829,-0.1435022295044294,0.024936159729665227,-0.9544532793652527,-0.15987774697497248,0.057640732978503924,-0.9034363444231461,-0.2518124563795903,0.06013615076422329,-0.5676308298937474,-0.21074984031975805,0.04936762613464763,-0.58596362451514,-0.16253041703992577,-0.12318566557126621,-0.9098764318603125,-0.2106450519054085,-0.09348231795618274,-0.8373373079704173,-0.24825668572037451,-0.06723622177982269,-0.5956209693625087,-0.22272441853190308,-0.06621234632687566,-0.6073479840750319,-0.1927950896975296,fist
0.0,0.0,0.0,0.20952771454710564,-0.07805143926609978,-0.08628166711594834,0.39800250983555424,-0.33277623077754154,-0.14654769642138984,0.46864329856609027,-0.5768911659389617,-0.19773021431789767,0.4426407390973538,-0.7257828286741151,-0.23068052768540456,0.31116805077207665,-0.9247247194745815,-0.10264807739031963,0.3225738525983045,-0.8806675770408369,-0.17391083303498167,0.29267908746831883,-0.585827348745956,-0.18172816588552732,0.2903452347234182,-0.5571905289900375,-0.18886785554349514,0.16311071393942672,-0.9784637728113242,-0.12650502082525766,0.17686937937591735,-0.8744470784160668,-0.21425435536582177,0.17246782600118826,-0.5065599314878155,-0.1910602701403173,0.17055292968540342,-0.5512968020321551,-0.1623578987684561,0.01386465997827435,-0.9440784978045371,-0.16602476514528416,0.03364474799659003,-0.840675890230039,-0.2636411983875789,0.04690034289212582,-0.5193775590888724,-0.22926874674752182,0.047319119973455386,-0.5428886191084304,-0.1873241194717413,-0.130617020036187,-0.8840913262839133,-0.21582582308905332,-0.11794538153328972,-0.7689898626001499,-0.26188011521713705,-0.07795100450569495,-0.5382718483899773,-0.24266192381372748,-0.062251078628813857,-0.5549605186134838,-0.21778932265496223,fist
0.0,0.0,0.0,0.19791467653895597,-0.097401148402059,-0.06370047275964706,0.37458671867666665,-0.3158512284768541,-0.12337407219368525,0.44856250327111363,-0.5304981181802219,-0.177344420283881,0.4288975377234669,-0.6732814618142242,-0.21696371644684784,0.2720136957799782,-0.9366174813167187,-0.09891098931680908,0.3313928921215927,-0.7622084452595905,-0.16901766419952197,0.29046339853427783,-0.5013563585526692,-0.19315197967934766,0.26040757950258525,-0.4806254050191017,-0.2140518625366525,0.1390395314637512,-0.9817624954657513,-0.1296548926465948,0.19773886398798698,-0.7251355492525825,-0.21370593890305442,0.17958472535239137,-0.4349552752697228,-0.2113708455300522,0.15878062716318506,-0.47510091025715223,-0.20845011806186006,0.003913156146230976,-0.9252566733061961,-0.1688348543919551,0.060233214100989245,-0.6796190066939555,-0.25842075135012915,0.062230013441661486,-0.4178132198284774,-0.23387211534924676,0.04633174886807121,-0.430513188722511,-0.20743023940534444,-0.12694976481029718,-0.823408462530011,-0.21668809710102524,-0.08595691236027501,-0.629956273428615,-0.2615513135858163,-0.05565744367068269,-0.4316317546128252,-0.2449592943447124,-0.05547947492805116,-0.4368669879701621,-0.22668440897599895,fist
0.0,0.0,0.0,0.1994152536896224,-0.0983187276125326,-0.0598214583903266,0.3715688493532409,-0.3249028038665419,-0.11992128457733979,0.4425916909087042,-0.5375518736993989,-0.1745715127598649,0.4222205230233786,-0.6788991112330118,-0.21648962983351738,0.25876585229273696,-0.9416990276022047,-0.11055893927218786,0.340189978967768,-0.734744081352492,-0.18517348392950203,0.30210612791187386,-0.4879173537826304,-0.21368650343323634,0.26876899437170026,-0.471242167440498,-0.2371729670493414,0.1278571955163153,-0.9813373479180095,-0.14362982676293048,0.20678977985452274,-0.6929749046498684,-0.23136070025047786,0.18773622971225137,-0.42082556930447257,-0.23086744122496033,0.16347808141226683,-0.45875733165629157,-0.23091379841090276,-0.005469865398472763,-0.9140024152569032,-0.18322026618032436,0.07302615009066932,-0.6348159904679627,-0.27138610407798114,0.0728651814728743,-0.39292843236207825,-0.24328983507041854,0.0529063644901048,-0.411720267229078,-0.21722573431765174,-0.13265493217268112,-0.7990566142893023,-0.23174901484112415,-0.07086171148469095,-0.5866071003356776,-0.27647330573999346,-0.043870487194701796,-0.4026582345514459,-0.2578324092246099,-0.05010305645522482,-0.41704660093124246,-0.23937593237189045,fist
0.0,0.0,0.0,0.2036366071301508,-0.10038326164311993,-0.04839761059775656,0.36026550914639244,-0.3377807795814709,-0.10951758289820888,0.4367283716189084,-0.5334718522472929,-0.16996178010934054,0.4829080049753364,-0.6543932392954814,-0.2214222735860049,0.26470050471635503,-0.9467871500683338,-0.10655787758708393,0.3679563609382955,-0.7221833957053808,-0.1764252356023857,0.3247441024035376,-0.48464810118884766,-0.20770269612768766,0.2810960744409756,-0.4511661957975129,-0.23518900578434915,0.134439026882305,-0.980328999255643,-0.14450322234942553,0.23855543749462327,-0.65056248550666,-0.22741857546487151,0.2119691086124715,-0.40164132201547037,-0.23621042374501033,0.1771442738861897,-0.419262601138931,-0.2473092843352756,0.005851738470381314,-0.8970190488418922,-0.18562982516357657,0.10255630270766196,-0.5678607606248389,-0.2645177829474509,0.09544166457758753,-0.34999424955081204,-0.2456984713545089,0.06999034479565502,-0.3715915912460062,-0.23215201691427767,-0.11616307363108054,-0.7617497533090606,-0.23441183525414397,-0.033192229351101867,-0.5107412275821304,-0.27639848246564425,-0.010389264136346695,-0.3333421141025833,-0.26283378596708346,-0.019602405888325056,-0.3439236063804717,-0.2518936901296378,fist
0.0,0.0,0.0,0.21408626553784613,-0.12521653763970042,-0.0263055576635272,0.3742856169313516,-0.39012425459376304,-0.07826353508566727,0.4609655070413196,-0.565961405127322,-0.13572345087166765,0.5244034948531495,-0.6204468025595229,-0.185012151537864,0.26950156859171265,-0.9561129551496063,-0.07686479946161805,0.37966281635002763,-0.7172605857709718,-0.14043600272866097,0.339369490872229,-0.47443549084120684,-0.170864143865442,0.29884058723577356,-0.43720855861750585,-0.19898025752230494,0.14015256510896731,-0.9819794059526549,-0.12678203649668557,0.2588006749977686,-0.6443731067102978,-0.2040067455792076,0.22705298987437372,-0.39424586430046393,-0.2144966811808449,0.18708255690896822,-0.4049959206832786,-0.2282931632812677,0.012293023532572236,-0.8897645922717036,-0.17858167426235944,0.12705711801293637,-0.5607591445914408,-0.2501369890779203,0.11518438204452541,-0.33831691090988053,-0.23235832107898177,0.08479340378876431,-0.35639113722077537,-0.22141587845139143,-0.10770745076932434,-0.7445001827338313,-0.23677046813457966,-0.007041755295482915,-0.4922879417953669,-0.2699016515192271,0.012516504853589619,-0.3130512697096224,-0.2536793463668563,-0.0028283336928471036,-0.3234443142943927,-0.24359126228355404,fist
0.0,0.0,0.0,0.21126340743463998,-0.14494423498356848,-0.026436948766566767,0.3577766267045442,-0.4003176644150541,-0.0820712910347355,0.4326467272138712,-0.5826375591328686,-0.14361710469191336,0.4721221104817047,-0.6806362740946696,-0.19457559607440494,0.2379175535380111,-0.9701303561560511,-0.06410292686231003,0.39458393803557706,-0.7544864259110561,-0.133805643694729,0.35504364630166335,-0.5241705685682947,-0.16658300327633047,0.3021316297189291,-0.4806525640573713,-0.1938540339233785,0.12853081519297269,-0.9850151597891034,-0.11499975883225261,0.2948113487524546,-0.6822385112640753,-0.201461810749539,0.25157432384301737,-0.4411632407162856,-0.21430256038632658,0.1983258577839809,-0.45441182825138043,-0.22483642756241007,0.01816260856553351,-0.8904384423924842,-0.16962261083734462,0.17957210298710377,-0.5998541304355164,-0.24768066815077047,0.14995191588116902,-0.38832368347264234,-0.22424410150715798,0.1002003752810444,-0.4066784036726802,-0.20595634085168638,-0.08332141512746871,-0.7438844193664984,-0.23127608796391613,0.052130065598753224,-0.5179259965877688,-0.2654947204315914,0.054347263291308776,-0.35280786184477203,-0.24364044285777048,0.01825931782371949,-0.364711813147431,-0.22764611467045084,fist
0.0,0.0,0.0,0.22219557999350367,-0.1646054942923066,-0.021888606595175063,0.36079413974324615,-0.4419142297491525,-0.08030282742432551,0.4208468566230831,-0.6403887811129104,-0.1457938982067277,0.4565425838026883,-0.7326871259530299,-0.20098986327027624,0.23327165902595295,-0.9790246544552822,-0.07580077557203929,0.4113861548043804,-0.7832777527559881,-0.1433510063240291,0.3615932211494276,-0.5521252698359002,-0.17408996636236987,0.2976310304197858,-0.5081219280786872,-0.20075335613674505,0.12956141550057787,-0.9831261244108458,-0.12913885207169806,0.3286340284866132,-0.6928216265155954,-0.2122904062965791,0.28098206659089087,-0.4706003637458334,-0.2230307871488127,0.22249946970825862,-0.4767903293015697,-0.23475931281759,0.03391042716509986,-0.8810577738303814,-0.1831773482042833,0.22400323096464453,-0.6107428054132521,-0.25326498519092555,0.18665242238745522,-0.4135454515715355,-0.2230299368406799,0.12971495685485804,-0.4235961631150941,-0.2034932918860673,-0.047297261931720395,-0.7296271272812004,-0.2444801048055909,0.11110716073944078,-0.5242368289872246,-0.2701143093810907,0.09857702009331082,-0.36908065279657637,-0.24155145271045061,0.04734432388389152,-0.37444404943424375,-0.22343713031696652,fist
0.0,0.0,0.0,0.2243745381482965,-0.18768422758734482,0.0004777566613372812,0.33787874250254496,-0.47338809401754867,-0.05639672074338918,0.37345381784493725,-0.6833525448749188,-0.1250168353736461,0.3882256066800332,-0.8165738550115967,-0.18214493935355372,0.18085211720004749,-0.9991006409453397,-0.058948358511326404,0.40638843156143084,-0.8404084936941988,-0.12442591775003806,0.3685487198495211,-0.6063029868550012,-0.1484326135124783,0.29783115829305473,-0.5441126501743484,-0.17030999151954546,0.09252080688836409,-0.9876997114248143,-0.12605221276940748,0.34424517392148446,-0.7474324997379772,-0.20965693871966737,0.29871879997768563,-0.5174336303638171,-0.21492449488669244,0.2322883903794795,-0.5141738775853134,-0.2205101372294614,0.021665236486855755,-0.8816521545607183,-0.19162324492134994,0.26064772840859085,-0.6570757145835641,-0.2577161482395213,0.2188115441868961,-0.44834688677741685,-0.21631549558618937,0.14781917554425034,-0.44962259426901247,-0.1892246014252505,-0.029146903124355094,-0.7259421282594588,-0.26315769508984244,0.16536566852703025,-0.5515831523536229,-0.2829232418423703,0.14204203920340855,-0.39461329092306285,-0.24494089745106346,0.07351620875913786,-0.396155600296601,-0.22052209194301212,fist
0.0,0.0,0.0,0.2042517039479664,-0.19956334165353637,0.015829941405977887,0.2977605849004213,-0.498283247940215,-0.029873487225697198,0.32317121092932344,-0.7195416065307332,-0.09260990225061223,0.34601082930616106,-0.884883314062782,-0.14560282879592032,0.1242004494045663,-1.0017398520891483,-0.01746649715468894,0.3518976519899294,-0.8938133649190155,-0.07452130328654373,0.3229510344903636,-0.6489171166759572,-0.09604225804097616,0.2557467854544294,-0.5687668354088147,-0.11712433313753136,0.04049547747158549,-0.9950371124102869,-0.09089137049547444,0.3047424956621741,-0.817178795713685,-0.1748862787170202,0.26655966090650524,-0.5613021693688162,-0.1869178445856079,0.19940716386848467,-0.5320381922891706,-0.19307476858418576,-0.02035065015149072,-0.899624073977354,-0.1631915617305248,0.23322149791479097,-0.7222608908994658,-0.2298844141153222,0.1989536425432585,-0.48811141250300577,-0.19507396933309637,0.12617044912157535,-0.46402500553521614,-0.16963289126979855,-0.05871981843654276,-0.7498116529845732,-0.24020929983134778,0.1468431994941764,-0.6092482226417825,-0.261189714514699,0.12793673295875768,-0.44126071067697004,-0.2278938551599563,0.057689914172723476,-0.42851022988825865,-0.20526725287885556,fist
0.0,0.0,0.0,0.19730949675056017,-0.22007937963155585,0.038033870516305426,0.2722616537369031,-0.5273655048137943,0.006530323025519805,0.2969171230643235,-0.7517938221649895,-0.04573902549540331,0.3246766422212245,-0.9358901717819725,-0.08890428760226393,0.07450025961850432,-1.0057208252661456,0.02238660701294108,0.30833940348224875,-0.9379737505497298,-0.02374075098726045,0.2910026290398335,-0.6905316023316802,-0.03900251946774034,0.22595289652184372,-0.594867227343491,-0.055871028826036596,-0.0009486015085895755,-0.9984141299157666,-0.05628770149615264,0.2758130053677697,-0.8686580558174948,-0.1338123145668893,0.24565638768734546,-0.5982059063713013,-0.1446903873672253,0.17592504950039808,-0.5531195698326323,-0.14714453155070661,-0.051464344501752586,-0.9114325671212611,-0.13307213316670424,0.21396191475540985,-0.774922031574664,-0.19388364441585798,0.18404796851460745,-0.5243569406428287,-0.15860604980858642,0.10531123489992857,-0.4856783555945615,-0.13058459932071542,-0.07933645503674229,-0.7700277533026502,-0.2126141679964745,0.12915073587276593,-0.6567148712810114,-0.22838485955871607,0.11077536341206437,-0.4812980148374962,-0.19495276784603296,0.03475550315323503,-0.45930082539365474,-0.17086472332088412,fist
0.0,0.0,0.0,0.2049737630333092,-0.23067144593236205,0.04134805590537696,0.28154624967954167,-0.5449508992921157,0.014895038997236919,0.3040875686771671,-0.7718366225590143,-0.03163255534401515,0.32094551863597454,-0.9592565899892458,-0.0692654143557898,0.06918954673142429,-1.006545131711665,0.028668123241786646,0.30324212755236934,-0.9465618772166264,-0.012079573900498868,0.2833794239266085,-0.6960655042950002,-0.024307561248033436,0.21426807483273255,-0.6023212697627941,-0.039384063406310586,-0.003034219443420915,-0.9988316462275102,-0.04822982486813007,0.27124556828384444,-0.8804245567920198,-0.11929619360204008,0.24166797297232984,-0.6107389117512488,-0.12726814211102636,0.16998881997364612,-0.5668643705911648,-0.1284056045060768,-0.051714200610137935,-0.9149478693536923,-0.1226668376038626,0.21491758113623372,-0.7953306683290884,-0.17778864035852907,0.18602588362137865,-0.5442835120473393,-0.1408476860221241,0.1053325955439565,-0.504211063428534,-0.112450461068614,-0.07799351778911943,-0.7798588690854694,-0.19950657034291164,0.13288712604894745,-0.6753190792194582,-0.2107223277966827,0.1147340670689088,-0.49675521460528727,-0.17559145673828538,0.03594812136820883,-0.4707480151312044,-0.15069068772639777,fist
0.0,0.0,0.0,0.20617105594108553,-0.23051091174459193,0.028812144439793012,0.2828296840197966,-0.5503440285267137,-0.00421009729270528,0.2893749168362081,-0.7728111109870265,-0.055958233570430976,0.29424871993841817,-0.942721775458426,-0.09710184675737793,0.08480221425721975,-1.008884561598248,0.02253176175047938,0.31303016881765955,-0.9421348035316701,-0.027775068178109028,0.2865255293816265,-0.6935458175537762,-0.046301607571949954,0.2157798288820574,-0.6153808013444527,-0.06444222908279505,0.007070697829683814,-0.9986319139813858,-0.05181009177828898,0.2708756205927161,-0.8784766827977314,-0.13611491609491,0.23366665321162952,-0.6014086972665348,-0.14770836425212575,0.15566160219956157,-0.5718249343804522,-0.14706500606903117,-0.05014548864695693,-0.9143929424961998,-0.125993708516051,0.20290717563959312,-0.7996203336030736,-0.19168722405875832,0.17565784213397553,-0.5436958513176774,-0.15638187203888582,0.092546300636826,-0.5185774195171969,-0.12520759172426152,-0.08889543441902176,-0.7835196889299408,-0.2036060626771811,0.11848911396677894,-0.68793345926778,-0.21779023869695865,0.1067036337881712,-0.5036469409216996,-0.1824067634525227,0.027581777782718447,-0.4844976311165186,-0.1558473610232224,fist
0.0,0.0,0.0,0.1921304453952994,-0.21075055844353877,0.021572163898595044,0.27235091503809183,-0.5273459371266552,-0.012986483129817868,0.282901355916796,-0.7539155615609918,-0.0662096947720694,0.28964386310992457,-0.9329342649513668,-0.10825288116394219,0.0980427795077431,-0.9946723134658781,0.02014493182557839,0.30996441351590404,-0.9434081074678756,-0.03600716015384819,0.2778373016572122,-0.6700995971948455,-0.055776675306409604,0.20865856692013554,-0.5833759034601633,-0.07369448724567608,0.007910690070356673,-0.9985772100329036,-0.05273477586481777,0.2505201503974076,-0.8994630948218867,-0.14928649072840483,0.21256323207216948,-0.5845899065057136,-0.16384177052359997,0.13503527585579278,-0.5431115462544103,-0.16006371829880534,-0.06643276444761807,-0.9282022912046242,-0.1272823094784452,0.1651987158038827,-0.8195175461890283,-0.20364049183952698,0.1404218069060693,-0.5333349571073721,-0.17277638515084134,0.058537116351710786,-0.5001798998563177,-0.1403440369183253,-0.12623433231303186,-0.8104442272012404,-0.20551681905426447,0.06702287267601174,-0.7171483477071936,-0.22498764253823092,0.060812967085882366,-0.5120137682780302,-0.19376816920318177,-0.015790833361831142,-0.4906099642967131,-0.1679541161670923,fist
0.0,0.0,0.0,0.19094100611608747,-0.16578913186671945,-0.007145026542422969,0.3034994562814803,-0.46050613075804914,-0.05000436912992887,0.333874292327914,-0.6885168086438518,-0.10706228197890488,0.32821414963498435,-0.8598962195175421,-0.15164435741553098,0.152194487470335,-0.9759364863302761,-9.383978011798462e-05,0.3249319773512475,-0.9431952843513003,-0.061562672100969884,0.2954923673924448,-0.6528370689856346,-0.07946264024171307,0.2373759641950872,-0.5566174851184806,-0.09503006787117184,0.04440168799154578,-0.9971198663911328,-0.061485300289015,0.2421404307514202,-0.9196064620589758,-0.16237567120647828,0.21021083165983656,-0.5743398892247569,-0.1755469594279065,0.1418498070143305,-0.5376003529744535,-0.16738979682871485,-0.05424192895232306,-0.9387571640975136,-0.12892413908149375,0.13598398089341707,-0.84584769798848,-0.21515546570405986,0.12037086803796003,-0.5279525331826307,-0.19003757599345492,0.049620505332664516,-0.4907862363828438,-0.15717572594154505,-0.14489917928688983,-0.8316722376944217,-0.20189446481301374,0.021324291563044565,-0.7489425026947139,-0.22899870344910453,0.025420790233795412,-0.5282720115296082,-0.2025756061478552,-0.03892236199091988,-0.5076385415663659,-0.1772713343326752,fist
0.0,0.0,0.0,0.198186213830692,-0.13418248254151324,-0.01485445062400437,0.340091051692012,-0.4519646449328528,-0.05539754910203319,0.38811264707966914,-0.7029707617101442,-0.10629035870517975,0.37796959405477637,-0.8871835483485386,-0.14307994513724104,0.18869824429757215,-0.9716863557258196,-0.00974569872361067,0.3370862605079251,-0.9810377775126335,-0.06985326083544906,0.3082606114956561,-0.6699096633445476,-0.07595227518710414,0.2550357568240256,-0.5835033359378374,-0.08251098073668274,0.06666098006291142,-0.9955481361232725,-0.06663484372705795,0.2333272578400683,-0.9693922054348054,-0.1666910381939391,0.2109687372609015,-0.5854103128722364,-0.1618680693218643,0.14299055294361354,-0.5671845221844379,-0.13605015912247367,-0.0515728244787521,-0.9455148689649887,-0.13200491670554096,0.11118171840331845,-0.8974221601036675,-0.2226664163430405,0.10475841858679767,-0.547989069652617,-0.18633025546864393,0.030192484545140723,-0.5257979620427006,-0.14025949649718983,-0.16946711156802685,-0.8564082049333154,-0.20253287709026913,-0.021259348259669623,-0.7999658359610651,-0.23099231023230243,-0.009407226109897127,-0.5536534553673801,-0.19974383381456398,-0.07839766627887096,-0.543598306497433,-0.16696097000119975,fist
0.0,0.0,0.0,0.20135400694213243,-0.09157118483853315,-0.03750387687193733,0.38229982062428836,-0.41507344458111495,-0.08849573032744097,0.4431255564132179,-0.6865605184503284,-0.14525574859938764,0.40953954755477223,-0.8821810796730347,-0.1855984445312365,0.24291765580608912,-0.9663994969849691,-0.04264492824597035,0.3547550059141572,-1.0649380353028888,-0.10831515200103595,0.3227998483429289,-0.7232293328961401,-0.1058996942572526,0.27387811065389117,-0.6053486347808483,-0.10490272681453204,0.10540605410197335,-0.9901043613522639,-0.09264392797089838,0.2327802021047116,-1.0726610131667507,-0.20040505258120073,0.21460302658219702,-0.6420242908961373,-0.18522115496652822,0.1559321632834004,-0.6067929872260224,-0.14619839445343613,-0.035223321722391336,-0.9476279831010236,-0.1536818980484002,0.09437576253382911,-1.0016401762762193,-0.25028603350764783,0.09424006942253246,-0.6128683897217225,-0.20705213040818854,0.029592247649956976,-0.5727414914479654,-0.1521288865886829,-0.18521222808906668,-0.8737262965702847,-0.2212920518441923,-0.05664724950455776,-0.8885719591501807,-0.2512173557652237,-0.03533177485336233,-0.6198719787098215,-0.21656550349054746,-0.09237774165133815,-0.599454916619041,-0.17905109353919665,fist
0.0,0.0,0.0,0.20379595206356863,-0.07391752387003887,-0.03225799493371538,0.400683257862693,-0.36713373185519377,-0.08360720634180648,0.477398451718537,-0.6377227147213985,-0.1434203417800976,0.44711914772075906,-0.8486788960780252,-0.1883408220991546,0.28324711135558645,-0.9418877875228394,-0.03956432955185105,0.3833218847148109,-1.0429167181070618,-0.10323098782059971,0.33945471475685135,-0.7022361316894798,-0.10225955808653497,0.29015170751445657,-0.5870840064847589,-0.10397158387207157,0.1460924302563709,-0.9847965119087224,-0.09398304077970894,0.2600543009052644,-1.0549836503033516,-0.19743378559640642,0.22733314060845627,-0.6365703405647657,-0.18669388835963957,0.17271365507531483,-0.6003912239527938,-0.1547841488465246,0.005330177177247758,-0.9546756385113498,-0.15857332041313738,0.12104288464174903,-0.9888730622899804,-0.2527108772419821,0.10811625797694367,-0.6128991411736706,-0.2147789583219914,0.049861326207883735,-0.5775960385732635,-0.16695712829244666,-0.14383723617601377,-0.8894413027510479,-0.22969980038921126,-0.026036818408727014,-0.8880766554140224,-0.26239750878793316,-0.0191022038203063,-0.6235968994443517,-0.23195882122373238,-0.07225328784126922,-0.6029821003128066,-0.1990320138383718,fist
0.0,0.0,0.0,0.21928774860357492,-0.0558537161967997,-0.04195527671583234,0.44522553745780663,-0.3454973926191256,-0.09373002521190442,0.5345762715054623,-0.6241790316942609,-0.15111000743606381,0.49098420012506394,-0.8326545462701854,-0.19262811610846498,0.344176715440366,-0.9097120309371164,-0.057597452238489166,0.43720133538107386,-1.018420618516674,-0.1225373106445533,0.3702107727084081,-0.6690128267264279,-0.11605234780576483,0.32039167601522045,-0.5857569113525238,-0.11364705812672875,0.1959691369793781,-0.9745648284640093,-0.10871739728522423,0.29664414530377725,-1.0552238442521897,-0.21308315739998235,0.24670441873503998,-0.6326722084599098,-0.19270552124333953,0.19721120793405134,-0.6191628200747259,-0.1531811338370064,0.0437522937870784,-0.964559726386772,-0.17082930199502874,0.14338493032697966,-0.9973448890507246,-0.26706368090958277,0.11928801289345585,-0.6161236881237444,-0.22219780377159856,0.06915321785993861,-0.6014908906096436,-0.16787907958763829,-0.11210138965511048,-0.9258072052150753,-0.2407811573551707,-0.010636267222626249,-0.9156057612290741,-0.2719578734419502,-0.013278200418319964,-0.6401079636485257,-0.2377357884228593,-0.05929977138439925,-0.6305013337705601,-0.20124743618327465,fist
0.0,0.0,0.0,0.2323022021941209,-0.0653055507808658,-0.04463321450983863,0.46185646760673665,-0.39177592239151415,-0.08746278539350606,0.5341233907255009,-0.6888778110676986,-0.13377402343018757,0.4530132935790104,-0.8542070005351687,-0.16308141109902666,0.34021590626184245,-0.9280010802659528,-0.05382139606224923,0.41015603362899883,-1.0527087814652394,-0.11297070574913888,0.3623415060764679,-0.6990641808247623,-0.10080541336376334,0.3398347078089194,-0.6346177892488906,-0.09453309970367206,0.1865738023026426,-0.9772195612705418,-0.10115396860501158,0.2712444145148793,-1.0791098122162937,-0.19329873005133721,0.23593360126970814,-0.6437962558945952,-0.163905437713429,0.20337533789239678,-0.6461781836538574,-0.11902384858237329,0.029511488611460992,-0.9599848456206477,-0.16093833713721115,0.12398367167019561,-1.0224372587482604,-0.2483343832706857,0.10707063440781846,-0.6313121190756681,-0.19882982059066492,0.0659736607021933,-0.620812959560893,-0.14135506828268835,-0.1285810060227439,-0.924001421882096,-0.22960440881320038,-0.03609346272525744,-0.936918063675355,-0.2531734545996525,-0.03509782367274393,-0.6604400464338778,-0.21574492530332934,-0.07370969400478278,-0.655126896096236,-0.17779691747774212,fist
0.0,0.0,0.0,0.2422027132058033,-0.0364946060667677,-0.06743172548624701,0.4874379727408902,-0.3798775952445763,-0.12448451904413188,0.5666650464608095,-0.7215470734016984,-0.18045276166053975,0.48556564236829314,-0.9283520517019138,-0.21781818715434237,0.360056734312708,-0.9168523414794049,-0.09964121049706186,0.4143794700909701,-1.1244003062077816,-0.16845292483957308,0.3723967349723602,-0.7520159200403214,-0.1471187778961003,0.3561956746472509,-0.6532899690422274,-0.13266585955727137,0.19232794834811517,-0.9712517999251488,-0.14028500071769287,0.26494646765307295,-1.1534195403600662,-0.24627452161659405,0.23408440305100797,-0.6839403888491975,-0.20705773299184754,0.2082878639553126,-0.6704452032274478,-0.14969827744560857,0.026630769471174764,-0.963242456539519,-0.19451853639018876,0.11151999891940023,-1.102015810510478,-0.29586234827153207,0.10007265677693084,-0.6793239939506792,-0.23975948367207428,0.06438461061540263,-0.6546385042736418,-0.17278221002416214,-0.1387375653049053,-0.9369985019477641,-0.25843197721121713,-0.05120271874760181,-1.008647182704913,-0.293540630024315,-0.04601930789075011,-0.7111363448261278,-0.254481131443465,-0.08060933948323709,-0.6916428415649004,-0.2112915579126307,fist
0.0,0.0,0.0,0.24818048474296994,-0.04191284167107589,-0.07513198243193099,0.4936066374720959,-0.384876857563651,-0.13311242174207458,0.5776838372911813,-0.719874598880049,-0.1885928637461025,0.5125843487267122,-0.9172783254628178,-0.22502547861278324,0.3743059146069765,-0.9168892679935431,-0.10181522526638055,0.42106588665312084,-1.1477820735928965,-0.16934848271329603,0.3772636124208636,-0.7718109386354827,-0.1471754783782654,0.35763603697179175,-0.6607759309089436,-0.13240099549101836,0.20662973616211017,-0.9687988699613388,-0.13686811789167455,0.26479416770583064,-1.16492801980289,-0.24514969997005223,0.2338660249255558,-0.6918760565775,-0.20862006148943749,0.2090743177039108,-0.6740854577757264,-0.1517185513907347,0.04105859201518396,-0.9580051876381543,-0.1861049890809918,0.10680205339717168,-1.1039554407829182,-0.29049732769121733,0.0983508731807806,-0.6841646973495665,-0.2399427140950464,0.0692497370252952,-0.6657149441050902,-0.1753218290969045,-0.12395853610822578,-0.930964447270739,-0.24516040641467868,-0.0568490683467835,-1.0141835453797816,-0.281378382558138,-0.050125421121511506,-0.7175051323941976,-0.24634553619259064,-0.07829164107534954,-0.6981843617287007,-0.2056964798463233,fist
0.0,0.0,0.0,0.24695514333758029,-0.04534602136539952,-0.1118006862368133,0.4977959042681351,-0.39108594140013797,-0.17476903083420428,0.5870544703426254,-0.7435374226051776,-0.22662799302428235,0.5150881964469162,-0.9455423872094454,-0.2546644931877522,0.3730541581657348,-0.9406633252268004,-0.11012831279532569,0.41954823281588566,-1.180994848056388,-0.18087974181535,0.37306150482954376,-0.803981386356193,-0.15544090409910272,0.36122844177090685,-0.6930603596536606,-0.13684149514023178,0.20510569533838385,-0.9703381451260992,-0.127966862323802,0.2614955068356162,-1.1997001120238324,-0.2407694025232827,0.22843628725782228,-0.7155023342073279,-0.2034345068475299,0.21892389274918267,-0.7134538211733525,-0.14152656956152182,0.03976003488162876,-0.9558500854883142,-0.1659804197753568,0.10630074272867598,-1.1481817965420387,-0.285373684973238,0.0911771418455787,-0.7136318955319423,-0.23762519489065612,0.06900666489774183,-0.6877690072841329,-0.16651694553679786,-0.12732837484744672,-0.9352958745784172,-0.2161019782134233,-0.06595889593406794,-1.0744791879983795,-0.2660141841458636,-0.05530689132147274,-0.7791987866433758,-0.23528925734162293,-0.07325857399002005,-0.7422071281972883,-0.19192003679928865,fist
0.0,0.0,0.0,0.2567375559602362,-0.06081623243398959,-0.09501695970972202,0.4951832423066194,-0.41287833966151055,-0.1474649415819151,0.572465816958486,-0.7641191723262729,-0.19260598675449325,0.5031541800221382,-0.9608280470945014,-0.2141697498648338,0.37365130910467725,-0.9504829663197751,-0.07421373328057602,0.4064323981710103,-1.2108074282945875,-0.13228400841617416,0.3726029074445754,-0.8352070814613745,-0.10242224058078907,0.36775696199343877,-0.7294009603955267,-0.0813046133341675,0.20240439258441564,-0.9746031193786137,-0.09581858671473302,0.2505551244557401,-1.220964637193947,-0.19258074745526862,0.231803575128716,-0.7357049873437058,-0.1518743987518344,0.22484603915993764,-0.7246373551660966,-0.08888861716707862,0.03641618645097801,-0.9525570037388866,-0.13767650836543166,0.09065296708666125,-1.159608831627534,-0.24199053206099302,0.09031807429863471,-0.7230435293242252,-0.19313485512618153,0.07425375236219085,-0.6893451021031426,-0.12336279379765533,-0.1277598433172643,-0.9283262126560494,-0.19076115089567525,-0.07673082069853158,-1.0689324603434882,-0.2287170808755914,-0.057175071234567894,-0.7711710697635962,-0.19561472930664056,-0.06930419014627093,-0.7269339452257897,-0.15212417206971482,fist
0.0,0.0,0.0,0.2538023562442669,-0.09018929279849207,-0.08636622470248183,0.4852844121633631,-0.4629861113630384,-0.14148896238161313,0.5555368392694788,-0.8176555251537908,-0.19121280277926841,0.4687332326049239,-0.994356319814716,-0.2194350358174629,0.3449072774148214,-0.9584225403704365,-0.08663361186716793,0.3753327221264815,-1.2201804238623093,-0.14328920590668415,0.3516844551128641,-0.844974657327127,-0.11168980391170616,0.3432993769576749,-0.726069058828274,-0.09062752502642638,0.169395882990709,-0.9789527821357428,-0.11382646956875339,0.21515947790471657,-1.2276327629038892,-0.20969655402322374,0.20659606100876177,-0.7492239661272895,-0.16927135769736582,0.18912813273208756,-0.7206789715417018,-0.10925138319800336,0.002845475579386075,-0.9510455700713845,-0.15791540157868578,0.05660818939208341,-1.1667507074870378,-0.2602348860884415,0.06795902756574704,-0.7368239746877067,-0.21283951970508433,0.04243815284926646,-0.6871252147668722,-0.1469945089800072,-0.16327583924778794,-0.9105470929208658,-0.21190651323613832,-0.10619267400330086,-1.0690927797026357,-0.25156521454297004,-0.07596369727047379,-0.7770896235336052,-0.2201584993584921,-0.09412328653432005,-0.72381757041973,-0.17945917469410172,fist
0.0,0.0,0.0,0.2477187979363716,-0.10598714686286352,-0.07106766440812023,0.47678968751882017,-0.4805361903852977,-0.13092469495038356,0.5411934017508543,-0.8350640508170425,-0.19015901179594163,0.44562121025846285,-1.0098762336857803,-0.23060867105619884,0.33159537953535906,-0.9486519390832787,-0.10715714848149042,0.3726777702865336,-1.2319405511884316,-0.17202855421497826,0.3488625061472332,-0.8563914528270345,-0.1412232029736987,0.329354639904297,-0.7136270812969792,-0.1194366562892142,0.1537719745338426,-0.9771793707281403,-0.14654227127801137,0.20686212457378428,-1.253822254237183,-0.25135207370585394,0.19908415697811435,-0.779109876815486,-0.20796408127627908,0.17278610301037237,-0.7148000001494936,-0.14660121141408755,-0.017115008308868935,-0.9472947942632701,-0.1992904467934915,0.04307377607160841,-1.196786665690755,-0.3051190969350098,0.0596977349335308,-0.7681589821353932,-0.2496848591338378,0.02779742610406435,-0.6688469832136689,-0.18011108811621482,-0.19060555246366812,-0.8882327200744075,-0.2610354764837647,-0.12883649274803713,-1.059309051908489,-0.3031367656716234,-0.08968390958476966,-0.7771225493357455,-0.26704095390292154,-0.10635889579341552,-0.7037046463407051,-0.2237653002568011,fist
0.0,0.0,0.0,0.24440517037867743,-0.09705353896288849,-0.06496641689519694,0.4699972292416922,-0.4713943606006593,-0.11548274720746331,0.538334337703732,-0.8134084162656013,-0.16475086312471235,0.45698798351984066,-0.9908463389395673,-0.19476364550222144,0.32098540255612634,-0.9693902191500609,-0.07970117949981427,0.3773207192368619,-1.2029010763589933,-0.1396005142400588,0.35325373152544304,-0.8372933727110801,-0.11189892752582685,0.33162989753585737,-0.7353722261456498,-0.09240194480218905,0.15133343144009373,-0.9814494739848184,-0.11770769959305728,0.21810024022275906,-1.2186491670404485,-0.21436101812814254,0.2112845377131372,-0.751080677059723,-0.1700945862133686,0.18208064520799197,-0.7233912768955983,-0.10799452000804796,-0.013511122187014148,-0.9444909911136247,-0.17055869776501129,0.06261875548336848,-1.1479466260712472,-0.2686491161345912,0.07935608723927695,-0.7276147139294257,-0.21169570639795837,0.04315777238876907,-0.6709927637464634,-0.14132444236679134,-0.17707254530950658,-0.8959393859056879,-0.2324441053774306,-0.10115411219683158,-1.019528778583373,-0.2684349932142222,-0.0658481790874557,-0.7321911104644656,-0.23035870786084897,-0.09087596853161829,-0.6862639110842548,-0.18534318660730476,fist
0.0,0.0,0.0,0.2421123005435879,-0.10010390645536549,-0.045768265272863526,0.4611423901171449,-0.44844332130479264,-0.10391078179489152,0.5346892275855856,-0.7718277648990644,-0.16679252484547277,0.4702564385428903,-0.9695531491552036,-0.21239826965354203,0.30851174925508257,-0.9603347465690447,-0.08095376193613593,0.37671580859592113,-1.1982756879972445,-0.14583553765811622,0.3526004139950037,-0.836664611702026,-0.12236243420223139,0.3158387084828704,-0.7096928970622144,-0.10553835094452621,0.14312357027371964,-0.9809749927426035,-0.1311628272253695,0.22106896464464595,-1.21092316055032,-0.23715885950414203,0.21359960748553283,-0.74997863676331,-0.19847789173118055,0.16756567664773225,-0.6950413018903582,-0.13983903347342325,-0.019041052546439174,-0.9436138800307654,-0.19228001208990086,0.06594060017683673,-1.1355362823758084,-0.29389364154830216,0.08154077273078382,-0.7170584808818438,-0.23605442850584868,0.03202762771911484,-0.6470047004861017,-0.1666841896416014,-0.18641055692508218,-0.8793210688321871,-0.26016304686258346,-0.09173882661878643,-1.0111767130649432,-0.29775820620831783,-0.06139325631279658,-0.7245834032432551,-0.2563544346188193,-0.10274059146860237,-0.6661295848534299,-0.20986269588386022,fist
0.0,0.0,0.0,0.24507496092878808,-0.08751123250238475,-0.04391839515810952,0.4608963452049616,-0.44240957261728603,-0.0930341775649888,0.530147292520168,-0.7737302130255302,-0.1475051580475063,0.4730952874841268,-0.9825245927482464,-0.18498014651772324,0.3104643075738069,-0.9579987266445465,-0.052519253003449555,0.3791628234041736,-1.1907066387769236,-0.1106779454117712,0.354860402049075,-0.830015469783818,-0.08775918189166747,0.31919082337683774,-0.7145164038174905,-0.07193869942275315,0.1482438004208108,-0.9839156551618787,-0.09966814518272815,0.22857076129987197,-1.1969297176497753,-0.19691403340654023,0.2195966496988166,-0.7368521310534115,-0.16237692739286502,0.17156781902565127,-0.6961918426090123,-0.10707848821898494,-0.00999311473754855,-0.9523827519077882,-0.15967754843473703,0.07644235015391095,-1.12014335766589,-0.25508264414692094,0.08808163464998443,-0.6975083600511963,-0.20497599124822594,0.03505933680137673,-0.6462115310761488,-0.1411877807366014,-0.17432674363220976,-0.9005686721104466,-0.22650020994451944,-0.07422511266768472,-1.0026266331611295,-0.2606880409141977,-0.048528396081314165,-0.7101131160269704,-0.2244602544726622,-0.09422864722543939,-0.6647277793540652,-0.18202903565664985,fist
0.0,0.0,0.0,0.239466594654486,-0.0938116845057489,-0.05030314271818201,0.4552726343025167,-0.4689060923456973,-0.09868482362868888,0.51231851440193,-0.8164838074020812,-0.15117014386141747,0.43471393998419605,-1.0141895304040374,-0.18569964877443831,0.3050681666892562,-0.9618071753877144,-0.0561600025739378,0.37689455484378087,-1.1961182520701128,-0.1161710592243532,0.3461779948204889,-0.828677875890865,-0.09373280342679308,0.3097939492675014,-0.715578688710744,-0.07828600249765455,0.14527623150129593,-0.984232754504524,-0.10089936333406091,0.22981714960335015,-1.1911946829367954,-0.19977090441707465,0.21282953400636243,-0.7289171003638432,-0.16622463856546482,0.16553614584661713,-0.7001597379766832,-0.11155469396049339,-0.009917329625490032,-0.9531167011090239,-0.15948340959094098,0.08261709616406886,-1.1096195364255204,-0.25546196061517984,0.08642945768146665,-0.682602937663872,-0.20580551782205916,0.03124243517726866,-0.6346123962337945,-0.14183199795350288,-0.17013816015113598,-0.9050176990951834,-0.22614334737589678,-0.06722848079121502,-0.9937847530415043,-0.2581399663025675,-0.044181913495597476,-0.6994344894948944,-0.22190927766792998,-0.08990542337796761,-0.659116087602669,-0.179856953198877,fist
0.0,0.0,0.0,0.2399554429527856,-0.10984296185471891,-0.05458472305490772,0.4586760367578667,-0.4734300045115561,-0.11005697628808798,0.5293016884049563,-0.825437135012989,-0.17065664737948,0.46446474028653645,-1.0515322557718128,-0.2127749815837903,0.31747213762707155,-0.9619487927681815,-0.06179695458088586,0.40094585915001046,-1.2161705765013107,-0.12836167967410544,0.3597147391478952,-0.8487349324172236,-0.10916066906166644,0.31666462890081043,-0.7357187821135499,-0.09621950709209878,0.15914309907413618,-0.9811792744141064,-0.10936491886014908,0.24882320105312108,-1.214235484596021,-0.21955064557510853,0.22211037688673307,-0.7548704495203525,-0.1916365907553296,0.17435935377074382,-0.7309492680976344,-0.13934472812804122,0.0023908270532688775,-0.9525458108312653,-0.17122139042450932,0.09856038556964551,-1.1361059080451392,-0.27678351304209886,0.09345152711584749,-0.7101945306290807,-0.2288785709200003,0.035640511920432244,-0.6637727510863525,-0.16460506512261408,-0.16318772442497273,-0.9101946229443166,-0.24134232503020392,-0.06009826607868931,-1.0346860493842178,-0.2798050467081952,-0.0417531438988919,-0.740667892390741,-0.2445041441879406,-0.08966728743888337,-0.6932117000470175,-0.20245503740515755,fist
0.0,0.0,0.0,0.23713914636579286,-0.10410033544027057,-0.037458369675045254,0.4539840598959522,-0.451476096705711,-0.08984816949266998,0.5335674047307023,-0.7883102353768605,-0.15044279947352165,0.4762298973399859,-1.0180668049319463,-0.1937874318258827,0.3214671976052355,-0.9543639406254665,-0.04985263203357664,0.41525817759370387,-1.1842695555129357,-0.11170156076583741,0.371578036175604,-0.8249730673714624,-0.09268437433883887,0.3181512772597463,-0.7104602432954381,-0.0807237824276084,0.16780387634683291,-0.9802301684519595,-0.10483632929294814,0.26490652376598833,-1.1849219913064426,-0.20812278732725178,0.23624197465685481,-0.7345472062201714,-0.17991781882392274,0.18258903799924805,-0.7021923836058079,-0.13035715277750098,0.014971613303626384,-0.9549765536712809,-0.17169297156808655,0.12137702856664585,-1.1180340804417932,-0.27036371217050315,0.11600801360043322,-0.6997630026822514,-0.22290729654387342,0.05314403673867163,-0.6493207267287813,-0.16219591076134476,-0.14342839181563724,-0.9112424775609178,-0.24533487360283193,-0.031034969168387563,-0.9990040809029899,-0.2791337541068248,-0.015594278693518185,-0.7071988375851397,-0.2427368501087986,-0.06978801213107652,-0.6652504057487396,-0.20188441374833557,fist
0.0,0.0,0.0,0.23913838285843772,-0.09675883733197622,-0.034276774379455296,0.46631885073992413,-0.4454232502845896,-0.08079798676300405,0.5561536890935407,-0.789708395518763,-0.1352568783510195,0.49315822922027736,-1.0321376345306432,-0.17178085536337678,0.3331836475226644,-0.943771826517352,-0.03567209298482647,0.4316430090754106,-1.1809402595060106,-0.08928219244359352,0.3853906718798493,-0.8212390029909443,-0.06486719442712274,0.33200065674581186,-0.7111738213472845,-0.04959623596442398,0.17990877695815516,-0.9796722938286985,-0.08874124564055091,0.2802706318846062,-1.194649541285343,-0.18345470743234135,0.24745835098701266,-0.7465140194226904,-0.15263784773724348,0.19227012982186575,-0.7120955933485376,-0.10110702721338806,0.027851826424400396,-0.9660719032477768,-0.15346437747132058,0.13798356380973623,-1.1290387910576014,-0.24394110341777464,0.12858839518067702,-0.7091387169093385,-0.195006369665038,0.06345144176660866,-0.6636962580019578,-0.13333619474265357,-0.12693801295476306,-0.9353129420437458,-0.2247454016593224,-0.009274167288178082,-1.0288815074634587,-0.25182500633359584,0.0020214930381446754,-0.7332507111544964,-0.2135849795975701,-0.055652710183367635,-0.6888959632253586,-0.17133878512129894,fist
0.0,0.0,0.0,0.23675498359274305,-0.09248722651479813,-0.03470520410952765,0.4624920116304309,-0.4254783281798318,-0.08201751407676902,0.5597452950224673,-0.7620687902960177,-0.13853451657444632,0.5116873293850079,-1.0217640516274042,-0.17794665503743964,0.3364963938349531,-0.938944838397271,-0.02119116128005777,0.43297507071648417,-1.1616997770504802,-0.07117652837795146,0.38783592730090466,-0.8075064756351117,-0.05061504847664515,0.3343118036842884,-0.6948505517695405,-0.03948781918947775,0.1873788133240258,-0.9794637099599567,-0.07443118424932663,0.2855933829793683,-1.1814668111650162,-0.1656743083173504,0.25007948507899896,-0.7418549318456263,-0.14312661476899532,0.19448762825842647,-0.6980107881644956,-0.09951000004381945,0.03622326014944385,-0.9693407558284446,-0.13967440510124862,0.1432766062165042,-1.1288520489529277,-0.22908315866354578,0.13147030851695843,-0.7181428571579744,-0.18841257078002235,0.06826859829502084,-0.6617116698546325,-0.13395846930067137,-0.12147222378531322,-0.9375329817161138,-0.21135697181030744,-0.0058419108149216315,-1.0370426551637382,-0.24151882415287707,0.0070540805141258685,-0.7459808249328823,-0.2083937949370168,-0.04580376079636944,-0.6898095740969292,-0.17044056030302618,fist
0.0,0.0,0.0,0.23547317501098458,-0.10266345248255063,-0.018295460908491188,0.45736754321551853,-0.43349717242544133,-0.060508358468406985,0.5537791552017329,-0.7637146014672879,-0.11535025368853503,0.5038844028128574,-1.0307906755237999,-0.15415703271224915,0.3263687793630185,-0.9398421204198985,-0.003745247285254127,0.42748183812710044,-1.1635993240004714,-0.048977009823062446,0.3842231145498344,-0.8131751147287808,-0.027255776331835693,0.32773325472148207,-0.6916601205296962,-0.01601011706415797,0.17998164629542512,-0.9816130674964217,-0.06357965647165331,0.28281179161144077,-1.184037025359149,-0.15024023444912107,0.2451919471899289,-0.7469617568937311,-0.1281810639966237,0.18576842237880942,-0.6899354082102526,-0.08602680798470809,0.030585986837252097,-0.9733018401515977,-0.13366901202852127,0.14199630205930008,-1.1439130292544997,-0.21827746643254245,0.12849149741925253,-0.7296626495940136,-0.17726128238048114,0.06314629562343986,-0.658717449316231,-0.12425097434294094,-0.12770464709840018,-0.9405499205310662,-0.2088982154412177,-0.006856961259055556,-1.046605658098765,-0.2366323666143206,0.006405859519009629,-0.7520482512282815,-0.20207753028042405,-0.04751529811530765,-0.6843449687889648,-0.16404919712252394,fist
0.0,0.0,0.0,0.24064339088554537,-0.0969254446256523,-0.01261367206339814,0.460928262021983,-0.43834806792217085,-0.05359789076938546,0.553280837371349,-0.7717778620009959,-0.10932514719874253,0.5188701062038391,-1.057060144553814,-0.15034089076935542,0.32794400299543064,-0.9389820957021264,0.005880845631239355,0.42298644314091266,-1.1611609849730606,-0.03873558033231142,0.38029806965483043,-0.8063754948824235,-0.01937193774556806,0.3273927695963984,-0.6802563770070934,-0.010127164929558324,0.18277820173780046,-0.9815172692565297,-0.05670942708845207,0.2825076126183894,-1.1876285585038888,-0.14412938246826404,0.24304051274966765,-0.746497340133458,-0.12592732246918123,0.18363506404438776,-0.6804444902229869,-0.08655463026863794,0.033609597951813924,-0.9748784587017132,-0.12934216106132707,0.14394306535432264,-1.153758707900344,-0.21213463664822893,0.12914060380321166,-0.733423912175035,-0.17268148281929813,0.06466545987498531,-0.6544599755709108,-0.12223686717751947,-0.1264390645335094,-0.9480593293247892,-0.20685802239462694,-0.001971664397496975,-1.0442003814893215,-0.23274199614977165,0.007327714632927609,-0.7440932796671098,-0.19880242911434126,-0.048244101274448566,-0.6768361967925994,-0.1626093307330678,fist
0.0,0.0,0.0,0.2510061707076255,-0.09505066934886064,-0.012912215236200205,0.47332762599679196,-0.44907478766118925,-0.050964657053110596,0.5652104652919709,-0.7961901228526552,-0.104459644635307,0.5372467239993447,-1.0859323709200346,-0.14386636504285433,0.3379462810472692,-0.9381619254215237,0.015811177737600452,0.42840214001637306,-1.1699104316181401,-0.02495351771692156,0.3871617344648579,-0.8175074196286839,-0.005280490592795652,0.33761641538938014,-0.688534403493978,0.0032521734248127754,0.1913604725910149,-0.9804521424259957,-0.045768394575492484,0.2871003520709417,-1.1961102428704151,-0.13017081310297118,0.24790289697424428,-0.7587577403860489,-0.11604961077907176,0.18955495228413405,-0.6851427401102634,-0.08041924943826828,0.039706935861688115,-0.9756982835544545,-0.11767687280416715,0.1494068625238971,-1.1664490702602959,-0.1995065720027698,0.13334536429211755,-0.744422352474232,-0.16545889740483669,0.0688089250531339,-0.6578412438308433,-0.11915254887671686,-0.12475685999472934,-0.9530722644904234,-0.19429629137728122,0.0025517456659646894,-1.0585915695535646,-0.22102469320794524,0.011756562869017731,-0.7551681804593955,-0.19032909125924183,-0.0441636071418995,-0.6800666709320898,-0.15695485905396528,fist
0.0,0.0,0.0,0.25086968182570196,-0.1013400263026221,-0.009482290615075785,0.4724676723754455,-0.4554959734429014,-0.04384676584112877,0.5657852176384384,-0.8007118646957356,-0.09390722647383369,0.536983537243089,-1.0910356616265668,-0.13026247933198667,0.33670656414754535,-0.9405616323896715,0.0223579304211184,0.4289762050349121,-1.1642066440115397,-0.015310978654914698,0.38746693757780365,-0.8108945175750433,0.005354747384133117,0.33470283355126595,-0.680894592911719,0.014147521796830974,0.19031065807039518,-0.980912020679899,-0.03991792968691808,0.287038187244237,-1.1941863292601886,-0.12090211644360759,0.24759678442169736,-0.7578011539769292,-0.10641865356691739,0.18805760640026492,-0.6810233190885718,-0.07163469180467835,0.038054847819730356,-0.9748133317388237,-0.11243668822858999,0.14912458035623932,-1.1659641457108139,-0.1929543320668975,0.13330557623688394,-0.7437880956607702,-0.15979040613279932,0.06805927048314835,-0.6520793985583011,-0.11445154207213493,-0.12703750471968273,-0.9505088217284013,-0.18928973029778554,0.0015124180529526756,-1.0566614204542542,-0.21702596966641435,0.014211988359925345,-0.7553145856923834,-0.18779539289000216,-0.03908660416071567,-0.6785257563974622,-0.15553478343270719,fist
0.0,0.0,0.0,0.24941458659420376,-0.09851750900568164,-0.020738557423061556,0.47310592332637424,-0.4527242658690182,-0.06233347744585286,0.5634974051966154,-0.8039415268699512,-0.1174857185320389,0.5260967206368204,-1.0916700935461503,-0.15821605123056243,0.3362486125874074,-0.9417977400471065,0.0024057452478529716,0.4274806938895057,-1.181048599015112,-0.04117655980264047,0.3842419898632978,-0.8220594862308909,-0.020373579431884222,0.3306567130044604,-0.6869031476922116,-0.010706879518868744,0.18671531365372482,-0.980767962275848,-0.056846950845858286,0.28182750516023974,-1.208796405914769,-0.1451517786781047,0.24123900980358523,-0.7669158378225832,-0.12899485451104659,0.18085821873320543,-0.6884678001838875,-0.09122224221383811,0.033040780159112285,-0.9727264952326945,-0.12689238180379364,0.1410207612251049,-1.1756039526327644,-0.21454351185245563,0.12406117044613106,-0.7479218033376992,-0.1793522650272451,0.05769510670873871,-0.6548759255031009,-0.13039160811246583,-0.13353632070459784,-0.9428508446902549,-0.2020084522984786,-0.007543876843972089,-1.0689137746800776,-0.23420687378034785,0.0044049178198225835,-0.7641545495269854,-0.20400148831132928,-0.05009097934509054,-0.6814517551126799,-0.1695852690444862,fist
0.0,0.0,0.0,0.24902759331838006,-0.09967174605480379,-0.019365254100473236,0.4720610236637459,-0.4602438755232908,-0.0578829472776235,0.5623746258072159,-0.8128639483178234,-0.10969300712961473,0.5211742453565607,-1.090328513674766,-0.14707560189736799,0.33769461004540813,-0.9418903537870948,0.004142179011406298,0.4303930657047819,-1.1788221264718204,-0.03819056104043113,0.3886381165814818,-0.8234504953861894,-0.016437049231694627,0.3347989147985077,-0.6937339445892169,-0.00597066178181147,0.19041093396103176,-0.9801935351542326,-0.05444529244971734,0.2863059678705494,-1.2055911123420757,-0.13964066258029512,0.24707329979404608,-0.7649348244416942,-0.1211929469635458,0.18696518155133926,-0.6923788721170936,-0.08238031202228899,0.039111435709183656,-0.971620509636983,-0.12394859019545602,0.14820171049950123,-1.17322415250298,-0.20942699611441967,0.1329322162041848,-0.7481684343132484,-0.17333895162491822,0.06586445777534544,-0.6586744231263254,-0.12395649979766564,-0.12373486713118576,-0.9427403685152119,-0.19858138426875113,0.00037850410865545274,-1.0605393611575753,-0.22869138900426986,0.013764038161441498,-0.7587503541920221,-0.19834552773924788,-0.04005769598082129,-0.6817041770869929,-0.16416028482989858,fist
0.0,0.0,0.0,0.246239024772897,-0.09326231702974468,-0.02852084817668329,0.4707905315884647,-0.47772715158710116,-0.07123585372196563,0.548707941575483,-0.8507893706536005,-0.1248505360576881,0.49181859192339916,-1.1129632643821572,-0.16294597945554776,0.3318228175246282,-0.941565105759449,-0.0212520945522358,0.4272260880663213,-1.1840204880876006,-0.07173593952811198,0.38561677508590225,-0.8188773108959202,-0.04869687600899811,0.33389045942293516,-0.6908398496388307,-0.0358909039391841,0.18246277750997777,-0.9801665611782803,-0.07733580782075333,0.2798483524564955,-1.2031233669469519,-0.16992531156347265,0.24214895365914457,-0.7502453833805713,-0.14564401946482472,0.18390750195925015,-0.6908093224053901,-0.10078292736603367,0.031004799630499666,-0.9707831371659883,-0.14472951779221155,0.14063306715479357,-1.1650586820494526,-0.23662046534887296,0.12695200996804476,-0.7313439380085448,-0.19439872865591523,0.05985927943879079,-0.6495337275905385,-0.1386240132873438,-0.12947004419306185,-0.9436134368699353,-0.2180977629209023,-0.007038608710358983,-1.0521245695371442,-0.24956032651118762,0.005068098918454106,-0.7449868361534927,-0.21540490535854417,-0.050500138453099835,-0.6769143433176364,-0.17743378238436966,fist
0.0,0.0,0.0,0.2518305580126482,-0.10872577957183246,-0.02119265157318872,0.47773236844699685,-0.48614291024641154,-0.05771728960160163,0.5646312835656717,-0.8618550369985742,-0.10592382198605492,0.5062001385120845,-1.130781306112732,-0.13744109912782912,0.33812238298102076,-0.9490496864666399,-0.0027279938635527924,0.434436382705267,-1.2172931431273248,-0.04621016768742729,0.39419552358910054,-0.8496660118948034,-0.01632636633085481,0.340141127658779,-0.7134789130275851,0.001251558217869885,0.18786608018468945,-0.9803288408144862,-0.06051181523772983,0.28252277507513107,-1.2355327976214583,-0.14923071889430464,0.24801093424436454,-0.7799122956820727,-0.1215339822376736,0.1910621576171001,-0.7135566625420218,-0.07227113862995456,0.033973079624899656,-0.9693632973335993,-0.1296903102537367,0.13875402532084352,-1.1979566480905708,-0.22065375414878455,0.12786849706110223,-0.758378303632989,-0.17707301975400938,0.06198448865969733,-0.6664452267022616,-0.11767314347563666,-0.12975702322695137,-0.9415060756027386,-0.20388578050393136,-0.012582781080258482,-1.0860836826521545,-0.23475840446312177,0.0027077580127506558,-0.775990715111882,-0.19941573494453524,-0.050991875946023495,-0.694583157569601,-0.15876920998569338,fist
0.0,0.0,0.0,0.2541393190764866,-0.12324117154066483,-0.01846730225929916,0.4748772786174625,-0.5055852770096289,-0.05161135538848148,0.5561639029355996,-0.8911147521499692,-0.09635008509601067,0.49482302575463616,-1.1630437365026665,-0.12358654574994796,0.3238938405752932,-0.9559573968019329,0.006671898296255771,0.4202076191927316,-1.2360097454157428,-0.03436183768248742,0.3861699816922529,-0.8612731166006421,-0.001074354372337006,0.3329369224968705,-0.7162208935993886,0.019301666789821075,0.17317866906370136,-0.9835820090902122,-0.05074997512695001,0.2672146073902118,-1.2557657036212238,-0.13823971107191751,0.2386211512107869,-0.7903801102520862,-0.10924663010680825,0.18193918188121183,-0.7176847309034686,-0.05749548076081147,0.018879894486709417,-0.972511568469076,-0.11986221779843326,0.12405243838301973,-1.2164311391215294,-0.211302542189006,0.11807968369388289,-0.76760220482362,-0.16787807906866534,0.05284626786014987,-0.6709235240268977,-0.10679429841931015,-0.14640748511701887,-0.9447697994483885,-0.19331693165599173,-0.028541469434046052,-1.1073689170871477,-0.22472432589178531,-0.009731471002128157,-0.7921222880732888,-0.18928390131124068,-0.0635503138595513,-0.7021553697193859,-0.14737723661735055,fist
0.0,0.0,0.0,0.2623156351552806,-0.1191566772394459,-0.019686413477235536,0.48941522707495116,-0.4977423711650908,-0.052171798705159665,0.5722446130806225,-0.882932625265153,-0.09561005081223425,0.5067493696816256,-1.1577253898684068,-0.12105628267788365,0.340557401456351,-0.9504461092954244,0.006498265911390544,0.43295701592216923,-1.2430851501036644,-0.03253362372672131,0.39828053969163435,-0.8662393322411335,0.002971938294245225,0.34738168891717297,-0.7147954854825446,0.024917778732334753,0.18550508658719117,-0.9814045138044777,-0.04932568432849952,0.2790324611016901,-1.2639228377912484,-0.1349043673752592,0.2510696285919003,-0.7980024383756232,-0.10473269869045923,0.19584735092110603,-0.7171539783673812,-0.052070503938566916,0.027025546114707713,-0.9730421353388257,-0.11684352389965558,0.13182675064778804,-1.222654672984731,-0.20601794972671586,0.12649959910586916,-0.7736735571409814,-0.16201629296683404,0.06400759865873758,-0.6720308348378532,-0.10084679237676665,-0.1416371189292298,-0.9482948621469953,-0.18883451208504323,-0.025062692361544642,-1.114611775888385,-0.2185025063470177,-0.005798850118886364,-0.7977431861808952,-0.18252000167989038,-0.057160298340109446,-0.7028802858167248,-0.14027772340499256,fist
0.0,0.0,0.0,0.26704672944068264,-0.1006393896455717,-0.022808839416884906,0.5023453461798767,-0.46504656345229195,-0.057804556119359925,0.5969267107030135,-0.8513590501336146,-0.10298685583092616,0.5453726090028599,-1.1439148670438037,-0.12952642165399406,0.35159722045988734,-0.9428371989854899,0.00520083488992515,0.44894781731038674,-1.2346207487616134,-0.03262012676061775,0.40499821676442654,-0.8514528095773337,0.005174890890746079,0.34907542429760624,-0.7065847602130756,0.028153858728494227,0.1965450369625408,-0.9792558080002908,-0.04927566278692294,0.29452240737245877,-1.2597599302601157,-0.13652113968050772,0.2586470760811016,-0.786440621571028,-0.10573766740959181,0.20027239094258395,-0.7151393385706364,-0.05128069843529549,0.04027051326179657,-0.9776574591402025,-0.11549399807494849,0.14886128626384207,-1.2209368630850843,-0.20706976389203463,0.13617213835410902,-0.7655233889879277,-0.16446805937258926,0.0701405244434601,-0.6837817977530434,-0.10271227831800035,-0.1263039569026659,-0.9606121032299785,-0.18572111304016453,-0.003640529406421354,-1.1309743994417345,-0.21705739848090855,0.00854584042123812,-0.8069265052340594,-0.18235799577482148,-0.04872522948995209,-0.7186003935389326,-0.1400775317754704,fist
0.0,0.0,0.0,0.271133177882683,-0.10952901713922328,-0.017504107553798602,0.5098574757219189,-0.4727545532152078,-0.05178054891823926,0.607199638652625,-0.8586601431343978,-0.09799672535139835,0.5547091665441751,-1.1468515080394859,-0.1260934309777759,0.3572913352274623,-0.9404773819353143,0.007096888422047864,0.459424125257804,-1.2433542732706908,-0.03306238857352288,0.41463988343500424,-0.8581322053935104,0.004444999738708892,0.3566528277444852,-0.7013078915640277,0.0275997943160506,0.2000304238788186,-0.9784224700270339,-0.05174243586320056,0.30146119073771005,-1.2762679282236782,-0.14330753007721853,0.26207607379150094,-0.7984889344225978,-0.11355961685804189,0.20385141698194587,-0.7117908937257962,-0.059116055538814646,0.04046910831760594,-0.9779912626007022,-0.12198934874247998,0.1520905012218304,-1.2449477012535344,-0.21804666650481155,0.13786590056752648,-0.7818481153989902,-0.1750293371729068,0.07363114457528758,-0.6774306544000134,-0.11223311683376619,-0.1307222794306919,-0.9588782847849154,-0.1958686925247316,-0.005447490033868304,-1.1478826182298834,-0.23067742035149116,0.008251503730501122,-0.8188949518046416,-0.19548961967870376,-0.04579044104363536,-0.7141517543849626,-0.15261352534674125,fist
0.0,0.0,0.0,0.279184300826821,-0.1062623071945971,-0.033325225099546614,0.5241702223539897,-0.46786170986503584,-0.0702393007725245,0.6299245610642035,-0.8642782398688229,-0.11535637032771111,0.5785480273533351,-1.1471847945881202,-0.14066278343361974,0.3761841559520116,-0.935173489295191,-0.0021089898299708983,0.4791281121012823,-1.2541081169447328,-0.04473270532072658,0.43402557663985925,-0.8592385333196424,-0.004266277547054586,0.37621879363478566,-0.6979114658488312,0.021884418347565382,0.21667655865476323,-0.9747565786715665,-0.05385964413204426,0.3190284698297452,-1.2902390348009238,-0.14796467780772338,0.2787060871800624,-0.7998454359968603,-0.11528197369684104,0.223830231975542,-0.718618086235682,-0.0571837363351427,0.056417155793514216,-0.9757197198771624,-0.11970606982180551,0.1671512336109249,-1.2715786317092321,-0.2248408498697332,0.15272395208540038,-0.7973014736743479,-0.18475282471357823,0.09036773070186535,-0.6851110872913146,-0.11991407711778157,-0.11388091892688591,-0.958941653590324,-0.18994697031420252,0.006431012238760193,-1.1559165424254187,-0.23128757876631553,0.023173067542626366,-0.8231485092915725,-0.19968006380566425,-0.026582819345580603,-0.7135936385775913,-0.15716639949059213,fist
0.0,0.0,0.0,0.2812669965588031,-0.12077432797868744,-0.01812583334018075,0.5220253639106518,-0.4712412719137925,-0.04950998585788405,0.630023955662348,-0.8542797406393955,-0.09337185892363592,0.5861258422413339,-1.1341467396114358,-0.1188500632559413,0.3771647314890149,-0.93566749058221,0.02000888733796319,0.48346469268354575,-1.2565803470319175,-0.01868983602035686,0.44036137847021567,-0.868704646337829,0.019448175258714007,0.3797461957649298,-0.6953090114422901,0.04365251603580623,0.22166794364291006,-0.9743843219667551,-0.03792750804507976,0.3256805629297709,-1.2887984894741067,-0.13159743323919496,0.28443172835503383,-0.8066723568651838,-0.10671324799182928,0.22508698007799843,-0.7082444852008453,-0.05408491270135801,0.06107977472746769,-0.9747395707711287,-0.10847705869438938,0.17200745819718724,-1.2671140029108148,-0.2111484251549083,0.15658197650990274,-0.8015162719855924,-0.17641986042077862,0.09274295756632725,-0.68015525465047,-0.11647386054155068,-0.11319776065878846,-0.9570446340467967,-0.1822021218679306,0.012180181204247527,-1.1638544986461856,-0.22274286967300425,0.02933260136568298,-0.8355778508679904,-0.19349628082431705,-0.02116047902304002,-0.7169151068508515,-0.15364453721986682,fist
0.0,0.0,0.0,0.21709227835661046,-0.12441074067457786,-0.023157030074199596,0.40868125511413594,-0.43997806522294586,-0.0829649885380598,0.5368362725367497,-0.6640104115687676,-0.1752334603829594,0.6705639675911675,-0.843854568759242,-0.275649393911057,0.27685483745041806,-0.9568194109921806,0.013244674708305001,0.36653175437845703,-1.2999078705970646,-0.08207474233752413,0.46801582403845865,-1.3495792927683958,-0.16365433638741192,0.5596634190370899,-1.305729880888515,-0.22454865373056201,0.1604806723351666,-0.9844364788749915,-0.07162927381357831,0.24821251645180545,-1.3928708344084093,-0.1986950322137159,0.3756493121471214,-1.356146172794448,-0.3199353117366697,0.4765329906164702,-1.208913267638286,-0.3973612417850056,0.03178829205221964,-0.9505036015392944,-0.17128603602706735,0.13788837588180683,-1.277862321737045,-0.3015196849150808,0.2740365210257509,-1.1374120296051975,-0.4047728636425991,0.3691639981956007,-0.9257374069944221,-0.46404541801948895,-0.10678893481839907,-0.8604525697608855,-0.27711095021601373,0.014344622331824302,-1.0077358744091223,-0.38458885188412645,0.14245410642021827,-0.895871247295141,-0.4457224509537323,0.2344233312809206,-0.7374928710144691,-0.4854647676730864,no_gesture
0.0,0.0,0.0,0.21062270181192788,-0.12980021641953995,-0.044835283829989955,0.3966039058014878,-0.4400056153971263,-0.12037825587680301,0.5190716798987305,-0.6677166994915941,-0.22368743551942616,0.6449948287938091,-0.8650670566087202,-0.3342625179005578,0.27098969941095236,-0.9641150809577363,-0.030487990470989726,0.35581613942788215,-1.3320856023788985,-0.1362672088250079,0.4514907368978639,-1.363094097196867,-0.21672075618183648,0.5335312924774347,-1.2882943815675245,-0.2753419930155592,0.1515912369148348,-0.9824383137867089,-0.1087889539179322,0.23636630144830803,-1.414651291255812,-0.2482134390712385,0.3601224853208213,-1.365517939636714,-0.36650652413527174,0.4538877997232921,-1.20232791152732,-0.439177432819247,0.02018585270569334,-0.941685027603342,-0.20212572265596765,0.11446158885767121,-1.2934910059724394,-0.3429044316476638,0.24678598507065444,-1.1632800155531833,-0.444564014338888,0.33846524796365474,-0.9545484372419073,-0.5009249310349728,-0.12094593343405237,-0.8421618662328301,-0.3024290270641333,-0.006790528665704931,-1.0069298227815364,-0.41722630930727483,0.12007128594165187,-0.8993992118978111,-0.47829509371163426,0.212292117689342,-0.7418339372221353,-0.5164342355385255,no_gesture
0.0,0.0,0.0,0.21547472511225463,-0.12853365650542126,-0.0505617170755445,0.40305674378786116,-0.43426314541423205,-0.13072763563013431,0.5266488883398391,-0.6655612992247054,-0.237838933797297,0.6515086351027438,-0.8693879258967196,-0.35251250219912866,0.2814447341663269,-0.9573269583548453,-0.04487610137371846,0.3710251698171474,-1.332872460827247,-0.1552574396182761,0.4663066800873758,-1.3542948917425834,-0.23662127913134742,0.5439138719891796,-1.2679947077640117,-0.29588095672140563,0.1605929839507055,-0.9792875047562055,-0.12331202915438792,0.24637653525829725,-1.4304116407736245,-0.2693544702290697,0.37103016312010356,-1.385884848709985,-0.39073722337708555,0.4626372991545174,-1.2189702270934077,-0.46556079403496475,0.02545109741439174,-0.9389511389827373,-0.21682113460639962,0.11773302608783977,-1.313973738124633,-0.3658205835639937,0.2514195389974086,-1.1835795537130673,-0.47143956637178513,0.34302144948221686,-0.9655793785382218,-0.5296178164710217,-0.12125690449502112,-0.8373680803817868,-0.3169200935731917,-0.008676386441355275,-1.017400341110946,-0.44009399094092566,0.12016313890096451,-0.9089165378245293,-0.5049640798647397,0.2136701686485495,-0.7430849984561488,-0.5450893914958153,no_gesture
0.0,0.0,0.0,0.21613130691118376,-0.1330595708161735,-0.053792135756515154,0.4001633606021042,-0.43981757570864066,-0.1325350256849224,0.5210700637052814,-0.6732331224871351,-0.23730159210731963,0.6467278324427785,-0.8753127949509537,-0.35039345720222714,0.27651395602337314,-0.9544011083600304,-0.04419125804401341,0.3705721712589996,-1.3120909148540452,-0.15409928410711166,0.4652854356642146,-1.3454798681546867,-0.23877059806854484,0.5445261021700889,-1.2766373581274384,-0.3008323724942567,0.15529355766340167,-0.9805507541859928,-0.12001712133493207,0.2368268962628373,-1.4231734938349863,-0.2652139298423526,0.35953302542758403,-1.3981147514994063,-0.39219421450312764,0.4556043298423768,-1.246245565937547,-0.4726455522420816,0.021101019150846834,-0.9403500501346654,-0.21093437925971073,0.11008433198815816,-1.3089320658500982,-0.3607167336319545,0.24647515743067602,-1.194359310215215,-0.4736514341763648,0.3455267972738187,-0.9871113873890831,-0.537713491247293,-0.12357829878393212,-0.8356984544068166,-0.30829001048473165,-0.011479033706207835,-1.0072558780199459,-0.4328725201591471,0.1177023325612307,-0.9051604030840542,-0.5021823174172876,0.21581438481118884,-0.7446284112187405,-0.546392143655748,no_gesture
0.0,0.0,0.0,0.21412149092406496,-0.13419310534196197,-0.05144055759513188,0.39719278055537627,-0.44033974820559235,-0.13076867240290382,0.5160320321575499,-0.6708713553016826,-0.2370695420955657,0.6352724907980174,-0.8727861364761565,-0.35099551848075766,0.26713838196424944,-0.9632293699327392,-0.04023036093692359,0.3513543295914529,-1.3247743582968534,-0.15012636516171637,0.4475420189438122,-1.3603714959409565,-0.2347768050452758,0.5315902309455366,-1.2909907685650153,-0.2970037000937183,0.14802179671637986,-0.9818762297337481,-0.11835791980553757,0.22700869846514954,-1.4217054031287717,-0.26450926858707763,0.3530817647735469,-1.3931166674560345,-0.3901476843436588,0.4506508266517274,-1.2411335700278467,-0.4688788957532462,0.01531643844927278,-0.9377915773412357,-0.21176694821728945,0.10470916567215936,-1.2971897338975733,-0.3607139962871175,0.23905043556456176,-1.1756637190644958,-0.4686436399188839,0.3336218994906352,-0.9672389075883187,-0.5288624275443828,-0.12801987021688113,-0.8320285668402265,-0.31211530421791683,-0.019066026178750153,-1.0098239551369819,-0.4358471231128217,0.1100794686627843,-0.910127287154151,-0.5023025791713212,0.20577546353578846,-0.7542144329821592,-0.5439822918134873,no_gesture
0.0,0.0,0.0,0.21655493482573576,-0.13281401009722044,-0.060940149291179094,0.40093063999576584,-0.4426197363594783,-0.14501970480273946,0.5191556106227362,-0.6795951650821754,-0.25395673354662196,0.6339347428327174,-0.8863799169263372,-0.371293802585518,0.2753338176678546,-0.9596614909898806,-0.059731389400992985,0.3652055836563584,-1.327126462693823,-0.177567446128132,0.460697961761188,-1.3670186600910108,-0.26600685129763874,0.5420986986751465,-1.3007123368693445,-0.32965848603809206,0.1537558301015487,-0.9788643243070175,-0.1348471701918482,0.23101809311396312,-1.4345688835879278,-0.2908579524453333,0.35488633215815585,-1.4146803503885508,-0.42110180171455863,0.4517268757597089,-1.2645022507413535,-0.5016889924769318,0.01800031546903435,-0.9324256118844103,-0.22547365975480102,0.10149768496291044,-1.3135395021647627,-0.3854159893249188,0.23691196796151173,-1.2061322216557218,-0.5000337531876976,0.33441428361731734,-1.0007364397685727,-0.5627762171596428,-0.12865062582402742,-0.8238952261737774,-0.322829258523295,-0.023100641818339904,-1.0148147877216722,-0.45509206162650645,0.1058474635483279,-0.9238973640907638,-0.5269047618146967,0.20360928632409778,-0.7705135134600591,-0.5715914254990853,no_gesture
0.0,0.0,0.0,0.21476935569626046,-0.13189888760429502,-0.048295668230083744,0.3944421480436157,-0.4442229306624033,-0.12446257513685981,0.5085638064687126,-0.6808556493577692,-0.2268897442705109,0.623594570314113,-0.8939922342009062,-0.3367508930515473,0.2578951593235966,-0.965142411026784,-0.039131746138868585,0.33689351600507406,-1.3374362938655397,-0.1457264131919695,0.4354369477128627,-1.3898594522413374,-0.22571074817855516,0.5229311988115654,-1.3366430164051,-0.2840917280042963,0.13534399146125553,-0.9840033519538408,-0.11584207922400479,0.21101733655858648,-1.4348497978932253,-0.2572175091594461,0.3414853742905355,-1.4179205907326118,-0.3734865084712996,0.44207901851376236,-1.2779431351217043,-0.44498532169378197,0.000444180057029454,-0.9379052069485101,-0.20767397216790115,0.09035272379575676,-1.3086247515467306,-0.3523054067313017,0.22570812517544644,-1.1855011284837498,-0.44956715308122536,0.3182826712699613,-0.9764774158552353,-0.5015083864677992,-0.1453287649824602,-0.8290737168673961,-0.30656912325530594,-0.037280698341319744,-1.0158637627803455,-0.42754794096896015,0.09509175850385111,-0.9232002423723832,-0.4883706145267235,0.19106357899926338,-0.7731639640221496,-0.5246696565017354,no_gesture
0.0,0.0,0.0,0.21196306813214255,-0.136659709947324,-0.0553319777501728,0.3888416561005254,-0.4482261163576915,-0.13471035034973883,0.4985211872689768,-0.6912922531813841,-0.23817615298773503,0.6102516411492053,-0.9065272818833745,-0.3490700884252946,0.25206299904076285,-0.9630369963029032,-0.055485290141640546,0.3327595794246579,-1.3243025943401288,-0.165514521531703,0.4255391277322859,-1.3778817492769528,-0.24767882636322758,0.5088929179847236,-1.3326311796552968,-0.3081054177278573,0.12850634287855583,-0.9831800035610295,-0.12978127922667562,0.19925482726254273,-1.4282878756172552,-0.2761831579854985,0.3253839434756802,-1.435136141243681,-0.39723574868642714,0.4283513119636694,-1.3184385016969085,-0.4734006442378046,-0.005749377303050986,-0.9342682646929596,-0.21849415156947577,0.07848770963146652,-1.2989095589067463,-0.36950288630471023,0.21051843257713151,-1.194988211702555,-0.47038084582771533,0.30638763213035086,-1.00323585918485,-0.524737531732939,-0.1477584477017397,-0.8205209710235571,-0.31417849701646516,-0.043447319959865574,-1.0110381035274776,-0.4408209729547761,0.08590280399755097,-0.9284746253394146,-0.5042931536658939,0.18359624051557286,-0.7881062816729252,-0.5425238421397651,no_gesture
0.0,0.0,0.0,0.2104624479857332,-0.14040991176683595,-0.054828742226854854,0.38906104939770136,-0.45754664270457046,-0.13182935893577394,0.5000837622373628,-0.7024621233396509,-0.23348754510876193,0.6061693385603084,-0.9249556399124159,-0.3424160203529978,0.24954250616518495,-0.9666079231822253,-0.042138114787014305,0.3224601882733235,-1.3294959949541227,-0.14993356327036722,0.41564051766264537,-1.3923686481640645,-0.23447020786507333,0.501357898951758,-1.3627898359443495,-0.29719236098145674,0.13013132551804216,-0.9848093523535764,-0.11496241836289953,0.19025618452029802,-1.4329042568390666,-0.25808004254970224,0.3150247444734797,-1.4517319818499725,-0.38230456171160754,0.4196970581626849,-1.342402387900262,-0.46189521684291757,-0.002239766859699274,-0.9346476969559327,-0.20313523174191503,0.07448886526647282,-1.309131008755333,-0.35196969638530445,0.20730082865880992,-1.195036180166185,-0.4553004878242211,0.3053889566444589,-0.9915896207984828,-0.5117216349295534,-0.1457074692195815,-0.824577320516399,-0.29865811098839284,-0.04428553352660132,-1.0194769185457684,-0.42408800611378117,0.08588848095763157,-0.9336062007821224,-0.4896267428390749,0.1857889131348118,-0.7892888447434736,-0.5298168860413718,no_gesture
0.0,0.0,0.0,0.21356633524807345,-0.15334425432715829,-0.04517080537396227,0.3898173695514669,-0.4765764215190596,-0.1157470461972131,0.49801672317559115,-0.7233910092650732,-0.21264124358776898,0.6069973222646552,-0.9404046544213504,-0.31566923229704597,0.24894092415922,-0.9698825831582824,-0.021816332669756276,0.32044894450407774,-1.3222734371582818,-0.11878215196704364,0.414568734650334,-1.382335611362965,-0.19746916519179436,0.5030340678616159,-1.3491073614921452,-0.25713171548180347,0.129312755203154,-0.9869739707767725,-0.09571087895792899,0.1887754220978721,-1.4207285395561382,-0.22643259778402156,0.31244789365612546,-1.4478982794241622,-0.3470486393431752,0.4185766896215262,-1.347800104084316,-0.4258882511814647,-0.0029234696791153145,-0.9352400903997236,-0.18394818936383978,0.07579726940371853,-1.2896971586308439,-0.3179018398106221,0.2079612562269036,-1.1815634136236728,-0.41572023001207076,0.3065009411622953,-0.9878812899429305,-0.47096282836258124,-0.14526662199251833,-0.8224682505167207,-0.2793674644685298,-0.04459288534488833,-1.0108228173399907,-0.391153289135249,0.08256547261672782,-0.93120710356945,-0.4504229306782604,0.18050496443779668,-0.7942359710960887,-0.48796494711375377,no_gesture
0.0,0.0,0.0,0.21659004708431717,-0.14548578596024236,-0.01930996965199194,0.39933297244851534,-0.45824066234927746,-0.0721369232135834,0.5178832974309605,-0.695765850833101,-0.15393527649823366,0.63208987132934,-0.9030496388551682,-0.24231324850745295,0.2637501529467532,-0.9489921097512972,0.02482481193200635,0.35252931442759566,-1.2815309838055067,-0.04751757705310975,0.44210168660191423,-1.355776213040736,-0.11545102684179848,0.5241668330987123,-1.345298245945605,-0.17067662910469097,0.14378134834883896,-0.9882002298570387,-0.05279402975228508,0.21909740630795604,-1.393528723547517,-0.148483580987552,0.3377911101497288,-1.4400998907487301,-0.2545985603913095,0.4410476520551746,-1.3626147562771052,-0.33044811909014477,0.011044056535743953,-0.953156151715265,-0.14321205158137992,0.10500496426652378,-1.2962961501636934,-0.2457499712178785,0.2324309547488228,-1.2117028516525008,-0.335966605728822,0.3287615551490662,-1.037048436138142,-0.3940222767545626,-0.13181629685335713,-0.8505393879868991,-0.23947808865263776,-0.005302732873067072,-0.9963827642496882,-0.32807142884686924,0.12202135008531095,-0.894116736057686,-0.3783099245175141,0.21755199927199842,-0.7356496223922804,-0.4139683610784395,no_gesture
0.0,0.0,0.0,0.21227846955496132,-0.1417751154201027,-0.0206897115446894,0.39466612931270084,-0.45653614938080056,-0.07672281120819097,0.5135382587718267,-0.6901173085193527,-0.16319678151649752,0.632785000988815,-0.8903724326105105,-0.25698078858881,0.2613116373321402,-0.956599309803659,0.019359238474331256,0.3474918674516341,-1.295539022606651,-0.06225978017793681,0.4400163090586763,-1.3669186805868607,-0.1372070081242464,0.5259826867869855,-1.3516803561422888,-0.19645262662396595,0.14396890070799526,-0.9876541479661382,-0.061743174798617774,0.22045418462339214,-1.3975063089336819,-0.16857494651081867,0.3424992761492676,-1.428120197851764,-0.2825812775562108,0.44703758657917947,-1.3366661599646137,-0.36216359623449323,0.013921870589601228,-0.9494671670018742,-0.15628511333691095,0.11025752032144029,-1.2947852300350537,-0.26869919744089077,0.23997686418105155,-1.191112376692798,-0.36419602172962456,0.33659715567008414,-1.000783520185631,-0.42395766045462935,-0.12514555158066462,-0.8482502479545372,-0.2568961553346906,0.0002779053497831452,-1.0041451016598752,-0.35314289019753076,0.1288026215697975,-0.8997031561088528,-0.40752987485241543,0.224484497253626,-0.7390229412613188,-0.44532951239057494,no_gesture
0.0,0.0,0.0,0.21535460500283168,-0.15203466567651996,-0.012475801051845332,0.39941995022726084,-0.4657457018043545,-0.06452699012941464,0.5243786433136711,-0.6893665804764092,-0.1495018571899502,0.6456651510930073,-0.870564143726294,-0.24238525737131053,0.24638601494587503,-0.9657927391966472,0.028334058064065838,0.3268069775634417,-1.326047120504612,-0.0556730511092105,0.43059020238934376,-1.4049083410006893,-0.13681677331083025,0.5337894083573818,-1.3962399236611158,-0.2005130191276336,0.13272399804716964,-0.9895511135002372,-0.056328626051192786,0.21504073111417624,-1.394348676892998,-0.16739340829121852,0.3504229139013001,-1.4197878887873145,-0.29189639848034304,0.46820542452528113,-1.3269759830694134,-0.3785165153886401,0.00747439745420065,-0.9494033257749049,-0.15335877398332148,0.12002161688658404,-1.2597016503166272,-0.26853457124136537,0.26251734654860126,-1.1580385241370088,-0.3736847597693384,0.36857447518573794,-0.9779370836690137,-0.43973134801253655,-0.12145446394739705,-0.8554993569891212,-0.2559794127094479,0.009933424224154783,-0.9998129105916438,-0.35216514375286523,0.14076559554406287,-0.8971998113343875,-0.41122853093875283,0.2350936304558346,-0.740080063884529,-0.4532187908682041,no_gesture
0.0,0.0,0.0,0.21295604822102515,-0.14571594808389374,-0.012064729234837396,0.3985676887520911,-0.4457778213373803,-0.06252247611940079,0.5272031984064381,-0.662330111264359,-0.14585154639438097,0.6477101212915316,-0.853354008939416,-0.23631323300608897,0.2447603108080508,-0.9573213201854908,0.04746942616502961,0.33121098886644323,-1.2928203987280682,-0.028522066387328016,0.4337943762156596,-1.3761129674688721,-0.1086959979028288,0.5341123318918427,-1.3816272351455339,-0.17282082317299624,0.13458620004564106,-0.9903032060390579,-0.03443972801921421,0.22489299021723774,-1.375176180242033,-0.134633707417092,0.3618725055310591,-1.4138063721928436,-0.2568689394777756,0.48009838172303493,-1.3375005561248732,-0.3439787537489446,0.01409249863740794,-0.9585994722674683,-0.12966379985667106,0.13419901593448733,-1.2616225004246273,-0.2348651108605968,0.2759810047612506,-1.1633588887047102,-0.3371798942192484,0.3799536729850186,-0.9871603698068075,-0.4034548265455909,-0.10973905578676262,-0.8703055379695769,-0.2310817596119669,0.030356624849091168,-1.0017334007411318,-0.3191196417739424,0.16154969242812994,-0.8926322812128704,-0.37500474435864195,0.2549765231822181,-0.7312304185734261,-0.4159924909020734,no_gesture
0.0,0.0,0.0,0.2086894167870861,-0.13156684655546083,-0.012959772121479992,0.4034348470388794,-0.4163736756820816,-0.06499510539042114,0.5398454073075909,-0.6183507782170676,-0.1490078141639891,0.6600432900215392,-0.8013772646574765,-0.2395093097331951,0.24980656469551002,-0.948852951281709,0.03564414259749599,0.34239990482953664,-1.2804292125337706,-0.04293458720872613,0.4522359089213992,-1.353529337241893,-0.12250230165466586,0.5561688494981059,-1.3417159543910189,-0.18579509366721164,0.1423769988415804,-0.9887415980713992,-0.04603066851654297,0.2456988632804152,-1.364268065044365,-0.14954006828240674,0.3898847155134131,-1.387115510268983,-0.2703796234556939,0.5089888966499873,-1.2938177886795583,-0.3557209409972981,0.02306511984144744,-0.9617991491176685,-0.1401698987756301,0.15605626129859287,-1.2332276055961655,-0.2452112509721761,0.2964495868221147,-1.1149477536986383,-0.34383774921657384,0.39610998281035636,-0.9307859580848258,-0.40736155125053514,-0.10087030406678797,-0.87557664618059,-0.24082558927488742,0.040757758046262006,-0.9860258804820534,-0.32859760670442584,0.17007393976145854,-0.8708823570220172,-0.3833162720862733,0.2614411595928727,-0.7125991256721793,-0.4227784410166612,no_gesture
0.0,0.0,0.0,0.20783145089447413,-0.13193828472585553,-0.008700488049685831,0.4043784780760163,-0.4230447106611383,-0.05590000820211777,0.5457748885111204,-0.6280437039385726,-0.13508867455704054,0.6710762379598472,-0.8041741413576697,-0.22027693026911505,0.25007314120621366,-0.946242526701403,0.047527598147417104,0.33880177176385207,-1.2770270203635765,-0.024301929263473212,0.4458421692690294,-1.3519549268000983,-0.09886946359281704,0.5465699010790758,-1.3351560047717685,-0.15907025796409938,0.14637988632522234,-0.9886666327369973,-0.033334639519597954,0.2484050344788072,-1.3650805212008086,-0.13010815630296407,0.3911100157705205,-1.3960536745303533,-0.24819433854446762,0.5095255378272361,-1.309971818382273,-0.3319398030595733,0.031075346696769254,-0.9657027578078379,-0.12652414928379754,0.1641058723287699,-1.237956253903874,-0.22741111458472582,0.30688228757287644,-1.1420308216504318,-0.32784080118567593,0.4102044013826031,-0.978639739532987,-0.39285000756138144,-0.0889532982249431,-0.8836136539798597,-0.22546751110204402,0.054541400057813466,-0.9884512041613268,-0.3097914469749238,0.1847249334042275,-0.8778531930176582,-0.36486846083587166,0.27821642837125,-0.7253966885213792,-0.40508749427873453,no_gesture
0.0,0.0,0.0,0.20716683514139508,-0.13789996163089532,-0.0010435022892755295,0.4067465041767615,-0.43430765544556776,-0.04584744052392729,0.5539539705529957,-0.635696155601365,-0.12408194884396698,0.6820770812412147,-0.813484047089612,-0.2071480766233344,0.25236016928144245,-0.945764176090335,0.05783558709593006,0.3505434732114847,-1.2734368235640199,-0.0070395179925344005,0.467101512743592,-1.337880632821832,-0.07439808335220395,0.5717215805250913,-1.3148273333476446,-0.12967110314721925,0.14895121631751154,-0.9885082847877131,-0.025785384689521625,0.26791535520971643,-1.3689394774108923,-0.11240944753573487,0.41939824059787856,-1.3765878041431132,-0.21761883743616736,0.5364229379481498,-1.2716654057204173,-0.2922547402031308,0.03630196808757457,-0.9692505286430204,-0.1219167814653011,0.18658998094900642,-1.2510905678124087,-0.21006964468596154,0.33000268810633787,-1.1205820806868858,-0.2954154339924323,0.42392143855694464,-0.9295812536250969,-0.351207759031089,-0.08127171869304298,-0.8891908208939374,-0.22415907588184641,0.07815185466243588,-0.9975004650591842,-0.2979460949208926,0.2106528788185643,-0.8783371620765581,-0.34366724750529676,0.29900791655424136,-0.7204661276936563,-0.37706988266632346,no_gesture
0.0,0.0,0.0,0.20675532728491244,-0.130411548109068,0.0011877453031878128,0.41010056147587876,-0.4322156876831497,-0.040913376895964956,0.5618814002120823,-0.6348206764272449,-0.11489518501427097,0.7078439164440391,-0.7946009958647973,-0.19538631200963597,0.2770369423435167,-0.9296053974638918,0.05006211840727018,0.4000339612960224,-1.218522267415569,-0.016409716016649804,0.5278749425247913,-1.2572451205380297,-0.08222334369318779,0.6387158812858753,-1.2131649073003037,-0.13574263670117545,0.17431533674096988,-0.9841574955431428,-0.03237541263259052,0.30931660786543647,-1.3411214924849804,-0.11660774330281809,0.463290903091923,-1.3310690912436156,-0.21880108829954606,0.5873981225107375,-1.2214839200190453,-0.2935716921721246,0.060807792610104404,-0.9702496911919903,-0.1263861511498949,0.2183507171099152,-1.2411332384433917,-0.21486427887409582,0.37292595166232445,-1.136364973250085,-0.30456088794593644,0.4855043038419824,-0.974437148217683,-0.36572711990095397,-0.058640945154159435,-0.8924980928548409,-0.22520901613452216,0.112781944833147,-0.9542970160927224,-0.2979002162107442,0.24292628457217702,-0.82671877112738,-0.3446350439823994,0.335478543345468,-0.6716341636319192,-0.38091145913369695,no_gesture
0.0,0.0,0.0,0.19724863424453526,-0.11179031797847001,0.004628715802242821,0.39567979915988677,-0.38616699687465256,-0.03731713765852363,0.537662096048752,-0.5704858626631971,-0.11373702915576447,0.6624065995516936,-0.7279939113112368,-0.19483253264148864,0.2735301840243231,-0.9331596978904687,0.06444197725553895,0.39709478470238313,-1.2019270206509174,-0.005385199252284249,0.5170556231611304,-1.215447287987252,-0.07436539586590304,0.6161409630046457,-1.152172042676316,-0.12937666792549302,0.17947530775574494,-0.9835234601733792,-0.021684030865214466,0.33494721377836767,-1.2899287633014636,-0.112120568581558,0.47881958885608733,-1.243839411419232,-0.21670445021385948,0.587461090442767,-1.123664075036028,-0.2900580458406874,0.07541874036441432,-0.9691846188282462,-0.12051902047996506,0.2575859477999761,-1.1747128291593674,-0.2082372021300718,0.40209754640142037,-1.0290430074620065,-0.29162979881725215,0.5036914936707761,-0.8532158068257302,-0.347450803279005,-0.032191550679881095,-0.8913633703176232,-0.22603580794929062,0.1477262206351945,-0.9137819619646901,-0.2947542802607476,0.274539495850581,-0.7742043630936466,-0.33803662733652384,0.36605280712554883,-0.6242601309956067,-0.370965672028746,no_gesture
0.0,0.0,0.0,0.20132113287854003,-0.09722557441205013,0.005260296721915008,0.40326266918321185,-0.3588476651021091,-0.03914117325830769,0.5489335484080958,-0.5346137485155277,-0.11870756028334997,0.6767594273746811,-0.6734052469840437,-0.20145269265589763,0.2859119018779042,-0.9248172130072009,0.06008631322483231,0.4095329225557619,-1.1887723389618854,-0.010869356759238892,0.5330584285222556,-1.2030500195199278,-0.07775893045017172,0.6371168423787704,-1.133505581296335,-0.13153736107972622,0.19352872434305257,-0.9806833697063371,-0.02840319058792308,0.3504576263239865,-1.2938075676211973,-0.12316000784920653,0.4993764479330018,-1.2461516963197687,-0.225379224583462,0.6153056600607212,-1.1223232849028828,-0.2959350243081175,0.09100595268047774,-0.9674943799787548,-0.12950777019398546,0.2864676338848824,-1.1376071864132866,-0.2173403046278306,0.4279440464678776,-0.9696456719731452,-0.29360773761408315,0.5257988682608152,-0.7855695875721455,-0.34356229094338236,-0.014061335314824605,-0.8868574115024829,-0.23791608319722554,0.1708910744530574,-0.8917850419936422,-0.3051261872003379,0.2918974904567465,-0.7453293723336,-0.3449295387112971,0.37808160845483335,-0.5967423095773684,-0.3746290035618604,no_gesture
0.0,0.0,0.0,0.20684770726023555,-0.09035354890064766,0.024253427832103748,0.4116693106318421,-0.34179312941809764,-0.013539328881840198,0.5574096278786236,-0.5097983849592526,-0.09029043240568342,0.6799838566748366,-0.639563787604974,-0.17042788667452843,0.27821807413794153,-0.9283708707324755,0.07687156813942392,0.42083118709177514,-1.1643996623626482,0.008025208165001355,0.5510022062386383,-1.1503255392352307,-0.05791655396067792,0.6555237526547725,-1.0549157443130348,-0.11077676570122495,0.19088664297872687,-0.9813819795060692,-0.021252760598586325,0.3741220836371383,-1.260684006033647,-0.11569458409944125,0.5288252064810977,-1.1909362150836789,-0.21911472782253666,0.6435273973063738,-1.0505309090202055,-0.28988429586852116,0.09816007266164378,-0.9665219057057077,-0.13025616152884048,0.32171775076769166,-1.1032951303516412,-0.21598176630350535,0.46663837092801974,-0.9307940171149053,-0.2919016059034674,0.5636985523402266,-0.7440563143039535,-0.3419581722050256,0.006940549019534377,-0.8860106576937375,-0.24497086985521915,0.21054112580721654,-0.8685339727299141,-0.308243389087877,0.3337733547052816,-0.7232082856842995,-0.34563139236932755,0.4188903835838736,-0.5744837741900946,-0.37408852273478815,no_gesture
0.0,0.0,0.0,0.21542169758006507,-0.08359875481399455,0.02034131642960041,0.4273505818709331,-0.3323498990268685,-0.017445797731177833,0.5793402694979499,-0.504713572731495,-0.09225504919992177,0.7014530515320788,-0.6520103784180025,-0.17052309784441833,0.29123881097114573,-0.9189816645006126,0.07136394379846657,0.4410691072485156,-1.154019386706336,0.003232545280956245,0.5805468837765547,-1.1364298439134282,-0.061996354640535364,0.6942373295129128,-1.035452337693925,-0.11387576232508693,0.20538758376854233,-0.9784274983751149,-0.022260971612532595,0.39360443394808775,-1.2599001224824053,-0.11411693124762366,0.555240157348143,-1.189790463262235,-0.21682251080816375,0.6761893709238308,-1.0439709723728863,-0.2879578920137003,0.11222622219378488,-0.9673742636769368,-0.12684179711929197,0.3389303623701158,-1.1066507899014277,-0.21181252650816382,0.49057756946402753,-0.9377059306147383,-0.2903475174826629,0.5941879710549769,-0.7476597440210779,-0.34265423536589323,0.01970666492223934,-0.8899665628536793,-0.2368177103097599,0.22806252425386242,-0.8602571809423558,-0.2997964633084834,0.35315046030687197,-0.7092326959839543,-0.33868403505565553,0.4402414736958868,-0.5525041960825424,-0.3685411373524113,no_gesture
0.0,0.0,0.0,0.21179016815777799,-0.08144718148230355,0.016240388358951367,0.42067724079401053,-0.32906972796746387,-0.0225407257914818,0.5709563889993012,-0.5040483811263646,-0.09787248236142874,0.6879743986022179,-0.6582700074911271,-0.17683346286517204,0.2948625376770151,-0.9156056791763918,0.07586347199453976,0.44041355114019304,-1.1510243377231375,0.008576661669695819,0.5760843378822748,-1.128611273380498,-0.058941621286722874,0.6835740958073075,-1.0369779408540527,-0.11304201013231839,0.21203271685379899,-0.9771287706768838,-0.016170111288361995,0.39399889615636546,-1.2553712457704196,-0.10419490672796107,0.5519262642113957,-1.1784343522981806,-0.20813371541682837,0.6690953917115569,-1.0319999921323972,-0.28149237292459933,0.11715403806515509,-0.969240908244532,-0.12013050974523203,0.3309733440236548,-1.12345895785433,-0.20212645765228318,0.4790456344159322,-0.9637863569238747,-0.28353098353729694,0.5827015581135359,-0.7804456977526585,-0.33949733471006394,0.01960374686531572,-0.8958027517689979,-0.22997266867258973,0.22033805365464781,-0.8710951991167182,-0.2910570069068865,0.344134013915037,-0.7237165756403424,-0.3313406847308195,0.43347129330154527,-0.5711619406361594,-0.3635657100728523,no_gesture
0.0,0.0,0.0,-0.031172640974021247,-0.42775331459864274,0.23039206554021877,-0.05988263966854767,-0.8217057501322791,0.2652360966465744,-0.022051702132045298,-1.1345820840862906,0.24290622997670075,0.016710466672621688,-1.3895861843741861,0.22365449103372234,-0.3072102112806752,-0.970737217141578,0.14095139659641445,-0.37159419902296204,-1.4741496048536402,0.13143354266693763,-0.29548443071025127,-1.7568967475831851,0.13681141374793857,-0.20457387128026097,-1.901255666788085,0.13568366003936186,-0.2850076236249625,-0.9584029910472125,-0.015308207844410782,-0.08244920187438697,-1.5823957481397264,-0.03346576515160906,0.08684715763942977,-1.5312229998419948,-0.0027638035874598265,0.15276493805869423,-1.3811786244426205,0.025076874558807843,-0.20958027256924497,-0.9362619064043969,-0.1543698024557472,0.08903716925127797,-1.3331961873286793,-0.12104734923380216,0.18639125504153806,-1.1325669147525632,-0.048957836912101475,0.16291307528463064,-0.9452136068874223,-0.01201554742516045,-0.10105463381452787,-0.8920979798132637,-0.2865010225672643,0.15141719549817861,-1.1132720606564663,-0.23100068271457602,0.215869551054346,-0.9544516676400628,-0.17172925550505996,0.17583655347977867,-0.8077581557087143,-0.13673533707313984,no_gesture
0.0,0.0,0.0,-0.009781258695024426,-0.40493861457301195,0.3180046554989484,-0.04635787064617656,-0.7739037235777186,0.4086829699306568,-0.015758617468232507,-1.043282452308308,0.42407675383227555,0.016744042784522,-1.2862699340383725,0.4382004548088108,-0.2803484372789736,-0.945818462512621,0.2986727784237385,-0.33101797734876964,-1.4328902858093866,0.32853129734143405,-0.25265924872327905,-1.7049348391176309,0.3438815412919208,-0.1621591531991112,-1.8360721761070977,0.3455595467233032,-0.2661919512396333,-0.9573732369860125,0.11215306593294849,-0.07177396151410496,-1.5265904810087616,0.12493666445741228,0.09678358698963559,-1.473078319874484,0.14661387043812196,0.166765298403771,-1.3183827816290434,0.16820906172203873,-0.2051716290980976,-0.9642433208767663,-0.05487160308210005,0.09018244469344174,-1.3022898605997713,0.0011641374414391955,0.1967651920631887,-1.0583728789727191,0.06213604401922572,0.17783520087954002,-0.8457413817852718,0.09152338607532187,-0.1106127081055666,-0.9509416749935091,-0.20881360961751239,0.14871124083460208,-1.1403634293067888,-0.14190254024699198,0.22438319019679356,-0.9430568847356648,-0.08621680750846117,0.18947296145899273,-0.7645923494230344,-0.05333161582648612,no_gesture
0.0,0.0,0.0,-0.0024134989669671114,-0.39814648273325315,0.28285166031212733,-0.03880162658922036,-0.7623948921013854,0.3534180737347728,-0.01926383054665695,-1.0373396866018396,0.35544651205148087,0.005458682905041702,-1.2769726959412182,0.355829426938634,-0.2848213959860183,-0.9461566601260653,0.24406013957495415,-0.33138667036498864,-1.4518753695015114,0.25576493122673205,-0.264454643202936,-1.7413390893580292,0.26133929498953823,-0.1896994406294862,-1.8973100411259243,0.25774727024574606,-0.27672508569669113,-0.9584298713464086,0.06953695892879622,-0.081252019512751,-1.5400305165803883,0.06485551814296768,0.08823460953195945,-1.4822131373468166,0.08567488417892646,0.15826954858145098,-1.3271539272444282,0.10824152002042299,-0.21801174653916555,-0.9606182728417523,-0.08684677969045733,0.07997051441138539,-1.320697256840656,-0.047335030971112343,0.1887247104340974,-1.0856979883193536,0.01569842366327324,0.1698334120498876,-0.8772693582473986,0.04832469761156049,-0.12335895190301069,-0.9430094486132146,-0.23293147403881193,0.13914872276307627,-1.1387445747687315,-0.1767782552256421,0.21397355881022026,-0.9465597867173129,-0.1211554032949909,0.17700053769620167,-0.769886512503841,-0.08738366173272889,no_gesture
0.0,0.0,0.0,-0.019343900906583666,-0.4038083599736777,0.2637987762922507,-0.05971455124184434,-0.7740283920110038,0.3262742508906535,-0.03873831494725986,-1.050445395646545,0.3236279854288773,-0.0091475826037682,-1.282905731602708,0.32043936113831134,-0.2859093210804713,-0.9517369191597184,0.22108234444698988,-0.33777454646079713,-1.4388075311754995,0.227621252356236,-0.2681259300369734,-1.7113941169332043,0.23258138263883446,-0.18975155027709042,-1.8485336777982901,0.2293381280477674,-0.27349955875937015,-0.9603579196395914,0.05395032478072016,-0.07306800962151055,-1.543737841861031,0.04781292709143476,0.0947677600668762,-1.4869358917701712,0.06865116479049162,0.1622953784274108,-1.3353378112220542,0.08981580037107514,-0.21301111862480027,-0.9545111281625039,-0.09666736849053985,0.08555720903567784,-1.3194008482198194,-0.05758395542272876,0.18826964715418135,-1.0933826667622935,0.0036531194701940085,0.16683076590816973,-0.8938953672515918,0.03350548838668994,-0.11921722410479632,-0.9238816243546348,-0.23857063793238445,0.1405196506926843,-1.122127823080293,-0.18205514228927674,0.20928920019115166,-0.9423926813133604,-0.1285744221154845,0.16937579751353887,-0.7782022992006684,-0.0975534328688897,no_gesture
0.0,0.0,0.0,0.0005111226993527234,-0.4138563289681798,0.26233343541504034,-0.025760444396382833,-0.7972000292950906,0.31897501255731436,0.010104588533985956,-1.0869222506177711,0.31144803255428705,0.04141560200372508,-1.3289209734320604,0.30431940705943045,-0.2869075552009701,-0.9553679261669648,0.2084711228632511,-0.3392828288775172,-1.4598672573820517,0.21221701683741018,-0.2636234025272455,-1.7398083219116485,0.2179046708341964,-0.17954413743670228,-1.8835587880844766,0.2153208129205067,-0.27662407372221054,-0.9601015368274213,0.04103828479544451,-0.07097734691278303,-1.5521081464939857,0.03346070093944267,0.09487987426211812,-1.483515200938786,0.05915829147075177,0.15614337616899956,-1.321358871199829,0.08412903994998913,-0.2147340973810947,-0.9535217398048206,-0.10948968495436212,0.08666979133999643,-1.326219005676027,-0.0724568553593311,0.1866864487306127,-1.0985238979870209,-0.00720614907785198,0.16043038289707048,-0.8976940138404578,0.02612307679676014,-0.11792592196251023,-0.9262708001706799,-0.25086749791088686,0.14598097211656216,-1.1258871170338063,-0.19583398470104793,0.21370054025051774,-0.9393932470470209,-0.1396876100429009,0.17027354473892836,-0.7727957358641225,-0.10620188993641115,no_gesture
0.0,0.0,0.0,-0.02208153093583028,-0.4030843060583509,0.27850181558404274,-0.05547541194349351,-0.7840139515136295,0.34415901597127857,-0.01991373871966379,-1.06984516362141,0.34248062730587797,0.01730284212660194,-1.3064776942899177,0.34044674332581626,-0.2876579186240616,-0.9521225883719794,0.22981048865631623,-0.3346497309257402,-1.4641982898286185,0.23838558760745507,-0.26540319319004896,-1.7546160160284663,0.24426064573852588,-0.18720441187628534,-1.9103728567050233,0.24104241702824866,-0.27273179068282727,-0.9604345286803829,0.05641689879307985,-0.06344082369509893,-1.5438853436070183,0.05334929504210207,0.09638727395242316,-1.462234395406041,0.07943318806856459,0.1503795771673264,-1.2989037495547513,0.1043113618121424,-0.20700664180944867,-0.9581703002045521,-0.09930253096472683,0.09179545656387617,-1.3238965111368977,-0.05729116824672507,0.18815858656127454,-1.0917427539056654,0.007141549611508854,0.159780367979208,-0.8910154942486779,0.03882326505787603,-0.1077836394053241,-0.9341991209968561,-0.24472888155546807,0.1530253638688058,-1.1316902533179483,-0.18552793872531337,0.21899641822630728,-0.9416220613427936,-0.12973077020199777,0.17499915414984432,-0.7740755739112584,-0.09741087651162714,no_gesture
0.0,0.0,0.0,0.0027116571322452513,-0.4210696842200086,0.2648308357176837,-0.019514627195821654,-0.8127135727717912,0.3216367212177844,0.023183603547139595,-1.1118321104070963,0.31335031206548436,0.058522162547804374,-1.357187197145495,0.30594993463918047,-0.2858898208855626,-0.9586439403693691,0.21513793570619424,-0.3379276590507823,-1.4713023944665866,0.2191168287411753,-0.2677963194976803,-1.7627853584944964,0.22371247244107906,-0.18788524669282472,-1.9191288145648766,0.22017165593910848,-0.27456817594079463,-0.9604680594551259,0.045971768804874975,-0.06763631232610959,-1.5588872944132055,0.03685137480266733,0.09706210799433554,-1.4863092700117089,0.06138106399995323,0.15547707657220566,-1.32212369927291,0.08693844911095219,-0.21037271998815604,-0.954932646921423,-0.10642346361636577,0.09069828925115388,-1.3365650390498565,-0.07057442398575961,0.18990609824104923,-1.1093533374291396,-0.0064435504295292136,0.1616152975485977,-0.9084606279454303,0.02720058740179817,-0.1100506542022908,-0.932146711984314,-0.24945178217758304,0.1536142835835705,-1.1383781015392584,-0.1938570834456122,0.22080990958883928,-0.9507188729817332,-0.13795710959893767,0.17555471732514583,-0.7846088552062321,-0.10439985339979754,no_gesture
0.0,0.0,0.0,-0.02551452130090588,-0.4215185486875682,0.27972301216148987,-0.06168952604309085,-0.807757613236963,0.3428927384229514,-0.02922686894084239,-1.0968771232544587,0.33889627176766735,0.007140928332698633,-1.3363243205803568,0.33483160950733665,-0.3029031198049256,-0.9586005176825083,0.2166265864935791,-0.3565550702931534,-1.4637453969433665,0.22061520202861254,-0.28211940895386617,-1.7518292632241264,0.2246665737154255,-0.19478594134959484,-1.9049608924465864,0.22028638795874467,-0.28723777604819134,-0.9569635415068464,0.041415217463666845,-0.07632274674481626,-1.5524730545114243,0.03249992935305079,0.08913126852121042,-1.4779129018662798,0.056081519371067055,0.1498407775988478,-1.3142417598266707,0.07888727215994555,-0.216372649288888,-0.9493985822669798,-0.11493323664824819,0.08843079368485947,-1.326132369463271,-0.07664400091722909,0.1925097501996272,-1.097095123866978,-0.012029730141584821,0.17192643655245327,-0.8923964918748617,0.019625740261174775,-0.11069699319741196,-0.9204633666003799,-0.26072763312663133,0.15327752627321584,-1.1293792119920465,-0.20513731850352435,0.22595763487628473,-0.944367950561285,-0.1493294433531143,0.19010808195291876,-0.776780683823396,-0.1168063273439133,no_gesture
0.0,0.0,0.0,-0.031126987999227373,-0.42186175248845614,0.2676563809175747,-0.07207636032047991,-0.8071179322288097,0.3246878927578874,-0.04384335680422236,-1.0993417697854169,0.31708405579713556,-0.007590640143099028,-1.341515088540532,0.3094356178269896,-0.3074244543563718,-0.9567912980642129,0.19971210651805707,-0.360150610294211,-1.4615996366310684,0.20169147038077168,-0.2883805290572289,-1.7513210188188184,0.20609806069459996,-0.20630267466497265,-1.9088754959281218,0.20260113337300428,-0.28972928616409854,-0.9566450745017686,0.02978459619244113,-0.07705191343175789,-1.5573213067673357,0.022042446261644963,0.08682235733777978,-1.4694793364806205,0.05094347251107103,0.14262866463007878,-1.298525925751669,0.07732501367474168,-0.21588991569063545,-0.9482298802546167,-0.12211281935384152,0.08307587254866833,-1.3433801446738698,-0.08251066039407776,0.18660554217761394,-1.1270878319016433,-0.01532071512125308,0.16751659244177272,-0.9298178496360365,0.01710359679946502,-0.10633515780530084,-0.9186447322130542,-0.264232497899855,0.1551697345310624,-1.1358592696542096,-0.20617309863536676,0.22902646552400513,-0.9588948849123488,-0.14848379247770757,0.19605559275665888,-0.7985751452206059,-0.11532772319311005,no_gesture
0.0,0.0,0.0,-0.013677481627969069,-0.420322103894059,0.2501658645164427,-0.037976929572088085,-0.8088407119823133,0.29858346248521533,0.010689406483760855,-1.1113431640509996,0.2866952090800097,0.05400390351236011,-1.3582553295774966,0.27634268862024525,-0.3044014104811789,-0.962539932150533,0.17788590294711362,-0.35811022828089933,-1.4638296938738005,0.17650768196990654,-0.2875567594879594,-1.7532820537576075,0.18260570027904752,-0.2027479503694671,-1.9128282804907883,0.18152310719425085,-0.28596519951580296,-0.9580986753033961,0.016456398383721003,-0.07787898210302452,-1.58242196936214,0.0044326576970882365,0.08995846756026857,-1.5153819654009193,0.03555669539920973,0.15331024990689254,-1.3537541881001989,0.06528411927660976,-0.21096137924731398,-0.9441589885424317,-0.1277568980778413,0.08451428307529317,-1.3568606333311273,-0.0929054424976676,0.18484286570337047,-1.1557809176472005,-0.02358404881300771,0.1636252375347865,-0.9662916762466555,0.012967923011152164,-0.10056378371055583,-0.9099903296799828,-0.2633346776169363,0.1558766141274893,-1.1200306329451688,-0.207700771837708,0.22236478402012216,-0.9507958286056628,-0.14984380657077795,0.1824097028096741,-0.8006952829415185,-0.11504351702025836,no_gesture
0.0,0.0,0.0,0.009921227831491419,-0.43167327575191616,0.23291489863946974,-0.006432200208264563,-0.8227107690350093,0.27309804158219225,0.03269116101098414,-1.1261128332227732,0.25609877188958813,0.0580077232299616,-1.35505471442524,0.24154565849136708,-0.30736416617741946,-0.9679223764229843,0.15816777716129293,-0.37060709757516136,-1.4549331303389175,0.1515644937613518,-0.29764822428649895,-1.747022522478252,0.15464789761685632,-0.20904747902948867,-1.907692105633414,0.15191646956253438,-0.29544855348757215,-0.9553552100476053,0.002560249401244616,-0.08297010469896929,-1.5656864231151797,-0.013763241195936998,0.08834087381262093,-1.5030686554647363,0.016779045306768096,0.15332373550638828,-1.3427164460404293,0.04639794222811541,-0.22099170396815737,-0.9333365567412826,-0.13691415584555675,0.07487700511496694,-1.3405888614412023,-0.1075501149781996,0.17709551407785287,-1.148516501838474,-0.036478473849676195,0.15875672931650456,-0.9615107325876587,0.0021980675735795673,-0.10624839142547672,-0.8934716382576864,-0.26917694105735895,0.14832770351564578,-1.1147704377702288,-0.21837634468243314,0.21757906827139525,-0.9573791794156646,-0.15936255714274314,0.1824918397632664,-0.8118728380859506,-0.12269120314497252,no_gesture
0.0,0.0,0.0,-0.03895050965039929,-0.41265519569909054,0.2479539953759647,-0.07204882827602549,-0.7882877137354992,0.2895982596370001,-0.03671675929682082,-1.0912490508203347,0.2705648963798975,0.0016564660087151572,-1.3427303360415965,0.253398061937979,-0.3201755274166482,-0.9621777220013971,0.16229606765348972,-0.37449925437573434,-1.456743652725243,0.15480122133194224,-0.3014148104888515,-1.7449782981906699,0.15790984358360238,-0.21900982610425185,-1.9070780214373235,0.15459991612155027,-0.29249182729605416,-0.9562653032983456,-0.0022761091225416944,-0.07015909951334157,-1.5783508465585814,-0.020445881434695348,0.09714697192230125,-1.4996924061608803,0.011294661970612145,0.15583003559490036,-1.3350042584552295,0.0410684080606315,-0.2063448057576249,-0.9388123873846026,-0.14914489292103084,0.09351364504491093,-1.3431692742683272,-0.116545415845003,0.19734944009433383,-1.1345048151874249,-0.04371837785097925,0.17935625049516946,-0.9487358875186025,-0.005611540629160764,-0.08234339099933057,-0.9005783276213932,-0.2878370982762221,0.17538286257715746,-1.1087522247513262,-0.23237630074822557,0.24893137369939486,-0.9406678369018266,-0.17204505066554052,0.2165305216337907,-0.802084085753014,-0.13576215940824793,no_gesture
0.0,0.0,0.0,-0.04899617418367122,-0.41344258254547406,0.271665025402188,-0.08210232895230674,-0.7914474996389643,0.32735973326371487,-0.036995473407116244,-1.0906536241539977,0.31862940245280696,0.008707026511864937,-1.3400931140944032,0.31130928570309613,-0.32333316663689504,-0.9604246077927345,0.1908769744800183,-0.37682619240278387,-1.4474209620121397,0.19501313292944547,-0.29492407777616525,-1.723774553142518,0.20527489393091758,-0.20369794687694143,-1.8699772142005988,0.20528554973721888,-0.2906429767189968,-0.9566702514426223,0.01756900932408616,-0.06919417903564033,-1.5698610736951244,0.013595755102015585,0.09888291033423481,-1.5049281364009464,0.04726030114032001,0.15763244028243809,-1.3516758235594346,0.07445451409427477,-0.20424117346505943,-0.9418905974411014,-0.13670738603027258,0.10561373228728577,-1.3188039276576968,-0.0931957941904155,0.21018748489903502,-1.098032643363898,-0.022930286553053597,0.1879926055882316,-0.907462920045017,0.010820017828099368,-0.08233604742966168,-0.9047134180501455,-0.28090165557738367,0.1811666750756096,-1.1071587419663729,-0.22223021191814624,0.2530687461113091,-0.9363178302787364,-0.16551869358273955,0.2144952001411968,-0.793273205710048,-0.1327559394815181,no_gesture
0.0,0.0,0.0,-0.07203489968857474,-0.41749580566630834,0.25258569672844733,-0.11440048033026883,-0.7957340533291712,0.29619680574380486,-0.07914384852763631,-1.1014931260086187,0.27854334122181085,-0.03277271665144166,-1.3641640245478435,0.2623866362232535,-0.3271331217463284,-0.9661458681059867,0.15558114136047985,-0.3800294960040944,-1.4569019353273502,0.14914822961466248,-0.29868875647472015,-1.7382217858784823,0.15581574279353702,-0.21115346447245706,-1.8897732573977746,0.15447183043120402,-0.28920512489774297,-0.9571983323455945,-0.011477294441324991,-0.07046714929878939,-1.5837073001300965,-0.02648972444619296,0.09825557596913538,-1.514885710611371,0.008320690971517998,0.1550852693176299,-1.3585856897986621,0.036942714605745115,-0.1950975239946137,-0.9405305271169266,-0.16006496105480855,0.11066454135369055,-1.3362222916137851,-0.12428546239224217,0.21971440182870416,-1.1249730617379086,-0.0513450210665128,0.2019814785478004,-0.9363805115948813,-0.01566840177232577,-0.06656579735266852,-0.8999450403234521,-0.3000628773723972,0.19258857924934678,-1.1163397562074864,-0.2448661779955278,0.2695562133964375,-0.9558616976097999,-0.18676568862608972,0.23821372039776847,-0.8176597056785317,-0.153127648576208,no_gesture
0.0,0.0,0.0,-0.05776415199425947,-0.4306400608648411,0.25066613029136564,-0.09919439705709765,-0.8049451711614849,0.290585752652082,-0.0692424773821098,-1.1046133230695883,0.26878866497677517,-0.0283503088254561,-1.3643933135648736,0.24880583672690543,-0.3229478131788496,-0.9692992203752051,0.15348235355141157,-0.37958053690405114,-1.459062134705186,0.14225769598624943,-0.29826720532789275,-1.7437689342567815,0.14446300556435387,-0.20988124692497145,-1.9001872122508205,0.14036259821239783,-0.2923188744790018,-0.9562095458171651,-0.014593152896462989,-0.07000453526341487,-1.583395526481369,-0.03601861991185781,0.09883298191720587,-1.5089286458057185,-0.004211954664840143,0.15466867210240323,-1.3453898723383049,0.023735812082344255,-0.2038890250533991,-0.93581832531719,-0.16453648063539048,0.10284242683914789,-1.3426878312544837,-0.1332621381629577,0.21081845741866406,-1.133345483792372,-0.05982667080292323,0.1916460357547717,-0.9423550701889031,-0.023117603885392496,-0.07941490768574379,-0.8918090711934845,-0.3061838864533863,0.18199632009938344,-1.1193063915499561,-0.25295492868205466,0.2590223217162486,-0.9615074665736969,-0.1935707350377232,0.22717856180424834,-0.8201893462953956,-0.1589497020858367,no_gesture
0.0,0.0,0.0,-0.06971490715633538,-0.4159929429102316,0.26072574179505736,-0.11268069383496226,-0.7954757553847208,0.3102022149558241,-0.07617083565767065,-1.0952636188216227,0.29695718167467183,-0.0291602413130412,-1.3531288538319954,0.28518646193387953,-0.32723151522117505,-0.9622024741769847,0.1719149332295887,-0.380329127867063,-1.4496096253607291,0.16883050023065752,-0.29560815170880517,-1.7259666543114573,0.17648446800997106,-0.20458725114120013,-1.8703515724185107,0.17547018616975174,-0.29184336185887544,-0.9564635383043589,0.0022208181408746868,-0.06901792552371891,-1.5740453500432885,-0.008184102328088482,0.09836234967834796,-1.4997125311831934,0.025334601679501776,0.15314782858650386,-1.3402842446665348,0.0523417572304452,-0.20156654363577867,-0.9408990672209927,-0.1492890861940109,0.10820394813765258,-1.3200148753045573,-0.11016286685028767,0.2163520832930058,-1.0993777162632112,-0.041029822796538246,0.19612899786756918,-0.9098409122513227,-0.00849458437582987,-0.07739164254855015,-0.900575684931178,-0.2915971828103212,0.1870407385400809,-1.1007869260016578,-0.2346686044949414,0.26352058753877466,-0.9332181118227992,-0.17940844297879097,0.2294656838073043,-0.794301232430382,-0.14835602245272925,no_gesture
0.0,0.0,0.0,-0.07283537214061307,-0.42922239507374754,0.2377984317567084,-0.11634604503467527,-0.8075149330569464,0.266469729046999,-0.08421449241560847,-1.1153346681161724,0.23623338246887413,-0.03385812031425689,-1.382560612750617,0.2082681920446732,-0.3338516190892179,-0.9743996206158958,0.11857363065457546,-0.3971337704734942,-1.4744924237587431,0.09745820301226034,-0.31323602848796595,-1.7616925393735272,0.09669076048174939,-0.2198721721143727,-1.9162058998278193,0.0908292972462602,-0.2994640532095949,-0.9529478366643583,-0.04702851722093313,-0.07221895913260218,-1.5846079322634945,-0.07888078157358759,0.10139709184242782,-1.5059126771664022,-0.04725490087192743,0.15959081427822241,-1.3381316414605775,-0.01960878136992342,-0.20524969414611158,-0.9248868049230734,-0.19401937188491322,0.11017413511944164,-1.3228225930425552,-0.16959944190764834,0.21974172095040564,-1.1109682356523947,-0.09636263548430787,0.1995488810328086,-0.9178591131441153,-0.06025074642665985,-0.07563069468606867,-0.8737816236909629,-0.33361576677262705,0.19588541224280492,-1.089532011371107,-0.2836432982764172,0.2708996939208627,-0.9253422031291269,-0.22558086055835314,0.23268042031666283,-0.7838167217131312,-0.19260207000163596,no_gesture
0.0,0.0,0.0,-0.07526704096001582,-0.41752446788384373,0.2527991586838184,-0.11871118483493749,-0.7953398573384082,0.29457360169215,-0.08508191524833791,-1.099843723435566,0.27563302888788616,-0.03531385813864114,-1.358975825700004,0.2579686392104281,-0.31488058285717635,-0.9780401919719761,0.14680007890629568,-0.3654030834863982,-1.465225615441771,0.1372360906190385,-0.28455530645457394,-1.7453230660281747,0.1431036577342648,-0.19789087047967974,-1.8947796014173857,0.1413604237726383,-0.2770068475605516,-0.9606419867336179,-0.020836499923263044,-0.05219515220824405,-1.5734939607335563,-0.040276149689751115,0.11081722433979536,-1.4843462320006167,-0.004147937619307383,0.15973037958398928,-1.3150491062191714,0.026247615983016514,-0.183087146208734,-0.9328932187772516,-0.16954870133611072,0.12335721568228858,-1.302316782075434,-0.1365418476531197,0.22280534502189384,-1.0814841224375713,-0.06268595557419955,0.1937995735695295,-0.8934137594244926,-0.025910025712571203,-0.05723201832953255,-0.8794488422239666,-0.30931001717919665,0.20383923849584704,-1.0784169909878822,-0.25538091904732213,0.27301788672247174,-0.9086823550267583,-0.19756271486853016,0.23014215736057217,-0.770233854734704,-0.16410156882890423,no_gesture
0.0,0.0,0.0,-0.023468621723024222,-0.44497000242047335,0.25668274493611615,-0.058940272842201956,-0.8229692850912571,0.29480520919486125,-0.03090799512716884,-1.1217585501241627,0.27102646831465527,-0.0031023313460397327,-1.376316529809355,0.24908345115154382,-0.3073519194573553,-0.9878675288727999,0.14885011358082997,-0.3667679474696708,-1.4639297675714387,0.13601933153535034,-0.28643464881148767,-1.7420977009834038,0.13754876607188307,-0.1984171264276752,-1.89229325955146,0.13314456114150336,-0.28360948373845396,-0.9586801905502812,-0.02231441193676508,-0.05205415925538804,-1.566271301944273,-0.04633405164178985,0.11166783752721542,-1.4725360015985622,-0.012012538520651471,0.15958260498401036,-1.2925348107143584,0.01869677866454793,-0.2023036224396749,-0.9202507582748556,-0.17404039815345332,0.10583299804798055,-1.3179102076682216,-0.1441178719338261,0.20437680470718508,-1.103722762807092,-0.0652345630345703,0.17592562644214196,-0.9105404182526037,-0.024480267905499863,-0.08712192802609302,-0.8626634644818212,-0.31651095254460904,0.17981453609367415,-1.082938376426609,-0.2615304229696697,0.2504553288439304,-0.9172393406845479,-0.19692017563742492,0.21043638084513197,-0.7747085626347741,-0.1590120727396786,no_gesture
0.0,0.0,0.0,-0.041337260111138446,-0.42199260566948144,0.24553153083173826,-0.07255619379121261,-0.8010914074898481,0.2855578748236031,-0.0449244399164447,-1.0908137055158735,0.2667443240893439,-0.002250717357508153,-1.3282907912069195,0.25014374881767365,-0.2827194354735671,-0.979854976868101,0.14338615350239006,-0.325619048306946,-1.464965365101342,0.13415081743362717,-0.2357891796952844,-1.7277120604296767,0.1409375676183942,-0.1379868762485772,-1.8553533997490503,0.14119740414462845,-0.2540931570883516,-0.9670018070500828,-0.018551352585406824,-0.01685239143894945,-1.5355247205518505,-0.037122367912402365,0.13935489204271728,-1.4314984865335219,0.0018238894699634319,0.18428421678683823,-1.2582212387477498,0.03580480461177999,-0.17008019408273262,-0.9387432109642961,-0.16210747078884225,0.12984690502646745,-1.3057397862051185,-0.1308597397293919,0.21538815898296157,-1.102423224611946,-0.050594046029356035,0.18758424793819184,-0.9189496251746563,-0.008356851825625924,-0.056589012340654006,-0.8830329395159211,-0.29682636431629444,0.20111020375186112,-1.077795771780553,-0.24065838781519688,0.2614877300115119,-0.9108146708025926,-0.17445791592609294,0.22284663073302435,-0.766238558085618,-0.13470527080927405,no_gesture
0.0,0.0,0.0,0.05319491550766043,-0.4337417123915893,0.2706732313001111,0.047085107887790995,-0.8073149610187768,0.32310490034377337,0.07961387127229336,-1.0788943290633843,0.31003890525714517,0.0989436724529836,-1.3209059900630011,0.29831342770258157,-0.24253400583499304,-0.9742944120294031,0.20054390681136708,-0.29423728226730833,-1.4602473279659554,0.20039094998457374,-0.21186737731816033,-1.7391027518992377,0.2067327142927025,-0.11769517745229462,-1.8774570710223546,0.20649888925275933,-0.23811358495541868,-0.9708058522197771,0.028946467064398317,-0.018748595000228244,-1.5386133387224372,0.015817861528753117,0.14929353476639048,-1.4417087819904364,0.04907813626651708,0.20308301599575676,-1.2614340742608916,0.08316071102211106,-0.1797399292617234,-0.9575489545796783,-0.12459040645697766,0.11425450035485062,-1.3282905095538562,-0.09038582254949529,0.2207935349595118,-1.1076522627272216,-0.01213841492324783,0.20167351825816013,-0.9103768112647723,0.032096975091361224,-0.08748951924472638,-0.9237694206802816,-0.26774805935035273,0.16840614419734945,-1.1331134319755318,-0.21033815897791716,0.24621713876511558,-0.9579090008298414,-0.14225846588865979,0.21583039925098108,-0.7992902417296892,-0.09889876032107818,no_gesture
0.0,0.0,0.0,0.07314579478608021,-0.4359320649725439,0.3023296977630482,0.04796836086550675,-0.7756664185726238,0.38232861736158585,0.04656232145615433,-1.0168143420479763,0.38655099651225355,0.04250332104040742,-1.2491263480210841,0.38844112226678496,-0.24432325407817013,-0.9604465643018941,0.30328046897556743,-0.29653432292359533,-1.3782777096051908,0.32143183666748293,-0.22705721503165044,-1.6312555155025636,0.3244906586840998,-0.1436442230595758,-1.7607912058009503,0.3194028243515117,-0.2508630872372805,-0.9609066138393673,0.11715874248873245,-0.0505290777762933,-1.461184985357764,0.11088765645231517,0.11834058776701434,-1.3960968229118347,0.1217668164510064,0.19399076421226238,-1.234313689666908,0.14075668329725557,-0.2122596488003094,-0.9516676325738052,-0.05336588084656924,0.07156255303791641,-1.275208398580247,-0.026364219104363092,0.18677777033287912,-1.0232820973100956,0.03227594770147801,0.18379057084747805,-0.7989665745587526,0.0672762759817106,-0.13792743101303692,-0.9326661295056926,-0.2118496247752934,0.1116606320536457,-1.137512553590032,-0.16504791102588415,0.19784836285085744,-0.9321176089033208,-0.10680894586260069,0.1784242803433467,-0.7358617252206393,-0.06842456275810255,no_gesture
0.0,0.0,0.0,0.09600760982542285,-0.44407401856403494,0.2967887459513394,0.07126763409705418,-0.7816267387831074,0.37420448700782316,0.06333783628519818,-1.026211202196668,0.3758440712153396,0.0545194129418642,-1.2719728440753697,0.37510509663268243,-0.2586479805964138,-0.9608639105210539,0.30540193752279043,-0.3031225200812508,-1.3909511902163756,0.3217445688880679,-0.23269370575711124,-1.6446716053750519,0.3246409473343005,-0.15198527662593128,-1.7756883905906615,0.3195386945409575,-0.274862358795202,-0.954105015381705,0.11888769213427193,-0.07798366690798793,-1.494488148872602,0.1054643058000904,0.09820293549980812,-1.4478523332266064,0.11387365929296905,0.1810781154197633,-1.2875143771872883,0.13383531160444365,-0.24294073985345582,-0.9408454672935224,-0.05288813382643253,0.04518183466744296,-1.309183487405073,-0.03638024131270343,0.1716909984417838,-1.0611361217325552,0.021366833896335397,0.17108037717124258,-0.8310287101781793,0.059611800040433253,-0.17144864602410814,-0.9212876939508295,-0.2128239091998957,0.08713617606345667,-1.1549514770161586,-0.17435001223852575,0.18167551746752192,-0.9518070070576267,-0.11697111616856057,0.16346663895863683,-0.7464889764076745,-0.07679844058856634,no_gesture
0.0,0.0,0.0,0.1379226831122688,-0.4065555651137153,0.2389281723394785,0.14743522525778185,-0.7126089533502162,0.29493302507617564,0.17423833940279854,-0.9354424635843491,0.28279580181610614,0.19101235818148607,-1.1678808130109577,0.26821666563093877,-0.25670407038558596,-0.9520905757471515,0.29306294341770467,-0.30174645124671734,-1.3376797161618763,0.3022543525955457,-0.24495843092035088,-1.5884156319799219,0.28412994011784415,-0.17447244297709816,-1.7349988546655308,0.2625039761040987,-0.28767903690683483,-0.9488829301962636,0.12985351942287887,-0.12034785172022862,-1.4522599073199411,0.11223776676483076,0.05413389852210926,-1.434460021083696,0.09389702500408673,0.15293737022546125,-1.2973588333964245,0.09168636368746412,-0.2682166404171046,-0.9298596556512566,-0.025694296325687392,-0.00010729208540507315,-1.307928784287253,-0.022478836146063615,0.13207177423323713,-1.0740690086303888,0.008847671519545621,0.149986708609254,-0.8385933883138124,0.029208790709978536,-0.2089854629652526,-0.9042713981551979,-0.1741201474689993,0.04067507591486058,-1.1450958520981407,-0.15319722130824828,0.14367470229812632,-0.9608257027099837,-0.11341939969525575,0.14585764379961128,-0.7568595703280885,-0.08620676587968125,no_gesture
0.0,0.0,0.0,0.14852923407388882,-0.3857142333853905,0.23677458683405075,0.17066831056446868,-0.6765953163913904,0.2987376201960701,0.21580341176579293,-0.8844416055497214,0.2928427869304374,0.23934887285574297,-1.1082155872229522,0.2867124039079146,-0.2303982992472286,-0.9583609060721893,0.3258215606688408,-0.2699084963576729,-1.303190526800538,0.35145201927699465,-0.21324842477036438,-1.5187137019092851,0.34618530812462484,-0.14640950826919083,-1.63483608479304,0.3333831931095572,-0.2612028919590971,-0.9506594090255905,0.16739091153141636,-0.13502091380277373,-1.4314463069635284,0.1731334953547508,0.02684233308782521,-1.4639337150921976,0.1636600469560155,0.12699198768789302,-1.368863841488702,0.1636149160412378,-0.24574851903108616,-0.9192254573025841,0.012939177521874783,-0.0030468283351148687,-1.279441072707179,0.027255756043673703,0.13265697995605938,-1.0706197274392717,0.06147051782368968,0.16455587841880068,-0.8454776732854694,0.08470888730080506,-0.1945830649584752,-0.8768185087992089,-0.13499411459668995,0.04053155760201322,-1.1171227742598466,-0.11232925343435055,0.14312988941090726,-0.9453662472878909,-0.07147124993928945,0.1562321265950134,-0.7437201783090331,-0.041335961696860025,no_gesture
0.0,0.0,0.0,0.1599856395569963,-0.3628178907358212,0.26209347777276826,0.17974401116128944,-0.6386598352287879,0.34192557019235653,0.23046149056691087,-0.8398984862535412,0.3464786628132262,0.2636685884835871,-1.052530720507088,0.3508725760112263,-0.21850187872584043,-0.9338576879554223,0.40504920873817063,-0.2703997883572922,-1.2642151019249452,0.4503899000571768,-0.230660400348162,-1.4808167601659525,0.4513089225841058,-0.17937186153813103,-1.6027698691882137,0.43965786599384826,-0.26281619170375004,-0.9362606006695264,0.23311738891012518,-0.18643973750072484,-1.4111044286081953,0.2557440859981423,-0.022691065428383127,-1.4857778951769278,0.2431469663732421,0.09082979100593035,-1.4198231783583726,0.24007253965540942,-0.26390916354327115,-0.9132758143773888,0.06218660400159072,-0.05604070245548905,-1.2870342590607102,0.08254245876224063,0.09490989242031281,-1.1065098301454845,0.10446836005642347,0.14217921530023558,-0.8872815824324676,0.12093615824884453,-0.22724991026612387,-0.881268882871064,-0.1006350841540277,-0.002734171026849483,-1.1315198327577551,-0.07758341412545723,0.1083257250918276,-0.9623278435977085,-0.044078052313990555,0.12909657586151688,-0.7499822355010619,-0.018797674857706545,no_gesture
0.0,0.0,0.0,0.16314328635955175,-0.3360944359079944,0.257989052669813,0.18199154455906136,-0.6129363960802192,0.3423899728596473,0.23093674570385483,-0.8222948989989368,0.3506178740183432,0.2685023140738236,-1.0496343096584757,0.35806605110215484,-0.212749126209467,-0.9165627990554412,0.4386745577649554,-0.2626445198093052,-1.2460558289183312,0.49508635260825695,-0.2369173610927187,-1.4748683065953612,0.4929458635417971,-0.20356965626509096,-1.6200529686624792,0.4764322553377079,-0.26175226432006704,-0.9264272884190561,0.2705886387042742,-0.18845138516735455,-1.3714364039292437,0.3029400767703392,-0.029196036234906887,-1.4531904436880227,0.2799059711006567,0.08336133178302484,-1.402500579613633,0.2679875868064095,-0.267487761776673,-0.913882755610022,0.10151965090973306,-0.05907800944281027,-1.2641164327569132,0.12690402956603986,0.08830904379959538,-1.077196051572856,0.1331224798042135,0.13300583996984675,-0.8565479672266187,0.13856390947410868,-0.23957394137777724,-0.8960746101337541,-0.06009503594891143,-0.004758958100821254,-1.1261664199064163,-0.03351578110484822,0.10128246745052598,-0.9405156709639875,-0.008827710031915636,0.11464178799587675,-0.7208328531702329,0.008692434162615777,no_gesture
0.0,0.0,0.0,0.17221927339968668,-0.3242283044559551,0.27123614963892945,0.19664867763114655,-0.6072112497754566,0.3695503105021547,0.24541556060149938,-0.8142670115464755,0.38652512329656474,0.28477590158845845,-1.0601044201427934,0.4006193880429425,-0.20641446553059353,-0.898371745070169,0.4778144341713905,-0.24410869106178062,-1.2537938879635369,0.5450552383212319,-0.20295907628108578,-1.474247585694142,0.5519457632065289,-0.15656943564816794,-1.6055714714913891,0.5394717875576108,-0.25583532882269033,-0.9192527434557857,0.29920337259997026,-0.1646501501638508,-1.3820986896310385,0.3326464873608711,-0.004485800371671594,-1.4672770692637562,0.3048332293707807,0.10409675511324533,-1.4191086567108828,0.2912730940164847,-0.2730125754633047,-0.9176390009809415,0.11813779638120134,-0.04115138782431976,-1.258675486227534,0.13501425639990394,0.10588671084683687,-1.029375664687059,0.13005624677506047,0.13938523322102397,-0.7872591927201102,0.1318950975963155,-0.25879303836541084,-0.9111054716101737,-0.05417451066331722,-0.022117355344242282,-1.152115837130961,-0.04190240199809869,0.09016840633379197,-0.9582144224030245,-0.029155407465773834,0.10153702567038964,-0.7311865516862437,-0.017233294841782328,no_gesture
0.0,0.0,0.0,0.16688119709006888,-0.34028349370304734,0.28728218641729775,0.19189939649187,-0.6270879653271437,0.392504478857578,0.2441258177248586,-0.8304145715019873,0.41597430940589025,0.27844342861233473,-1.053385367747273,0.4364577488066309,-0.22179935744117876,-0.9029753307013255,0.47819979274286195,-0.264203548368877,-1.239075462227027,0.5452642922852974,-0.22896934748871836,-1.4630832388270802,0.5532298732481205,-0.18590003362801913,-1.6036439915537852,0.542567953984805,-0.26726173410597304,-0.9172235976891085,0.2954183767556036,-0.16582839013714018,-1.3841507182618464,0.3303378041834343,-0.009410197672807045,-1.4405448103440888,0.3110988156069527,0.09280216662776333,-1.36971929559961,0.30411025654047635,-0.27641329540540194,-0.9091414815611885,0.1119213313730476,-0.04574820232219319,-1.2674107542794415,0.13091152447372567,0.10091066041928613,-1.0376997209982382,0.13293396419544132,0.13522637752578576,-0.7970867317149329,0.1390785732966952,-0.2516071994729824,-0.8999596197661335,-0.061202613253884916,-0.011615370350007426,-1.1482713697996636,-0.04539234049870566,0.10196847236479616,-0.9530117295049272,-0.02829023646373996,0.1131604473964601,-0.7340262600548608,-0.0139935311662117,no_gesture
0.0,0.0,0.0,0.15584746385636233,-0.3489041336061613,0.2897033634559486,0.17514752122455873,-0.6367538542592668,0.3830396952513508,0.2245366884614583,-0.8397304979171608,0.3927305304043072,0.26421261632318693,-1.0693475746489955,0.39910304371037925,-0.23048683942263515,-0.9170691889037248,0.45519965882422964,-0.2910913892755884,-1.250693848189015,0.5042204390790657,-0.25895107879960605,-1.4826108637020907,0.49879198154875587,-0.21081750574447009,-1.630054042039328,0.4805272386813117,-0.27525847935863657,-0.9233185644999146,0.2677976437368097,-0.14581201414033343,-1.3771882920424132,0.27989836938445584,0.013091590855622573,-1.3424500495272758,0.25920959228814555,0.10444130093159507,-1.2048269667334517,0.25753536409770267,-0.2814107129836973,-0.9100919326224546,0.08111895152895891,-0.04641935931390064,-1.2787131499742794,0.08780967320031767,0.0916715099577972,-1.03659294382038,0.09830697484070254,0.1177765676331067,-0.7864928667874154,0.111640916101587,-0.25591463969359346,-0.8897865242629103,-0.09489294511159184,-0.023020731682120526,-1.1541798793802684,-0.08099660656574072,0.08552625413629643,-0.965523604102942,-0.056645145320754445,0.0932839298588634,-0.7503240377228041,-0.03721380092062636,no_gesture
0.0,0.0,0.0,0.15859221715647628,-0.3384805251786166,0.28016787918736635,0.1750775372105924,-0.6203755797292457,0.37268077619973805,0.2253767757714779,-0.8205440985698593,0.385873488704463,0.2627806981934834,-1.053163658950497,0.39755835127495887,-0.2362148071916764,-0.9138966177508004,0.4334009255299095,-0.28912555974593607,-1.2668651956246952,0.486578272437175,-0.23377492905036046,-1.4810915737629045,0.4951806227104674,-0.1637882028385596,-1.5972802154659989,0.487720119954565,-0.2801466867714641,-0.9263145544297755,0.25191101631833634,-0.18242007481094077,-1.4182946513184702,0.2791016224999169,-0.022358743062249126,-1.4783064923242817,0.2687509044474592,0.08314639467587609,-1.40289874982372,0.2678535069468565,-0.2824858461249966,-0.9126063134996363,0.07119950466974546,-0.054066535136808994,-1.280875041034416,0.09164170199750897,0.08754973729519852,-1.058344191887057,0.11013570650592729,0.1196804103075062,-0.8159242795422739,0.12539545655030856,-0.24759782383344223,-0.8906830067308726,-0.09999445233022679,-0.004534415014382845,-1.1381474126632374,-0.08197305003784022,0.10367343550989011,-0.9559531962846275,-0.05524424984606688,0.11248467378962652,-0.7420681582573445,-0.03389554462392604,no_gesture
0.0,0.0,0.0,0.15566349200296437,-0.35488117357232496,0.2852573088086889,0.17625082606563935,-0.6381174785284955,0.37601694100808336,0.23117295428521553,-0.8436986161928696,0.38646275766240484,0.2650830945532283,-1.0785611397055719,0.39595850922699344,-0.23373344694116366,-0.9200108932746104,0.43604322786572913,-0.2939037403928929,-1.2469403261160112,0.485885795476446,-0.25335807901448404,-1.4654540803685303,0.49123542757908994,-0.1966702988520566,-1.5889675427320604,0.48247991450891303,-0.275716741488289,-0.9277211590458723,0.25162215626145223,-0.1820260919237199,-1.4253117185459594,0.27415276842021497,-0.015884515247346517,-1.4861677834274212,0.2642143705896034,0.09555496393227321,-1.4064993620525943,0.26576164744621256,-0.27547224789026237,-0.9099570570280701,0.06804339399154519,-0.05530326251832384,-1.29696082397648,0.08551473131313402,0.09288296922084019,-1.0898810986863918,0.10836948501546627,0.13148092620944304,-0.8553126702921557,0.12806759018565028,-0.2360044397148722,-0.888030481913519,-0.10551790535386017,-0.003558604995044647,-1.147784048522592,-0.08601157527198444,0.10714860977655584,-0.9718678637774139,-0.05416409632355704,0.11982037913186987,-0.7612406161208256,-0.028650096733824633,no_gesture
0.0,0.0,0.0,0.15458235327146014,-0.3548437612598309,0.27929877347921916,0.17476931007772992,-0.6419370109259719,0.363529841682998,0.23184525573769674,-0.8467414911296194,0.3691613027128838,0.26634227652595854,-1.0767913371044564,0.3740660042233618,-0.23126936958734545,-0.9264322378480548,0.4202367560835805,-0.29362391597560195,-1.243627608739575,0.46726363512551383,-0.259246393564069,-1.4622722949104654,0.46792124296151294,-0.20924072407097843,-1.5884620472611328,0.4557830553081297,-0.2726052718062961,-0.9318248688353876,0.23955951161105565,-0.1701490173712409,-1.4146335201626934,0.26439825281377544,-0.005193378113635986,-1.4739167182053177,0.2540470560225478,0.10374419620298973,-1.3978730726141417,0.2531990476619085,-0.2708794805173786,-0.9119377249207323,0.06077117671247943,-0.04996565887588192,-1.29519275872272,0.08659735494126385,0.0912363437887828,-1.105161798817061,0.1131790003073027,0.1281436041576719,-0.8834336277466519,0.13141845699204927,-0.22977163881651524,-0.8862943868770444,-0.10872897680973051,0.004896499333950017,-1.1419782350848873,-0.07945430849039951,0.10982514317502932,-0.9722366591655508,-0.04210623948196383,0.12016668740485524,-0.7679765900933839,-0.015309060880407555,no_gesture
0.0,0.0,0.0,0.15189126426151783,-0.36681733158702573,0.26798953731055347,0.17222297575020803,-0.654588289235091,0.34232116663184003,0.21921027306794602,-0.859342003367203,0.3409808357133788,0.2525587618232322,-1.0984234646472446,0.3370902891927629,-0.24329485808792722,-0.9352945307500158,0.37173919596519933,-0.29415728705991107,-1.2825558667044064,0.40148392101485797,-0.2460464614604037,-1.5129612444867306,0.3927862898544726,-0.18047513384761676,-1.647738758352675,0.37571278386271345,-0.28067521288068265,-0.9397053704484426,0.19538480397599542,-0.13872239364673447,-1.43923323149728,0.1970451674104545,0.030992964572901474,-1.4467121931576536,0.18214127899762894,0.13441498272911473,-1.3279709139528726,0.18186208758994987,-0.268321971023265,-0.9255000904095697,0.023673135613887168,-0.01623155593568796,-1.3100660659851247,0.03389990079930161,0.12185514851208465,-1.0862093212399124,0.0621981996264365,0.14990012762997723,-0.8425624074942375,0.08273935025247982,-0.2152464313440083,-0.9062031971329566,-0.139036959374556,0.031984289656638756,-1.1537151648567985,-0.11812996673043884,0.13787573625512628,-0.9698909275260422,-0.08097309434980253,0.14475467838581674,-0.7566892036179933,-0.05392783147274456,no_gesture
0.0,0.0,0.0,0.14150837923848347,-0.3967147700942732,0.2842676959627751,0.15481611551891186,-0.686882717723681,0.36490853510037713,0.1991508649752485,-0.8812006276212394,0.36883343616377284,0.23600300780344186,-1.090904256177249,0.3676879874999545,-0.24679082844965047,-0.939632177849528,0.35183098591857037,-0.2758981656358122,-1.3142850891635203,0.37369174753540113,-0.21769790636529224,-1.540537514321708,0.3596202381244969,-0.14895825968955892,-1.6664774537464448,0.33973100141088214,-0.2751531256443918,-0.9461161166139755,0.17074844459441285,-0.08469599558035867,-1.4337491415022945,0.16231317505585247,0.08551311108079733,-1.361642204964693,0.14667343892777993,0.17278083874239986,-1.1874597248370045,0.14715184823550034,-0.2543499260234006,-0.936388130614792,-0.0008687508315489382,0.022326525244027753,-1.2988819684902786,0.011404084778356903,0.15170167433462697,-1.0474927225652575,0.04206646629023576,0.1681682658967895,-0.7985761211298029,0.060459762827596616,-0.1942816773443764,-0.9183580849029501,-0.16208430840039983,0.06303464287181197,-1.142437595796462,-0.1337821958790109,0.16645040133229416,-0.9445927909909388,-0.09480133373508393,0.1674407577859412,-0.7348141000129246,-0.0698454484690426,no_gesture
0.0,0.0,0.0,0.111875065617866,-0.4413213621871923,0.26374622176535606,0.08970735496643398,-0.7597804964458328,0.3318527313426063,0.08297219086046316,-0.9848274825389512,0.3285751138361914,0.07287423668392158,-1.2102895987251103,0.3205826123168579,-0.26418304083219646,-0.9498935368725974,0.2942729877690654,-0.2836633027155879,-1.3437049535160268,0.2976335787792125,-0.2274437650237167,-1.576501297253617,0.278798298035791,-0.17398204603343023,-1.7164790422091885,0.2566219060189571,-0.2865075083878312,-0.9508117594756103,0.11777277138749191,-0.09684780262623738,-1.465965886116898,0.08832286393889796,0.080830371651777,-1.4185179081265558,0.07050945703455991,0.1745791401710483,-1.2702140609032588,0.06948872375293462,-0.25974159521310497,-0.936318704057853,-0.04738044090801148,0.029345706447417134,-1.286862064248647,-0.049379768386173216,0.1600246423486287,-1.0349952059459384,-0.014593267464702207,0.17062792091736334,-0.7939556021571659,0.0067635755544833,-0.1923587078023059,-0.9143722123206445,-0.2038880143275677,0.07632656461769675,-1.1161309516003761,-0.18303704854272396,0.17535806706605472,-0.909651124988025,-0.14289431645674128,0.1664092696587684,-0.699733412032738,-0.11655822933482501,no_gesture
0.0,0.0,0.0,0.10111728554060342,-0.4378782903397752,0.28215310615086264,0.06992453248458229,-0.7611026450572417,0.358682345186781,0.05690693426161052,-0.9854235941844893,0.36144327481995453,0.041517794582578774,-1.212786576393526,0.36004953916714294,-0.26142130924771617,-0.9471850530180147,0.30920850226839325,-0.29956824524044856,-1.3491149315348725,0.3208845215415221,-0.2495181965128028,-1.5914055857413425,0.30870172841524446,-0.19638004736165937,-1.7263018819671632,0.29112869227116484,-0.2797365193897533,-0.9513832704747535,0.12890823239990382,-0.08055470396125033,-1.466807987935759,0.10929961214125415,0.09282079557824607,-1.4007794552610169,0.09939536533439752,0.17936584249063284,-1.2370360014611694,0.10421833801870396,-0.25084832481592817,-0.9409484880680907,-0.038384793641833115,0.04623109257549007,-1.2805744049628274,-0.026734190833095063,0.1692274531244457,-1.0211906489437839,0.013838916087478887,0.17346988463903146,-0.783687556462117,0.037499122025086234,-0.18196083702946322,-0.9192767160974271,-0.1957907488467902,0.09236104880309168,-1.1148521735082113,-0.16350631231308216,0.1859983482998964,-0.9053299607725808,-0.11908278374844564,0.17180775376979984,-0.7008444440637525,-0.09041340904773637,no_gesture
0.0,0.0,0.0,0.08425912489085437,-0.4443129563721638,0.27705011653914996,0.0445940249639756,-0.7786291589347873,0.3459660766263138,0.021646081297301667,-1.018233729219416,0.3431842322466897,0.006468789108150777,-1.252104609529309,0.33686067274834025,-0.2673813811301412,-0.9572678239333019,0.2760469879383382,-0.3087771628189264,-1.3915730516086393,0.2796031358133164,-0.2527479540540453,-1.6512294387305595,0.2693501543425562,-0.19288920770438303,-1.7961373645994565,0.2547263201921914,-0.28382264970349896,-0.9540149027161512,0.09643779814355376,-0.07804388045265812,-1.4961133908953155,0.07006164986361814,0.09770490265908417,-1.4263412838704843,0.0693716487567298,0.1777930997691587,-1.2549856097199255,0.08241502237231144,-0.24977883078438085,-0.9376756348720855,-0.06888111549800711,0.04689424549188809,-1.3039018288523379,-0.058566187665971124,0.17357013079996542,-1.0606185710410783,-0.007308471211798013,0.17496580608498583,-0.8354420386089366,0.023769462375346908,-0.1744509452609402,-0.9096871898603547,-0.22435452150056134,0.0900148803294774,-1.1171303057049364,-0.18974975061152508,0.18515102992843072,-0.9190704242962092,-0.13814259438211668,0.17082069073366002,-0.7257347725834824,-0.10413322672972902,no_gesture
0.0,0.0,0.0,0.07850085705820974,-0.43799019741812784,0.2889881951069905,0.042146717717687285,-0.7725315493849949,0.36483282476102524,0.0324754508737232,-1.0083937832645626,0.369367030841445,0.02689613844631164,-1.2288428053872011,0.37032517971731194,-0.2552295339358539,-0.967278309607133,0.2749442883384114,-0.32030247884293317,-1.382326594469242,0.2848406539525665,-0.26724466236307204,-1.643406494975097,0.2822969587346205,-0.20309371431360304,-1.78572945774735,0.27308240780159926,-0.2670011264075478,-0.9591161401418088,0.09384353049932682,-0.06405889971373661,-1.4897939207775923,0.08018986602106246,0.10569130251518062,-1.4148508901250052,0.09404922034820377,0.17639515645041787,-1.2384439008541495,0.11560085389766904,-0.22709521466255664,-0.9342603376754254,-0.07191437614737975,0.05580303082145684,-1.300758560280777,-0.05096600145441166,0.1769398789633679,-1.0770068053466073,0.009925865582686669,0.17359009005195594,-0.8650584263901913,0.04564613530839031,-0.14705650372022422,-0.8961594814109571,-0.22648143586209768,0.10842358330885626,-1.1031479823307933,-0.1882943616777821,0.19791726814482258,-0.9249404780802802,-0.13351390668765764,0.17811820773348724,-0.7527146021520675,-0.0970032748570701,no_gesture
0.0,0.0,0.0,0.03914024454984867,-0.3983361501208046,0.3006760995736811,0.0005144101061734717,-0.7386275179290485,0.38534029295329925,-0.0012564900788511757,-0.9790299428184985,0.3966874559806632,0.003250216090667288,-1.1977264948679605,0.4044044485523827,-0.2499106020624921,-0.9607660293078119,0.29220077931274674,-0.29573508318944686,-1.4003497158102158,0.3111970510775212,-0.23610737634405157,-1.6527828515531777,0.3149468087635768,-0.17049822234989084,-1.777829449277345,0.3092991966850218,-0.25225430994356196,-0.9614646474797325,0.10933194757970124,-0.030265291012604133,-1.468686198719373,0.10394923551315222,0.12420884796716085,-1.3618740465976389,0.11989512464499677,0.1738032030006452,-1.1711940746807463,0.14252851335292055,-0.20574614643380132,-0.945178985965112,-0.05688522011729442,0.09048181779642825,-1.2665990515053405,-0.024558413868715694,0.1896432128616827,-1.0191665794259501,0.03432859851709615,0.16424968023362463,-0.8065589852955474,0.06719418434420563,-0.12461588185969967,-0.9069452496248608,-0.21115603557598694,0.13460617554082918,-1.0798809658469288,-0.16276162318553872,0.2078831752871228,-0.8873594514991991,-0.10966093187136094,0.17141805166869858,-0.7180311992966215,-0.07561432122644748,no_gesture
0.0,0.0,0.0,0.016909609273103775,-0.3927059787548208,0.28733481969450486,-0.024517459549788383,-0.7438949810177932,0.36676298608750313,-0.02089944632005527,-0.9960269026004371,0.37637198544892464,-0.008889872000337794,-1.2184150626547077,0.3826219753422994,-0.24906085783827356,-0.9565184446743875,0.2725661116651856,-0.29607493124009326,-1.3972771916890718,0.2882267613864917,-0.2476834348325088,-1.671488882476769,0.28982171807414925,-0.192438589018421,-1.8240483956670055,0.28278470110099674,-0.2472877606947636,-0.9640840879231715,0.09690518471121812,-0.029709325953229247,-1.488954608024507,0.09373410538466262,0.12535031718492215,-1.3866841656200302,0.11319030583401303,0.17643904366118796,-1.2066514950118954,0.13647201227704278,-0.1942090063506359,-0.9517237263049044,-0.06299603580923661,0.0994134955825982,-1.295616674335396,-0.027471864789713217,0.19869273261930376,-1.0656845775038333,0.03220480060441397,0.1752205334652323,-0.8677175377832864,0.0634510067098867,-0.1059900204823012,-0.9138373581558773,-0.21208926752271884,0.15021360638236428,-1.0927731820008606,-0.16137949986124425,0.22172329887191597,-0.9137360612889163,-0.10941934062381085,0.1865786456590713,-0.758360066427359,-0.07748314173068013,no_gesture
0.0,0.0,0.0,-0.025664414949201315,-0.3984818927864718,0.2567306371629327,-0.07278778322601227,-0.7657227443047385,0.30732988536636685,-0.056546071199400735,-1.0413428606880804,0.2944825552548698,-0.029154391089402244,-1.2858990280398124,0.28085914647206406,-0.2862605679312998,-0.9663950722300855,0.18849189365741,-0.3415606980781775,-1.4312200415087866,0.18093904320164672,-0.27744454961831344,-1.705090585131204,0.17862112274207398,-0.20257162163436634,-1.856489119498733,0.17147897847025428,-0.2713581330509963,-0.9622537962800255,0.020793632961941404,-0.0488953854943046,-1.5272825893415025,-0.002290456138949791,0.10564236195129634,-1.4181206902584251,0.02305709524930894,0.1515141780614415,-1.2425522132937985,0.050444274065377846,-0.20383152204402413,-0.9389225099625694,-0.13017107075962428,0.09058048931548018,-1.3174121399157082,-0.10423140329044372,0.18716281791681216,-1.0989372522370335,-0.034032520556918584,0.16550966529729508,-0.907577731510949,0.003221513529903576,-0.10358759932359618,-0.886281774206358,-0.2723552404776862,0.14980018797556738,-1.0863590503197134,-0.2218861769651809,0.21779840628339567,-0.9146159846358562,-0.16263190494630703,0.18278423289545664,-0.7669588316934015,-0.12702202967827472,no_gesture
0.0,0.0,0.0,-0.07850071791957976,-0.4089054728542246,0.21805194237044712,-0.12254299907622375,-0.8018611776022658,0.2429875524851349,-0.0855090011414382,-1.1135691554980047,0.2110486430951259,-0.025604954134607186,-1.359015136988896,0.18060404547557285,-0.32548275173317504,-0.9712917217138712,0.12893518692953718,-0.37624709518198135,-1.4594382421461292,0.10655536239883288,-0.3078687726790509,-1.7466679226215682,0.09528216482688524,-0.23280000034485004,-1.914362771752045,0.08149565201537376,-0.2966420771082746,-0.9545786977951642,-0.027981561868062894,-0.07000138029232301,-1.5534915788321297,-0.056147597029849075,0.09969060741476621,-1.4612914158670585,-0.036032789302216095,0.15482900474291703,-1.300941337548924,-0.017561031887015688,-0.2071769616042374,-0.9270040879891344,-0.169544204269793,0.0967913745149564,-1.3269680759590339,-0.14431728248001766,0.21187838957182653,-1.116892166251932,-0.08254044636267173,0.20105525127207488,-0.9294940676790201,-0.05558203479665827,-0.0805294689570842,-0.8749842172084213,-0.30559937660038006,0.17836718744786592,-1.103267195607551,-0.2555498200840251,0.2572328726524266,-0.9402599617928324,-0.20204131567194628,0.23157551587994488,-0.7972503150631775,-0.17398470483636136,no_gesture
0.0,0.0,0.0,-0.0687422105762243,-0.426200434531957,0.22287185966128184,-0.11421224489085864,-0.8211335583420075,0.2474329144566115,-0.07819210881665277,-1.1376642738850635,0.21322204333932526,-0.031513719281166946,-1.3961742954720002,0.18056115572236978,-0.3452559449970946,-0.9781067877599929,0.1390179418662448,-0.3959677219987858,-1.4598797186633894,0.11748062774264802,-0.3183503257596813,-1.7384144076922146,0.10434695945584098,-0.23366522141372492,-1.8984041920692583,0.0880115777267188,-0.31324998634314943,-0.9494121788303176,-0.02215718268835282,-0.06699395195882224,-1.551579522944305,-0.04985632667608351,0.09915763520052374,-1.427900914059351,-0.03391223453529901,0.14541195936086967,-1.242370579198452,-0.01981161847531581,-0.21791991668799504,-0.9161426902370934,-0.16824445911785624,0.10596059132078445,-1.307553009381047,-0.14387876362905316,0.2179415821533462,-1.07610199852621,-0.08867048178472134,0.19994249128535443,-0.8804276039150315,-0.0674472898268847,-0.08529289286727387,-0.8653946596900477,-0.30836031352819215,0.18830033682426112,-1.0870979443740962,-0.2595052669070943,0.269254070291007,-0.9105683104386784,-0.21029189154364322,0.24127471059079075,-0.7640522789635141,-0.18654370695373376,no_gesture
0.0,0.0,0.0,-0.1361289309580877,-0.3886060670995111,0.2149733747001422,-0.19104878700432132,-0.7810867878101679,0.23491580659820802,-0.14511480796056242,-1.1056303735789759,0.19719644007602424,-0.06274819601574942,-1.3662461264012402,0.1623806671673187,-0.36290974019501276,-0.9672873548430906,0.1286730632664824,-0.39937281533944247,-1.4731431858720525,0.10484644626159847,-0.3199359766056257,-1.7533839406856493,0.09101250479197288,-0.23604974056001468,-1.9086181601435996,0.0749186017913868,-0.3104870262471918,-0.9501650565138642,-0.02800271258610904,-0.059468922433694116,-1.5620307312475747,-0.059344680672152116,0.09511034972086836,-1.4296918595897146,-0.0434859229628298,0.12956921293846274,-1.2406095244218878,-0.028840311062920777,-0.20252214654721426,-0.9249170209144552,-0.16965465590522186,0.11346702247618834,-1.3139135683280307,-0.1450154377313932,0.2122655670675286,-1.0838785125456714,-0.08974346518381061,0.18765476958185137,-0.8917048261058561,-0.06843888010432932,-0.0648282208371441,-0.8780971433170865,-0.30590632545153384,0.19566605572549778,-1.096692062581775,-0.24971861582934038,0.270822100341599,-0.9108161152402299,-0.19804384072521722,0.24109437154395988,-0.7583350161675356,-0.17429087785003813,no_gesture
0.0,0.0,0.0,-0.14056232555175874,-0.3825138603054828,0.24729505918833566,-0.19047526366017925,-0.7631550424780827,0.3005026884891521,-0.13557592947119057,-1.0592343781632827,0.2943205003030647,-0.039608845456918396,-1.2686390878532787,0.289422752436757,-0.3299918956505883,-0.9649007153432265,0.1641330769012005,-0.37463428487892986,-1.473376035409261,0.17081548801332094,-0.3006734911257303,-1.758498529218526,0.18232168844982655,-0.22363909014691627,-1.9031128821356706,0.18279017464664232,-0.26611451520781476,-0.9639239840759631,0.005796353925645796,-0.043543355443606664,-1.551813467224293,0.014849035479836598,0.10258859016156448,-1.4312510513938217,0.05818728087580188,0.1311902090460518,-1.2461903129950485,0.08727297284296269,-0.14816197036007148,-0.9427756410490746,-0.13536413211496448,0.14518617700055877,-1.2855964937509785,-0.07777364995378899,0.24415860964323763,-1.077583133529018,-0.011291907155413498,0.22339448511197302,-0.9026370525820727,0.013755764312819847,1.7733161336482898e-05,-0.8915977374319851,-0.26868905841900553,0.23894506021031173,-1.0776129702766635,-0.1972780047502721,0.31901450582580254,-0.919135085157532,-0.14341280590140457,0.29924062354186726,-0.7908412924631059,-0.11740098504618816,no_gesture
0.0,0.0,0.0,-0.15232638965184672,-0.39362417481840956,0.21984376827248917,-0.21323460764117233,-0.7650940297252713,0.24630339543561972,-0.1788175466916163,-1.060979338800825,0.21739385356716964,-0.0864671873719343,-1.2850293434859927,0.1923233808202273,-0.33611223681344005,-0.9830695186804319,0.09987098230595251,-0.3757029392602387,-1.503461690974059,0.09097420891952432,-0.28920010941906027,-1.7927229842269636,0.10525851469403556,-0.20428358591149884,-1.9344195485572777,0.11127290179487957,-0.2649534178312223,-0.9628153608539453,-0.05278491530011403,-0.06419165420465665,-1.552037326001837,-0.058388485063774136,0.07455538756956318,-1.448457424347749,-0.00043486301181223913,0.09853973903964255,-1.2693307838540213,0.04128585604560161,-0.1429136031384402,-0.9225047382490076,-0.1886796801975482,0.11641234499402643,-1.3137938262766777,-0.14732711061087897,0.21017599315492116,-1.131890536417766,-0.058675094889208655,0.19495103102926603,-0.9543789182551443,-0.014487050531067592,0.006238442228232112,-0.8601806339915609,-0.3185100981109455,0.21552063192364024,-1.0840338114376622,-0.25255753276382203,0.2897732749568685,-0.9451410251535767,-0.18127299110415857,0.27695064411858406,-0.814933745848518,-0.14060323815374726,no_gesture
0.0,0.0,0.0,-0.15513465158575673,-0.36576240000729443,0.2880758647593947,-0.2057828577645153,-0.7210003194848447,0.36479531371495216,-0.15249521242428649,-0.982464465901612,0.37805602076497213,-0.05205950498667672,-1.1888082639095756,0.3948204022406237,-0.31362963163887114,-0.9584419063631452,0.21299786858938402,-0.35922084687413897,-1.4776667632125167,0.24687811051738212,-0.28109565678132065,-1.7751311931896194,0.2859437640303477,-0.19788774967203182,-1.9279530148882569,0.30913664023826787,-0.23384105518605644,-0.970931355532327,0.05109445912845129,-0.04751689568716572,-1.5459281015518356,0.09721918890063014,0.07303352487705059,-1.4398975325035999,0.17784425595669903,0.0878366428270361,-1.2644549426126608,0.23397132921730182,-0.10818177208554779,-0.9501804813619291,-0.09147201398971591,0.11944867352573844,-1.3368928529739859,-0.006016559415805079,0.19383729133387137,-1.148013702944493,0.09364839424179303,0.16725582642760992,-0.9680075314119398,0.14351890228299258,0.038881044471604134,-0.9022603574439295,-0.22247449933408983,0.21332171567247568,-1.0908679855509955,-0.12497506834499113,0.270771392210853,-0.943549865682643,-0.046208334307241854,0.2477146789340367,-0.8125630484255147,-0.000576216041399831,no_gesture
0.0,0.0,0.0,-0.1459394184349698,-0.3697805495409559,0.3075866607311143,-0.19920623804889936,-0.716615574066033,0.3990080873011805,-0.15922058668767286,-0.9794239527037278,0.4293090944350813,-0.08620345048445976,-1.1935512847498018,0.45942049439162,-0.31315165374894544,-0.945056719725453,0.2040993824176304,-0.35714239985396146,-1.46420298512359,0.24930314421853064,-0.2801459648878649,-1.7672082197161791,0.29610590415617566,-0.19116246004451573,-1.9170846153828587,0.32452088248297706,-0.23719055122483618,-0.9704259921139569,0.04487779227301786,-0.05463561885075372,-1.5226510349857418,0.1134902689350978,0.0808266007143673,-1.443510577814969,0.20283793208051393,0.12112959638236442,-1.2877235436691372,0.2584290602630689,-0.11553724268845321,-0.9612533712368018,-0.09014492574827788,0.12159768595255432,-1.2832151585895466,0.021154012925645737,0.2011745251336533,-1.1011385266947626,0.12584129558331664,0.1859245323799275,-0.9331943304225794,0.17167924217000588,0.023281947600194294,-0.9189323774791798,-0.21175364552860268,0.20287329795956663,-1.081423948287359,-0.10505784933873982,0.2631267977770031,-0.9407839916797638,-0.026989403270305096,0.24534906760262454,-0.819114829363449,0.016806789748248372,no_gesture
0.0,0.0,0.0,-0.1651881415792627,-0.3757715829416115,0.25658818008696227,-0.2243299955928415,-0.7345815598305616,0.31217474920124805,-0.19008353395707697,-1.0291417405052496,0.3162882766364871,-0.1149661757467715,-1.2736993616476198,0.3226269382762174,-0.3303566592409944,-0.9545585889388446,0.10953463356840758,-0.36727170110657004,-1.5041811828320317,0.13419803955655457,-0.28050236930780004,-1.7890318851994178,0.17976710129343898,-0.1908325134761783,-1.92461066960006,0.20913589513579825,-0.2397802874412028,-0.9702462756784495,-0.033579134692717894,-0.05312766839913565,-1.5234098964683482,0.01964191553186481,0.06235281751959503,-1.4146595965995337,0.11931356214634634,0.07781591942523348,-1.2421778990045682,0.18175489171063897,-0.10553579315546664,-0.951412765936855,-0.1539028656345837,0.1267571520844143,-1.2724720491386994,-0.058082431999550696,0.1911903774167096,-1.0915755066846604,0.055897965549647974,0.1603230453580259,-0.9332911683145813,0.10899380044541011,0.04414645547576349,-0.9008203986609655,-0.26344100106059737,0.21173035032027387,-1.0791552022139734,-0.1656330623387625,0.262046347424268,-0.9361843333783586,-0.08220695959086076,0.23653661740596807,-0.8160766912384548,-0.03434383719435466,no_gesture
0.0,0.0,0.0,-0.17306518257917347,-0.3800521899074088,0.2542428236297327,-0.23446184692834332,-0.7375635334732153,0.3094576249151125,-0.20231911955821563,-1.034912401112073,0.31665675833144397,-0.13167584157023154,-1.2847363191397283,0.32647792104816054,-0.3439719846454088,-0.9519631244967988,0.09056268164650952,-0.3774698072883352,-1.5136505291364284,0.11742211779911398,-0.29064488642166686,-1.80720739356436,0.16950594405942052,-0.20265478789223954,-1.954691253761548,0.20509617292923912,-0.2433095783774663,-0.96886882826376,-0.04575612187005802,-0.06383605667463776,-1.5272702165808398,0.015335770477757235,0.04639676171551525,-1.4202867007892024,0.12840359292004708,0.05925898706407028,-1.2480808401868517,0.2001082995202835,-0.10102954350828111,-0.9477283482531637,-0.15801263333654178,0.11408306668206522,-1.273239402656372,-0.055238661729611185,0.17283220225522922,-1.095302336502209,0.0701174764111491,0.14051059899657564,-0.9371147694909231,0.1313139491734644,0.052464187687427256,-0.8947438194393917,-0.25891395485374175,0.19760816907429163,-1.0822239694550184,-0.1567979232011785,0.24391687306073317,-0.9430242988451858,-0.066620364750045,0.21995385298813497,-0.8228757384924734,-0.012756636704139164,no_gesture
0.0,0.0,0.0,-0.17380543335241427,-0.38080888470997826,0.25186497962977544,-0.23048346225448035,-0.7320805931894452,0.3134522476540911,-0.19267902325881914,-1.0041930867745288,0.3340081605145992,-0.1252263680285183,-1.223408530489663,0.35494318134100694,-0.3251355671705618,-0.9478364049687455,0.06297601593353021,-0.35533336453406467,-1.4967464776142765,0.09535936152285476,-0.2743381098605875,-1.791146706774847,0.15662185425798927,-0.19074157586149748,-1.9401328262408009,0.2012577117726541,-0.21429570261659014,-0.9749767225077497,-0.059141545533640795,-0.06274803741686241,-1.5125339581047565,0.02154990017673509,0.03735225199090024,-1.4056235718655299,0.1537679589229862,0.05347044439728881,-1.2307299464726642,0.23604922072860543,-0.06936575409659687,-0.9477620215442936,-0.15508196952170933,0.11443434989240817,-1.242840798778281,-0.03230167147568452,0.1617521077959237,-1.0626670205144384,0.10543680211432978,0.1291234708239873,-0.9063671107043209,0.17167422985367373,0.08193120150344978,-0.8781835522590666,-0.2391261586217775,0.19632193809303194,-1.0456875322688042,-0.12654360147290422,0.23299136095011588,-0.9077632715273047,-0.030562164591745225,0.21021933041686694,-0.7870090062192441,0.027339789795576223,no_gesture
0.0,0.0,0.0,-0.17909796093039218,-0.37793536986614973,0.24654335912204423,-0.23912848449609472,-0.7308698154307911,0.305179453800446,-0.20581156519926674,-1.007952862881852,0.32400307159881303,-0.12938342117558238,-1.2267079577195477,0.3437954256663883,-0.3267337407951583,-0.9458984080965596,0.053678877511802545,-0.3555925844639771,-1.498805664600798,0.0857831680818333,-0.2741008880173588,-1.7823805618877766,0.1497097193412402,-0.19310905576127826,-1.92043139934431,0.19643664611476636,-0.2135284680407329,-0.9746973957553352,-0.06611021134397063,-0.06793018675783359,-1.4966604252008537,0.016414344200947704,0.023156827138758527,-1.3760920651309947,0.1534598313837954,0.028932001014426924,-1.1977110461875629,0.2388038606367869,-0.06650800795920978,-0.9489856480812263,-0.16013041081938117,0.10359745204902014,-1.248496609482077,-0.039317854855216106,0.14808669514042402,-1.0689855090690317,0.10105871281154455,0.11448672342277003,-0.9136761887167418,0.1696230656824502,0.08625357457893496,-0.8828865231772887,-0.24203697592227602,0.18917691494151437,-1.0605184109016923,-0.1303710667328033,0.22432143774499125,-0.9217836187704003,-0.03215829252226454,0.2039400672852528,-0.7996262811539306,0.02735783514379471,no_gesture
0.0,0.0,0.0,-0.18336629758214348,-0.37439005537315057,0.2430791677527562,-0.23784311890512588,-0.7345837225938227,0.3023889496047159,-0.19837942132554973,-1.0067053165342374,0.3264808578681717,-0.13369619215649933,-1.2141171380624773,0.3507920133198324,-0.32625335310278397,-0.9366967164972044,0.02696391219391292,-0.35621324248178626,-1.5050363913509284,0.05788975581139943,-0.27562344400577343,-1.801846917450767,0.12507573078509168,-0.19476980569310717,-1.953350971419206,0.1757015671532354,-0.2058930171566807,-0.9749741965415658,-0.0838651391476008,-0.06881017260998103,-1.5122529682915014,0.004084137935730948,0.02159717520033214,-1.3975314789146756,0.15069142857295614,0.030731501456618956,-1.2213363693273627,0.24188112188482438,-0.05644792255737589,-0.9525961191285234,-0.16712070870961804,0.10537879866201466,-1.246459283511865,-0.036425267514730554,0.1457415158862031,-1.062657676742487,0.11154932726811861,0.11077689801615714,-0.906027591661927,0.18350582808610166,0.09360182712029527,-0.8842114347058212,-0.2383595051178167,0.18725302467280142,-1.05034214279778,-0.11906878721674219,0.21871181099101997,-0.9093306328362865,-0.017245093075294798,0.19640832009115614,-0.7855058727976293,0.044469185181620095,no_gesture
0.0,0.0,0.0,-0.1895347233090101,-0.38409291076501895,0.2348151539595475,-0.24348842472723145,-0.7455458993558779,0.2872588708568473,-0.19880261746860667,-1.020092554279971,0.3042414379913773,-0.1280551159148929,-1.2273202118325854,0.321866445736398,-0.32931601289022466,-0.941412799529894,0.020990480250124652,-0.3583758980088294,-1.5051004104434744,0.04702115657274291,-0.2795267645962779,-1.8031392665031458,0.11105338489772115,-0.2005297951174328,-1.956943709068501,0.1597771077732859,-0.20080473250119518,-0.9754608727942515,-0.09029687177637873,-0.06440401482571259,-1.5203999622513493,-0.009166074485481459,0.021989874334393235,-1.4088462057287892,0.13442467821223267,0.03087781095384423,-1.2298266928982662,0.22436354463025496,-0.04541071562012156,-0.9464432650206522,-0.1750455461340668,0.11616925775437822,-1.2468900447684756,-0.05117436003831631,0.15203256402945248,-1.0648521449305166,0.0967729577756718,0.11669435853629448,-0.9066330858427334,0.17016257460024106,0.10908201289322175,-0.871342274061174,-0.2488046353132965,0.19955768546475705,-1.0458855046876998,-0.1340203477013758,0.2269951438084667,-0.9055993105084889,-0.03165484084561677,0.2042542407147069,-0.7804516372306987,0.031168416560918982,no_gesture
0.0,0.0,0.0,-0.18117011564660304,-0.3867694136217647,0.22312269084662434,-0.23396450199236013,-0.7572286132654115,0.26704117901057994,-0.1895467565207249,-1.0419341820769688,0.27584508539695507,-0.10871308562724326,-1.2530802908747305,0.2862339700029994,-0.3161795018162325,-0.9555260254183022,0.015285016058542721,-0.3422052327743152,-1.508477826799854,0.03463513691646239,-0.26356459956413436,-1.793407482039722,0.09524063516510281,-0.18491805520116825,-1.9294964596589352,0.14190859025088332,-0.19075719939787128,-0.9769217116130134,-0.09610223856383536,-0.04940245940211731,-1.5138276887592022,-0.02994414848592969,0.03322148471898401,-1.3911594461612073,0.10732576872477777,0.03571249824041021,-1.207348657352208,0.19704565712786332,-0.03782331716224435,-0.939063733600347,-0.18248469346302018,0.12499481859648762,-1.2483664152173148,-0.07390705216188129,0.15824639645692343,-1.0687571125947615,0.07180117629144032,0.11947165238502847,-0.9124616652457094,0.1478240084701725,0.11502404729170869,-0.8590294117766791,-0.25836792503634504,0.2077772890877369,-1.0452785511095641,-0.15119842276622636,0.23229594477436247,-0.9048448761932458,-0.04870770708038524,0.20698895625720465,-0.7832497765145239,0.015551242540888147,no_gesture
0.0,0.0,0.0,-0.17832706248780694,-0.38653199593501614,0.2266273654151316,-0.2304061831790357,-0.7577232920415127,0.27606644666959723,-0.18821545583295723,-1.0402747782820907,0.2899726169351316,-0.1130296145128303,-1.2519940489658272,0.30542359847547446,-0.3176436206417381,-0.9549883864216551,0.029327511947354903,-0.34185862910899134,-1.5054621195551616,0.05324105538128355,-0.26224310567259757,-1.7869763038868336,0.11588710550362417,-0.18180190379366323,-1.9184816077251927,0.1639036911114808,-0.19369071265441923,-0.9776817341004901,-0.08137760525894792,-0.055974273421455334,-1.510588851474892,-0.012077017250267849,0.026983192851374866,-1.386179338505289,0.12420648630901562,0.03137684827412427,-1.1995583974409743,0.21394530213600083,-0.042074374469236786,-0.9413702962720618,-0.16731111826217845,0.11690902224366778,-1.24474307645055,-0.0570280846266275,0.15074636025283522,-1.0622881554788335,0.08622441898237683,0.11348141593597873,-0.9045157893969076,0.16145080701173586,0.10916515118819269,-0.8623714964558074,-0.2422598005290067,0.20017071392842314,-1.0476247574884416,-0.13506028908976025,0.2267672202693776,-0.9087183699118164,-0.03428501885981159,0.20381074429566698,-0.7871739131022377,0.029511108397461294,no_gesture
0.0,0.0,0.0,0.02939485342025039,-0.4067063035483718,0.19523264414095146,0.1691323597627827,-0.7197513942626221,0.24617038772485064,0.34060763876984923,-0.8340666365879931,0.25270689958720927,0.46924395652402356,-0.7822816664857434,0.25799213905346763,0.2201587227003643,-1.014382983562979,0.14512820429221948,0.5135374628074898,-1.1399690375894163,0.16501047545974643,0.6861411917787684,-1.168070112188764,0.17013258352063576,0.8082713090792739,-1.135161886368342,0.16553157336285992,0.2779804773953231,-0.9602482502459171,0.025497687870121386,0.5955707697135542,-1.003498386512526,0.047436421211547806,0.7486202013206756,-0.8802247893517456,0.045347076946401034,0.846417185286568,-0.7521185438247846,0.02939562683241438,0.342958743939667,-0.8130867804213829,-0.07394306516935314,0.6476218494934152,-0.6785845089467126,-0.01992799649630635,0.6973228976674626,-0.5086892477632441,0.004911583842805793,0.6988020004746393,-0.4042961523583071,-0.0007963356734869731,0.41309682748055804,-0.6086190008195425,-0.16626441980256726,0.5990966222952778,-0.4447351612791771,-0.08948023699867283,0.5658186878708119,-0.2981346286469855,-0.048443676481854374,0.4994532424371753,-0.20994563993471557,-0.038422082308286504,no_gesture
0.0,0.0,0.0,0.08233209116392087,-0.3500007016760993,0.21564300690044372,0.22541516580134188,-0.627652615225141,0.2736205994967862,0.38479101579366853,-0.7219588836595033,0.2779578289299067,0.5155079121681146,-0.7031578185929013,0.28229247516044037,0.23103815203196593,-0.9800962515874933,0.20030504780165143,0.5080719052020075,-1.1313825443592747,0.22170520215087322,0.6803936041177666,-1.1658794066629932,0.2251658540762256,0.8073024723990123,-1.1333540445734525,0.21822278674372755,0.26283995907696855,-0.9627991270668743,0.06271345016566655,0.5753222263836731,-1.123137736663268,0.08165437950732256,0.7398206962655772,-1.0878018501593858,0.06856169166185126,0.8581286623742386,-1.024680778312578,0.04332993749582566,0.30990113128206265,-0.856759435843152,-0.05852337525333157,0.6377675324337974,-0.7386091742524097,-0.0031374679361009746,0.6851054947960578,-0.5316086264106978,0.024451390478511293,0.6846823662123543,-0.3961529740510593,0.020886920044824207,0.3711520936162207,-0.6815563036020454,-0.17445663551406132,0.5867226743596061,-0.509969396662076,-0.10401722157897135,0.561624278027119,-0.3454312746204657,-0.0644884178689764,0.5011265775672462,-0.24185905850756995,-0.05385968955706119,no_gesture
0.0,0.0,0.0,0.08951898055735891,-0.3385229735177239,0.23483353555460723,0.22903556359466215,-0.614932954693337,0.30119912518835457,0.38266743539169434,-0.7179198804437391,0.3105456843510682,0.5072043478517191,-0.7116456674253651,0.31809423310301754,0.22803177793952975,-0.9743576610677449,0.21186784240531553,0.5074505152626746,-1.140344458052343,0.23675831958119564,0.6829014283775005,-1.1760284594103247,0.2410858204273539,0.8083439456182405,-1.1325708735345936,0.23447153421797381,0.25447065203154695,-0.9647832702600263,0.06661763040672958,0.5801078734353873,-1.0973940316603552,0.08979010889520617,0.7439570582164527,-1.0343486461135156,0.0779952942176114,0.8540747763491823,-0.9356325233798073,0.053238901394023756,0.30093335290979856,-0.8670364723447346,-0.05988967385941874,0.6394469634832073,-0.7220026443287678,0.00135742481276458,0.6784682042851156,-0.5004803233835329,0.032194800173768516,0.6688030449338963,-0.3503299063810602,0.02880475396773117,0.36393803565704524,-0.6996499151850045,-0.18003223632658993,0.5922471908219151,-0.5222650339055035,-0.10854807458271462,0.5703441430870708,-0.35032704548140825,-0.06746589693896687,0.509460167227232,-0.2342897358462454,-0.05598105504936517,no_gesture
0.0,0.0,0.0,0.10673186278251773,-0.27841004802001995,0.18577681370828542,0.24435059619513488,-0.5400339631976199,0.2303440544653904,0.3913886965585801,-0.6463133456551042,0.22595029502314526,0.5122036832752941,-0.6474382837642273,0.2212210569085404,0.21960052259154964,-0.9689456475408137,0.17723955832536745,0.49327453159242546,-1.1116160341323955,0.18829720935961022,0.6673853857054323,-1.152570461521502,0.1844197315339036,0.798360043111221,-1.1279609073268155,0.17211245914065038,0.2411182583714958,-0.9693112328553305,0.04793432319721838,0.5458587993079996,-1.1621067322702623,0.04765498460555547,0.7174718785241083,-1.1572398288433876,0.021298747737476687,0.8475063475728636,-1.1188888594720778,-0.01058278779974575,0.2821139152250519,-0.8738788527917295,-0.06792357879369962,0.6219913539276534,-0.7815034548548686,-0.0363860842187236,0.6857291050877169,-0.5608626711239035,-0.018675862162899803,0.6994812190494191,-0.4127085048145713,-0.023687325584043777,0.3430504113163528,-0.7038608058632603,-0.180439305090844,0.5729335101523926,-0.5316936078638705,-0.12986826821014594,0.5541611870020186,-0.3486533128728449,-0.09726772457281077,0.5007088824921979,-0.22944353533689404,-0.08821272790679241,no_gesture
0.0,0.0,0.0,0.12000569173835554,-0.2774730465776582,0.19762893349931204,0.2544273722149294,-0.5524819215368862,0.25252010743294845,0.38948963052813446,-0.681751012040378,0.2572732737976366,0.501840804846941,-0.7093081900435563,0.2600052956843308,0.22019974367717235,-0.9626383550134037,0.1920240363337841,0.4885760510538588,-1.117900489822531,0.20799802503653833,0.6583190078412682,-1.1634642739474685,0.20537588595745226,0.7850641784462706,-1.1449509515612097,0.19342958284117054,0.23381052899859572,-0.9704201235570783,0.06014482791446805,0.5371344952497497,-1.1636730115556744,0.06566269678403511,0.7104360341726684,-1.1603212601683686,0.037747104580378534,0.839769576544224,-1.116684675885332,0.0034219913010718403,0.2699456531582341,-0.8859345300657543,-0.057552526366485834,0.6103472409059559,-0.809135362118011,-0.023589661367364526,0.6836333371102342,-0.5856600143296081,-0.012346177189963089,0.7048897411711986,-0.42565437457980226,-0.02289257294005199,0.3262041251657193,-0.7330236807629458,-0.17040224526015862,0.5615748470178541,-0.5597442614160486,-0.12100231963593806,0.5531274572095225,-0.3648954587198787,-0.0928402935854131,0.5084339639894437,-0.22903193783388312,-0.0873994022705473,no_gesture
0.0,0.0,0.0,0.12562619921426352,-0.2718052884308082,0.17985311819267988,0.25712814343463347,-0.5448837179231754,0.22832899063504594,0.38591150072656183,-0.6850294939234821,0.2289155732494417,0.4931990778315205,-0.7238872504153114,0.2278848775184001,0.21784176614418055,-0.9631707625640905,0.1828867628202567,0.4786035509010257,-1.1186118648358125,0.19425999781164463,0.6448048867391282,-1.1696702626087025,0.18724988134870554,0.7694676652984788,-1.1556175965780215,0.17237804325835762,0.22882443413029938,-0.9717925524281416,0.05708409051693312,0.5225862417669911,-1.1686800137933113,0.05641477986895039,0.6962131841824787,-1.1733619686350472,0.022238273664759757,0.8278956202055011,-1.1321617232766892,-0.015839555217819476,0.26228859678179683,-0.8877181356421618,-0.05649663069593555,0.5917748081018097,-0.8021718226902366,-0.02908544186243491,0.662809983172631,-0.5762628412856893,-0.022655291503069636,0.6845443198663861,-0.41531932108606234,-0.03511979419756461,0.3161524896086211,-0.7355840764761273,-0.16702679404684212,0.5458718255238805,-0.5617166882467781,-0.12390017970542631,0.5395106545530682,-0.36785362964873863,-0.10023305825666781,0.4988095641241679,-0.2313647964245795,-0.09713589355077624,no_gesture
0.0,0.0,0.0,0.1414146386265441,-0.2803450210430063,0.16018363881006237,0.2758208367573969,-0.5586202539348142,0.19467543970139675,0.4027367497526729,-0.7239863738570114,0.1854555033022315,0.5050345616433037,-0.7829204650869424,0.17521397587399942,0.22402330361278794,-0.9698218247115159,0.14400766060568523,0.48824464943652607,-1.139660830840606,0.14258795118523662,0.6550574517428256,-1.1906850645896379,0.1280050447049555,0.7802338239195362,-1.1733154330504993,0.10886524662861455,0.22539852598673768,-0.973943280797053,0.02509920861856753,0.5236310084281649,-1.172500278506119,0.011514014677353282,0.7026421620746313,-1.1743771246299062,-0.030469578709145764,0.8374075743636603,-1.1236022352734414,-0.07343534048741467,0.25172566979847333,-0.8871729634695618,-0.0807980344128994,0.583033673153238,-0.8158068721876977,-0.06175860335639798,0.6740586684423354,-0.6094694106589726,-0.06307420527210061,0.712193430467298,-0.454542322148424,-0.0813438102404381,0.299498983514217,-0.7365745650739918,-0.1841431661264303,0.5321468723165885,-0.5674376535446483,-0.14306852652308408,0.5353147200880741,-0.37978979202830443,-0.12217100360773687,0.5010424992190072,-0.24114895026012034,-0.12248541170151166,no_gesture
0.0,0.0,0.0,0.17256636248216056,-0.23819243951334867,0.16300919082838466,0.3083277586843342,-0.5115197932950578,0.20327998225548366,0.42714593308858556,-0.6839925840445332,0.19843572216447247,0.5178580068294403,-0.7563418409233803,0.19138860104659214,0.2387387407842044,-0.9544789678009825,0.16098919833548472,0.49476803756972315,-1.1214828976086078,0.16156478844861957,0.6593286772160022,-1.1776312769112052,0.14630492021467797,0.7832009965403368,-1.1645386081945974,0.12553883703792176,0.23243726941116177,-0.971842118176432,0.0386754848324932,0.5259470034219921,-1.1766342802702812,0.021001041183213415,0.7066880518279955,-1.1877171909022515,-0.027130713413830835,0.8432518002108463,-1.139595130387567,-0.0735317822951737,0.2503623587247504,-0.8965011085617746,-0.07203489678918662,0.5854962575198865,-0.8250662102447134,-0.06436594399071512,0.6862897955090647,-0.6107770258253064,-0.07555640728808681,0.7308448151216315,-0.4459427905693274,-0.09804679755381118,0.29137373036837105,-0.7565272044916623,-0.17954242908568915,0.5315648671773033,-0.5688429046764795,-0.14972465542426902,0.5365714634180055,-0.3645381801140386,-0.13594756860107685,0.5027859654142163,-0.2120330377234317,-0.14005657227489526,no_gesture
0.0,0.0,0.0,0.177489034016308,-0.24575734548065825,0.16905170716580645,0.3091446025659432,-0.5243862996847536,0.21567170995531357,0.4214012052836991,-0.7077387173565385,0.21589997456780452,0.507950244568912,-0.7916076965763307,0.21441768858675356,0.23293465727562487,-0.9592107492978015,0.17241911562632714,0.49679369213340413,-1.1207583407056636,0.1768997313432741,0.6626634069804156,-1.164943975453782,0.16365160742449644,0.7847036833108706,-1.1454195071833972,0.14464729723777695,0.22489986829300423,-0.9730649145873325,0.05064287946923932,0.5216342731860639,-1.1639284212560876,0.04183654355869291,0.7019304996080966,-1.1703592614916587,-0.0061268548540173344,0.8374613477498957,-1.1264767884781115,-0.054535306572555044,0.24269601377138697,-0.8994001236443216,-0.059246208607108296,0.574364605425694,-0.8057600085179747,-0.04239722805743542,0.6651085104326913,-0.5664929320000118,-0.051367275065961775,0.7033747179788671,-0.388551286791892,-0.07368703667533379,0.28483674864735775,-0.7665721541931262,-0.16614206430871525,0.52220448806151,-0.5993347009828252,-0.13294409909434038,0.5335621453035734,-0.39092617908975885,-0.118421658395182,0.5076378049317946,-0.2313460045300716,-0.12214064764418973,no_gesture
0.0,0.0,0.0,0.174421227557681,-0.23723433540386316,0.17929996543251436,0.30365854979837353,-0.5092474543771057,0.23049980840859743,0.4134704546603389,-0.6830293111284402,0.23324188116084085,0.49985088248955606,-0.7675818979767092,0.23358449239648113,0.23645165090752512,-0.9549587578169964,0.18579069972788873,0.4944551407382348,-1.1183996166698487,0.19385827371419373,0.6561621654180824,-1.16715067568324,0.18299072874293854,0.7755208040356506,-1.1488548341477804,0.16537224983802928,0.22997377251005802,-0.9713943851661231,0.05920297648953986,0.5303180531510143,-1.159506116768642,0.05215387833047483,0.7074756881499971,-1.1729706309374286,0.006869242053432213,0.8398105035843574,-1.133798803397353,-0.03904360463977155,0.248224914119621,-0.901331546998707,-0.055169383059668765,0.5835328791376349,-0.812488265313689,-0.03914080985815108,0.6688344076412444,-0.5770299737621587,-0.04511867009081551,0.7025847193780194,-0.39735171118699647,-0.06440529902448676,0.28984266183883467,-0.7698412986879004,-0.16581916639854655,0.5304607442793635,-0.6007152069201912,-0.13472320847865565,0.5393757024806524,-0.3919720315260392,-0.11863442578433483,0.5110898633004768,-0.22885042228321084,-0.1199176109307484,no_gesture
0.0,0.0,0.0,0.1881034305721195,-0.22923509568030875,0.17703883829139247,0.32153076538735603,-0.4935723197222631,0.2300723446704679,0.43274274269079405,-0.6661480836232007,0.23502278859740455,0.5180185551650225,-0.7535884148942331,0.238664524125303,0.23624457271337107,-0.9536287044646903,0.18676003438371014,0.49433600584719173,-1.1226546871965828,0.19844233134040504,0.6580061762262477,-1.1663026857290313,0.1910405229180416,0.7779958481617129,-1.1440376515469701,0.17567614358558548,0.22804174342975303,-0.9716311837611059,0.06268800520442577,0.5207439754700873,-1.1612499999238406,0.06364409574626598,0.698197444666038,-1.1715595154627632,0.021880051336888105,0.8316988001914416,-1.1344626587146134,-0.02342450427519673,0.24672696800775926,-0.9026643951373352,-0.04969627818562704,0.575230138286191,-0.7854830615311785,-0.02488521811058464,0.6597774831703779,-0.5324001983535848,-0.027967647004663886,0.6950330901998492,-0.34576568962079,-0.046891230008919635,0.2900914882278155,-0.7708286909513997,-0.159366027350643,0.5280324821585035,-0.5998475234511222,-0.12523650208074769,0.5472195399652049,-0.3898595424475334,-0.10938788334031482,0.5309748980679981,-0.22556075211418783,-0.11100588925396675,no_gesture
0.0,0.0,0.0,0.19966070663566102,-0.20601552061837897,0.17725956337252965,0.3330051311845628,-0.4569686631278931,0.23191401523957103,0.4412652138583645,-0.6241361082657717,0.23835052638045762,0.5227977863892739,-0.7104259021930384,0.24179017682026596,0.24061503840707424,-0.9464424398744772,0.19165526245064363,0.4949818361118274,-1.1053661850799208,0.2038836271044523,0.656799698181557,-1.1530525215272907,0.19338419058815273,0.7775830739302245,-1.1386601367664926,0.17549711022806969,0.23059376471201018,-0.970712651011304,0.06740508024286965,0.5201827442069955,-1.1555947403687301,0.06738352190696476,0.6968751402035481,-1.1708446321865895,0.02204884823789213,0.8299458662902361,-1.1381630808092218,-0.025477536124776035,0.2476626516222716,-0.905422615971034,-0.045502561162182986,0.578666973735962,-0.8048181480963477,-0.024407387738034407,0.674101473158327,-0.5636091595889061,-0.03271217534970716,0.716540985647692,-0.37840449704387064,-0.05478272983172287,0.2916765412034342,-0.7757594357389104,-0.15517093850154828,0.5313712685313141,-0.6137372773170283,-0.12462130264592587,0.5523415803962599,-0.4066643520147206,-0.11154217411982528,0.5358858269160836,-0.23962642489913982,-0.11486592273036397,no_gesture
0.0,0.0,0.0,0.1953128086212197,-0.21661468637437328,0.18851170651409715,0.3263318916146352,-0.4754668196853728,0.2513925124466955,0.43310524160553227,-0.6484990616772343,0.2651828739717991,0.5116646780186311,-0.7333280944002446,0.2746576702664212,0.24131812254319404,-0.9460891172638127,0.19975810978650455,0.4943690720641167,-1.109550361325061,0.2179404167467559,0.6559856299794424,-1.1567386937207467,0.21186215885833293,0.7753184960224346,-1.13676745314397,0.19647179861850791,0.23004652795054625,-0.970443404168044,0.07292581356856045,0.521904888847808,-1.1625351313200538,0.07919404839105604,0.6980048738378497,-1.1767362208925574,0.03628700444908101,0.8297852945096458,-1.135409555794966,-0.010649788392630623,0.24486279686515527,-0.9053069254355744,-0.04133260632777896,0.5788831524355209,-0.8176825080462595,-0.015448160639793082,0.687208750202592,-0.5878057476886386,-0.028718607960803607,0.7407328821845706,-0.4037961749318664,-0.05580167313298587,0.285182417639122,-0.7763310167200251,-0.15072936763031927,0.5263777477082933,-0.609380470562465,-0.11735308167942439,0.5547767627261203,-0.40259307642028236,-0.10784386028957033,0.5463298818247914,-0.23368466572151592,-0.11495875773925639,no_gesture
0.0,0.0,0.0,0.20523763020983388,-0.21451307308839895,0.18810749130175827,0.3401755569578869,-0.46959607849927254,0.24781130109497138,0.4477837696460692,-0.6396570896252717,0.2581754937193608,0.5287742551923289,-0.7223677168158107,0.2634702796623126,0.2506070599318975,-0.9493936022667554,0.19103399868740362,0.49924752120945654,-1.1188820140730884,0.2056808290120462,0.6590488649907951,-1.1691895886818806,0.1978440080023822,0.7775096973996903,-1.1514301284385333,0.18109649555496574,0.23589439055364142,-0.969807347766582,0.06186699219513801,0.5281665005934502,-1.163375522259402,0.06468421369032724,0.7061431237276994,-1.1819345492390863,0.02117640248290096,0.8391555279897572,-1.1437270516796978,-0.026402991397645754,0.24748181728582627,-0.900903247213612,-0.05459723236548556,0.5849385759660821,-0.8251047646755533,-0.03329754299153742,0.7049679505871439,-0.6079596096649146,-0.0488293612134111,0.7687050885588608,-0.4282687657755162,-0.07769440499798082,0.2848511389776721,-0.7674908128796721,-0.16573731709596493,0.5292411419706435,-0.6067717312830996,-0.1354218405021977,0.5648324699973303,-0.403282120237201,-0.126580372584632,0.562911634881897,-0.23324232563058636,-0.1345386103689277,no_gesture
0.0,0.0,0.0,0.14165258737707012,-0.2674611795328176,0.19245408593243304,0.2728732499970532,-0.5338174886743479,0.2534175047723402,0.3935566278295973,-0.6811141436627803,0.2656085062405671,0.49914186204254746,-0.7443191388053827,0.2727280468682292,0.2277109677894795,-0.9571881852388625,0.18793161557849022,0.49446551733770705,-1.123626271143079,0.2036003952748838,0.6635829780284049,-1.1694842884415937,0.19309633991307587,0.787346406383296,-1.146492217584388,0.1741783184047179,0.23219927944745009,-0.9706873429963558,0.06204479648414882,0.5387801768193431,-1.1580674652985843,0.06853721581800891,0.7173155681064,-1.168663197986073,0.0232760624505653,0.846965315237333,-1.1237375272335242,-0.02798854982703088,0.2617287991952838,-0.8990822566747045,-0.049004415151421045,0.6063071121851258,-0.8105116419619203,-0.014004712497883568,0.7047551656558428,-0.5598291113503404,-0.022508552504722577,0.7484745794185536,-0.35054845835937554,-0.05065197141072545,0.31052202901821574,-0.7648851091096547,-0.1556093913825938,0.5517812456742214,-0.5901820287076439,-0.11469380253345732,0.5819397212236848,-0.36929023894104895,-0.10231553706967705,0.576400116416139,-0.18349410600025073,-0.10930199176483901,no_gesture
0.0,0.0,0.0,0.1300474943472453,-0.27300526918879425,0.18360973152024632,0.26546432518213375,-0.5390148913108413,0.24110446143948563,0.39477931950895506,-0.678132931598525,0.251511645142538,0.5062417943383437,-0.7248808809401842,0.2568626950222126,0.22613834361546803,-0.961488485628764,0.1773930615872733,0.49591209406799275,-1.1242738630910385,0.19091660694491158,0.6670831597280322,-1.1674491594522045,0.17972073640473885,0.7923938723949507,-1.1417725609985416,0.16057307194365775,0.23643062916225915,-0.9700752294171474,0.055268317010802426,0.5416793633717031,-1.1561840910928523,0.060047598871816786,0.7209652812375088,-1.1623910513224796,0.014872239152644955,0.8506017314764391,-1.1121812690811823,-0.03612082688043014,0.2703029940162385,-0.8924791641570188,-0.05262938992635105,0.6119904324053725,-0.8030274216486771,-0.019676228528156346,0.7034961008281776,-0.5526449844798635,-0.029074468865103478,0.7400577945835843,-0.3456196093188533,-0.057283097003133526,0.32217248821615,-0.7512866133837781,-0.15659474387684807,0.5606552308149151,-0.5796946644493661,-0.11837460851568125,0.5848461151939239,-0.3640447423882787,-0.1079645847243998,0.5724725871005895,-0.18418841181657153,-0.11589793830037072,no_gesture
0.0,0.0,0.0,0.1085026832264779,-0.3050203425101714,0.22919763075182245,0.2412406144747454,-0.586418017058463,0.30816720353623656,0.3811687865122311,-0.7001178822082726,0.3325610636853662,0.5011417349508092,-0.7253567076271352,0.3525748117340828,0.2204269883660812,-0.9716723832261727,0.2289865211720363,0.496349909768196,-1.1252431742796092,0.26009840851366434,0.6708625076611128,-1.1653422697883462,0.26167657612660933,0.7976779095000567,-1.1365907917420799,0.25124665958238324,0.24538850603739343,-0.965123968254563,0.09121505909278645,0.55165706275566,-1.154333218079417,0.11271086390714564,0.7306882619507049,-1.14945207477194,0.08196078578020347,0.8571092412736558,-1.093078900742586,0.04200970986860326,0.29241950480900825,-0.8761707566733317,-0.029538354628369793,0.630040040731093,-0.7703838450457858,0.022880658340682966,0.6977227600428497,-0.4993088690640302,0.03194699349059804,0.7101000389565577,-0.2934208426660776,0.01636263874358481,0.3560673634594943,-0.7242053205897999,-0.14381562382786087,0.5902833313676685,-0.5542076353448877,-0.08945737711384441,0.6008062711580888,-0.3376491229915471,-0.06680894198810347,0.5748660745050418,-0.1713854096214901,-0.06543696849397994,no_gesture
0.0,0.0,0.0,0.09434580099731327,-0.3258030554189048,0.21269574329732507,0.23358302668128256,-0.6057629226327607,0.2862575601424611,0.38326947093753605,-0.7120647252447788,0.30784571588161685,0.507849591196773,-0.7190459950658027,0.32577520085626555,0.22366099751906227,-0.9727759139182877,0.2087180484183345,0.5111227291502688,-1.110931985838363,0.2367834323646651,0.6903638311648048,-1.1421998443090065,0.2388009507568781,0.8174764917949745,-1.1116170550892677,0.22861267247709702,0.25386221081603116,-0.9641480510036372,0.07728191033795641,0.566014397490056,-1.138154849355839,0.09869904606990128,0.74140927223743,-1.1260726230062252,0.06927835370914992,0.8639608277914462,-1.070155724923026,0.02861999363725899,0.3047975184992639,-0.8698730783058497,-0.03828864743110209,0.6350165930921283,-0.7370028814915246,0.014099520387862493,0.6908766438809227,-0.45291096778318474,0.022501504749414043,0.6954729652624273,-0.24506064050757187,0.006009638677690258,0.36971792008752125,-0.708117069742356,-0.14892803215120687,0.6002607376364669,-0.544444080722056,-0.0976827270047919,0.6147760545658738,-0.33287322332909103,-0.0789878067303471,0.592789341258577,-0.17044902823785668,-0.0803428101346326,no_gesture
0.0,0.0,0.0,0.10668406837412582,-0.30827861830210734,0.23457213080080977,0.2544657122375632,-0.5757826356027372,0.3187502072474344,0.40723357307081787,-0.6664082692510798,0.3479934191485316,0.5256933496083197,-0.6635815795628087,0.3735920310101879,0.23328701817447509,-0.9695550934127454,0.2273335280695959,0.51977506751146,-1.1080512207509454,0.2664369416016439,0.699334828849282,-1.128028969448351,0.27900923067418204,0.8239625430503885,-1.0803950055147726,0.2760589561770142,0.26510186140137565,-0.9601411030456722,0.0886004815097805,0.5801559169989671,-1.1350413342519463,0.12412924960589483,0.7527965200458975,-1.117536541279946,0.10704581669474951,0.8719153713695339,-1.0604504028033928,0.07432951865890117,0.3171789784697261,-0.8644316706446532,-0.03272539115012805,0.6532184207399039,-0.7363759985687697,0.0332744363236743,0.710712254844573,-0.4595736041003244,0.05027917237749793,0.716077794478468,-0.2563884445949419,0.03784160516516125,0.3832596117142113,-0.6985190398412178,-0.14730590649687145,0.6177465145828167,-0.5411137903950806,-0.08581486535342008,0.634026894831028,-0.3364789580448783,-0.06071871763717525,0.6133870219167735,-0.17897002795445266,-0.05825394897031903,no_gesture
0.0,0.0,0.0,0.0870000044066653,-0.3576854503587856,0.2378235958022145,0.238344772718466,-0.6428072138678095,0.31649108564036466,0.4015976963289547,-0.7316021921835381,0.3402451104966982,0.5328513204788115,-0.7011354147487726,0.3576715761635148,0.24100855286155917,-0.9764429151894999,0.20424469401466105,0.5341614504677501,-1.1238474449344051,0.23510574817557778,0.7151764574105982,-1.1327529750115932,0.2359266922095598,0.8402958676920917,-1.0684235163633382,0.2252733184328101,0.2783402038192262,-0.9582432345995587,0.06554856430194257,0.60684624848065,-0.9915746237655223,0.10392214557594756,0.7629446964902269,-0.8610351562106113,0.08778324296224535,0.8555312527473281,-0.7171053190450649,0.05455056438508427,0.3358602871369188,-0.8519385100562071,-0.05215657612020965,0.664541876440298,-0.6897847700680919,0.02001624649341956,0.7181226528154271,-0.4439999123464119,0.033715869632814484,0.7205487356647121,-0.26030062952517025,0.012034743226867648,0.4019087257665967,-0.6835852094073098,-0.16134176248551244,0.6295645732583647,-0.5185085646226617,-0.09035099854893618,0.6406980163805381,-0.3238320853886145,-0.0614272363908815,0.6100174977062117,-0.16583312374209697,-0.061287825464082187,no_gesture
0.0,0.0,0.0,0.08237733500153978,-0.34556633146715543,0.23031505579636602,0.2377301375993143,-0.6355198142878956,0.30519582862338385,0.404800795092129,-0.7214318573839833,0.3259885030457788,0.5360961798025621,-0.6785611233370181,0.34076729531636046,0.24153757676930532,-0.9736531780977498,0.20008107524684576,0.5346628909592759,-1.111400319357346,0.2283027194749296,0.7190590565430549,-1.1283234107897395,0.22621072975553133,0.8457603868243392,-1.0730654769025598,0.21290353485571828,0.278383531566811,-0.9584620167109953,0.06207376156381468,0.6085256454536003,-0.9969229011373125,0.09651909081053656,0.7704463953259003,-0.8569466792719914,0.0765646073068222,0.8714155958711297,-0.7029290579015468,0.04062801615128147,0.3359749962588213,-0.8504408083431879,-0.05598790774733849,0.6670002136377922,-0.6614499135873719,0.013255618082389072,0.7256210660801633,-0.4060616196531708,0.022863667937208662,0.7350781274537295,-0.21586482440741941,-0.001571415405418064,0.406547029687,-0.6738160614494721,-0.16649094697253422,0.6350720549072322,-0.47866665340373954,-0.09623133637020174,0.642423648572207,-0.28027173206537637,-0.0700770579632374,0.6128942008094854,-0.1256276793974517,-0.07265917669953922,no_gesture
0.0,0.0,0.0,0.08752586047782766,-0.3202674594647069,0.2159091791150851,0.2435794091989662,-0.6072184449070809,0.2926404079755348,0.4087062290535865,-0.6929683020567398,0.3186457956774566,0.5413894956026164,-0.6592478497164647,0.34066428587502606,0.24020277826511366,-0.9683947141465249,0.20086728187306657,0.5314409836066476,-1.1084086858954267,0.23360187699048537,0.7173309242118744,-1.1351141093363026,0.24122157681476353,0.8471120978714718,-1.0985120359808151,0.23426183903565378,0.276276950224047,-0.9585259059808529,0.06999367356042864,0.593591273592933,-1.1389355258573761,0.10191724552580418,0.7699338144577423,-1.1153505619642796,0.08196238848919486,0.8946494275603339,-1.0505925646398462,0.0456733727402699,0.3316207514696546,-0.8546939247284432,-0.04451401051506175,0.6753986572052972,-0.7358003761748685,0.017445927293253977,0.7606313948121579,-0.4695071495704488,0.024036070973163886,0.7920581783648202,-0.26152955795257865,0.002837688321822702,0.40074144166953923,-0.6757541854209185,-0.1528291445628121,0.6383909677819303,-0.49198963479721564,-0.09216090738073876,0.6629786440743238,-0.28177460380625696,-0.0727983954947385,0.6552634770765996,-0.11438919030852082,-0.07647777132851535,no_gesture
0.0,0.0,0.0,0.1908661240311443,-0.2138085414965944,0.22686548516688618,0.3466995799246518,-0.4598537264438048,0.29960365133634004,0.48792606105201447,-0.5796280057700096,0.3170775587525702,0.5987394901009365,-0.6333209197804226,0.3268492404390552,0.2597500765478911,-0.9518398836169423,0.2015566251765811,0.5379573547874192,-1.0931909212587856,0.2185911722848828,0.7128064823084073,-1.119755452665357,0.20920741720336303,0.8366816765924091,-1.0843504274870654,0.19101442232273752,0.25675704519255077,-0.9647459860214908,0.05780123008562539,0.5826731434859918,-1.1291689851538556,0.07000826069327949,0.7680045745148841,-1.0976678682650411,0.03463428440904128,0.894088579739029,-1.0165788210822508,-0.01011048291551631,0.28338077047481364,-0.8838149641742482,-0.06849592148954724,0.631893310499067,-0.8183153000936285,-0.02614207999378433,0.7480416696260686,-0.5756870849019405,-0.026575872418796047,0.8039510070927888,-0.3682672819710601,-0.051850810364415724,0.3312457783603721,-0.7301867754633588,-0.18706298126017953,0.5827589811682574,-0.5527878487781805,-0.14375937993521623,0.6411347738721974,-0.3401230222101264,-0.12698336306337246,0.6595091566379784,-0.16232561967883283,-0.13114193790922854,no_gesture
0.0,0.0,0.0,0.24882515559689383,-0.14914898022234357,0.22411843778591853,0.40561838754006,-0.37133074954116424,0.29315041219529514,0.535289748100667,-0.47536628722373553,0.30405419349189877,0.6295720568929165,-0.5557363538542551,0.3075136610346154,0.273159848083743,-0.9468308275526228,0.22027749758257995,0.5242623296934008,-1.0892549608187523,0.23494133321830882,0.687429671295731,-1.1232892534133958,0.22306900852027556,0.8090196549647225,-1.103762052424416,0.20314831898779626,0.2530332442636337,-0.9649004387070512,0.07029438583812851,0.5646688347025429,-1.1274543378677315,0.08049666091988687,0.748832730045326,-1.114120755328795,0.04581117466735528,0.8806236923455547,-1.0558391699848653,0.003075973275776452,0.2628292244004045,-0.894877438546966,-0.06651629058611055,0.596786151287775,-0.8748508827621856,-0.03803846634673502,0.7251921761398732,-0.6774167728522735,-0.041173639439918155,0.801082342184662,-0.507494228379091,-0.06461806567813703,0.30134442944460044,-0.7537029571001148,-0.19549005799899286,0.550453159877407,-0.6076985966683481,-0.16547534700326022,0.6338604622504707,-0.41756381939918075,-0.15010949922077543,0.6835274184689718,-0.26110589382979027,-0.1532584194325929,no_gesture
0.0,0.0,0.0,0.012742004865549559,-0.46702526318659104,0.269972442781798,-0.09040819975301842,-0.8182179914413705,0.3636504673393873,-0.14667112187995995,-1.0524733441030032,0.3827441313117015,-0.21088924134598155,-1.2786417768573421,0.3961039870701921,-0.45257634684851084,-0.8328214977614096,0.36668247495666667,-0.42219119252221743,-1.3543369886313656,0.41244737466134523,-0.3891219363511132,-1.6835807587181773,0.4227848161525005,-0.36326687933808793,-1.9498794664548353,0.4133066647206379,-0.4857355064133787,-0.855211828339874,0.18075875214469578,-0.4343507048417646,-1.517489720654737,0.21129276002124647,-0.3820678090892463,-1.8504574334072559,0.1880685323934439,-0.35078988587018173,-2.092263574762155,0.15539732193196523,-0.47054684490327076,-0.8692972154498626,0.0016677724547801622,-0.23395071485523994,-1.4412698113735583,0.03067604658375646,-0.07617605396714802,-1.1501948873490349,0.05561769187064805,-0.03745995623620306,-0.8864242818401356,0.06406034396192034,-0.40276328840653913,-0.9120533273597803,-0.17122390037579943,-0.1838405366607087,-1.3133795711012004,-0.1465553547573589,-0.057676786126073215,-1.1026316065168467,-0.11479726479531907,-0.031026068415630242,-0.8768234138420472,-0.09720229744521408,no_gesture
0.0,0.0,0.0,0.000978267301028616,-0.4734096916974038,0.27686729397073534,-0.10643097022599592,-0.827846783162837,0.37019505851856405,-0.16323015535122665,-1.0688880700309171,0.3877631087995367,-0.23052211330387912,-1.27917233854644,0.39884761814086594,-0.4625666690953742,-0.8385414816255056,0.358155122513632,-0.4301947256742394,-1.3790112848052984,0.39673187909580515,-0.3908545877879761,-1.723235931266568,0.39621162457678405,-0.36013565049816715,-1.9922736794468643,0.37973256468684835,-0.49742892201490796,-0.8503680516759198,0.17157687557472887,-0.4305676960829241,-1.4967390502970004,0.1981830380871325,-0.371674052506522,-1.7612277115234942,0.16889552074472589,-0.3423492341231347,-1.933156189623465,0.13142748510422053,-0.47685794792973424,-0.8675134901628395,-0.005708716404082454,-0.23118085168764307,-1.4306844068747462,0.025974364667601692,-0.07449103886125294,-1.141943228820297,0.04850419091950977,-0.035685315889191827,-0.8716262449396861,0.051684559675761084,-0.40530459105194355,-0.9083274291792592,-0.17625697161043455,-0.18336559728177107,-1.3146898097515007,-0.14700180517086145,-0.05365237730558196,-1.1119257511064957,-0.11484407772796688,-0.0193480599566548,-0.884906935571021,-0.09966024398459955,no_gesture
0.0,0.0,0.0,0.013241825422723716,-0.4743706636814716,0.2692524189303808,-0.0881149953420182,-0.8240699914102243,0.3598621465979033,-0.14376407028251453,-1.0622110079726275,0.3751053819088174,-0.2095373552428063,-1.2872639598719797,0.38277541980349983,-0.4556441711611349,-0.8405142326548426,0.3540654379586141,-0.42755267237193456,-1.3796455362935198,0.3880096456637799,-0.390980331682183,-1.7268677317837229,0.3805544888307412,-0.36482676246754075,-1.998229552477235,0.3591750232030934,-0.4926217938532274,-0.8533130158886668,0.17082343263093389,-0.4129356401548473,-1.4946096242864917,0.19007818776121108,-0.3503002906978778,-1.7261589282817997,0.15448309189964743,-0.32136686774905654,-1.8618904788787498,0.11481512591561235,-0.4718637712958889,-0.8738663974349538,-0.0037396257549357544,-0.2182613983449201,-1.4314054720192881,0.020125968093207193,-0.06416975703788219,-1.1367006559970891,0.036172039870624416,-0.03147823552175332,-0.8582772004147773,0.036637402169799056,-0.40097110104269956,-0.9142237168248167,-0.1716729995111047,-0.17801527950445575,-1.3182522729732162,-0.1492538887469733,-0.05126937330208937,-1.1204279355998885,-0.12280328806481422,-0.022015788771473758,-0.8918396062336078,-0.11067982816750055,no_gesture
0.0,0.0,0.0,0.030366126137583518,-0.46175437789768387,0.2925010057448636,-0.05907012343096931,-0.8023474357116095,0.38204843483143086,-0.11374898260778205,-1.0365550600887627,0.38654982917983405,-0.17323475705249197,-1.2776899901568033,0.3796744402647674,-0.43424236760063833,-0.8494040726589377,0.38162395281768474,-0.42737398804432036,-1.4031719264946694,0.4004707324629998,-0.38647560737030795,-1.76840688000276,0.3668438288747317,-0.3468107154325736,-2.0423994662370126,0.32848879600292574,-0.4797257401163857,-0.8572038653100695,0.18725578113174893,-0.31042984667199797,-1.475067196391904,0.1739153675956211,-0.1836955715709343,-1.4361309609569157,0.1291998861712117,-0.13631848416598513,-1.3118722171221375,0.10094907164159259,-0.46476816455447606,-0.8869482573665062,0.003053480815579639,-0.1944937857308654,-1.4247487127696752,0.010985642558381298,-0.035475592257707945,-1.115710600017922,0.020935657483140687,-0.010659452617234237,-0.8178377225384613,0.02108376731255934,-0.404650993409778,-0.9254701090164545,-0.1724191668523175,-0.17860844035665524,-1.3236064380809218,-0.14793204136341662,-0.05033559120968463,-1.1230183911261127,-0.12096996872145956,-0.02735534914895541,-0.8843935243064441,-0.10913087468749041,no_gesture
0.0,0.0,0.0,0.019805124276481675,-0.46482917950646496,0.2878960800469894,-0.07851955238829968,-0.8354277426360321,0.36391513262226594,-0.13800248615438376,-1.088262294307265,0.3539667847022096,-0.2017596427060544,-1.3392468685664196,0.3333456302890716,-0.44911000158184894,-0.8517132401765908,0.36268918312617543,-0.44062414923138493,-1.4310260827227288,0.36597752128795563,-0.3958786071317523,-1.8096193566878813,0.32133772944116873,-0.35224351513285396,-2.0927309778146026,0.2762004001452442,-0.48850696953091377,-0.8566630723285651,0.16579897836930602,-0.28142276330128363,-1.4837994537641424,0.1286346882482252,-0.13410084206349593,-1.3755214614633755,0.07832386574001642,-0.08452982630065316,-1.195086070564989,0.053356658473776165,-0.4681250934350378,-0.8894963628107502,-0.020051418237118254,-0.18948193278673992,-1.4438090093520548,-0.025377098203102296,-0.03373426856123271,-1.1161652923201315,-0.012829725397767458,-0.01680031850136703,-0.8027766017379221,-0.008415759728147919,-0.40403394078238586,-0.9323425815200725,-0.19744662002747773,-0.174070918840273,-1.3417525844811684,-0.17182637027939973,-0.047293980371373404,-1.1298043219946101,-0.139353446190254,-0.03151966079994223,-0.8811883546905556,-0.12403715002750573,no_gesture
0.0,0.0,0.0,0.008146502879300757,-0.45831781758084006,0.2859942564181292,-0.09078048078860007,-0.8298193946677906,0.36477781696489603,-0.13671594500497125,-1.0956210088240455,0.36169331426007517,-0.18901624806792314,-1.353359328299527,0.3494780145214484,-0.4603351541273703,-0.8436433862446217,0.341732192737533,-0.44110800876209494,-1.422590566643128,0.3538870824835416,-0.3960175700285511,-1.7905731933705196,0.3253738811503896,-0.35841267531246723,-2.073739938316105,0.2904046061226744,-0.49515568399413146,-0.856399959517106,0.14628717629171076,-0.33683687348288754,-1.501031187541366,0.13252175614250514,-0.23118818025027443,-1.5648880167469232,0.09121580908389741,-0.1977813492716331,-1.5459800882887271,0.05930282792097225,-0.4682081625844396,-0.8909997775360546,-0.03683849864906743,-0.19164360997295324,-1.460645458020745,-0.02927587673406965,-0.04569676594988689,-1.1451596401827275,-0.009820556917003153,-0.03613454701401768,-0.8445050533671543,-0.004799613212070703,-0.39402259043233273,-0.9382126136728557,-0.21124566687609503,-0.1580280020598234,-1.3507087689573316,-0.18674660974459859,-0.0381545731184798,-1.1383254734769752,-0.15348835582954043,-0.030386121226025565,-0.890346214958527,-0.13744091931745214,no_gesture
0.0,0.0,0.0,0.00884155445332712,-0.4648977368541377,0.3009042503780801,-0.09091134035095948,-0.8417292930569827,0.3854789566359975,-0.13646173601047387,-1.113074346528557,0.38540795496270447,-0.19020537676215574,-1.3723692319738086,0.3746317428412837,-0.467614219283378,-0.8380061401612132,0.3564339248529239,-0.4460955770679969,-1.430445460187,0.3689749932707448,-0.3987632218996874,-1.8099238976569818,0.3359354701590288,-0.3590389527850761,-2.103404327543752,0.29680593024267693,-0.5033024697906155,-0.8500709074556843,0.15513238282233371,-0.3220230176709716,-1.503731070150309,0.1355877399075284,-0.19967385095121445,-1.52130485430478,0.08948687969126387,-0.16029979451323875,-1.4584207136205878,0.056884374425048664,-0.4762333895358359,-0.8847866090417171,-0.032305461816759855,-0.1889583276479697,-1.463918186873214,-0.027452236973342144,-0.03459432394968058,-1.140550848220043,-0.013393377817207923,-0.024268906672082223,-0.8302960289894067,-0.011911497724212,-0.4031312889779771,-0.9332904705994894,-0.20941821808618682,-0.16173901073840483,-1.3500255613490963,-0.1845049489481134,-0.03542427536803776,-1.1336579565466969,-0.15430148221333836,-0.02732592551883635,-0.8808285097841134,-0.14153039044271043,no_gesture
0.0,0.0,0.0,0.003171361916573127,-0.454346026924088,0.2994616129659106,-0.09837774066459613,-0.8256954684951823,0.38900763502957775,-0.14165344315039696,-1.0914710021003955,0.3948569905128337,-0.1914839382506442,-1.3394067496409992,0.3910833499229546,-0.4595262070371072,-0.8394669350619357,0.3631822172795249,-0.43688186268673335,-1.416172314056657,0.38395216203009025,-0.39528453789066764,-1.7832730442891984,0.36239675419312745,-0.36184335841689563,-2.0658823710137684,0.3317729259845981,-0.49204392033193345,-0.8551073411242617,0.16335297860699288,-0.3410254397733906,-1.4976887526797937,0.15650331952373678,-0.23820142369332392,-1.5740715262763758,0.11968110596272959,-0.20522639540863516,-1.5675133992471295,0.09081226362397331,-0.4644934847651265,-0.888239086904565,-0.024061535620892457,-0.19426534035632143,-1.4515981372195723,-0.014299946420090824,-0.04681701772446854,-1.1373555507259578,0.004646881313915927,-0.035982503713827094,-0.8390364621112157,0.010455241404582637,-0.39043563188805924,-0.9356267897221062,-0.2015058890946998,-0.1582516598641116,-1.3424113908175568,-0.17661996355472648,-0.03946780078384939,-1.1271305677408126,-0.1451899155276677,-0.033741276805799914,-0.8802268215809043,-0.12993107071895957,no_gesture
0.0,0.0,0.0,-0.0037495864079585893,-0.44527240018399866,0.2735812929145867,-0.11192264376990343,-0.8199503358951248,0.3610185468815035,-0.15934175272666715,-1.0915869277891606,0.37192619719539,-0.2134790812774158,-1.3389093372356868,0.37538012499144174,-0.4745420551687809,-0.8223519987269322,0.35065665818681746,-0.4373750844417755,-1.3905931078969465,0.38031432560977874,-0.4006396177495862,-1.7560431588057417,0.37140383468701926,-0.37792053436400436,-2.047510739333008,0.348995258133988,-0.5041899712071203,-0.8481151990188041,0.1627668950599497,-0.4163570806092968,-1.5232304726946944,0.1728403070480337,-0.34946603616189964,-1.7765521529977757,0.13545258224347478,-0.31895123677364773,-1.933080789221016,0.09684802996119886,-0.4767619168082546,-0.8809283765948407,-0.01520344318409248,-0.21855114920402582,-1.460644696149524,0.0013071970111147328,-0.07262191002185102,-1.1467429495825854,0.018988805006824216,-0.05483841730079422,-0.8538708326889696,0.023559161035476048,-0.39936212318028885,-0.9327489614990795,-0.18578394311635427,-0.17434532156235918,-1.3466531581806755,-0.1643151536235296,-0.057346060623776535,-1.1286982966686494,-0.13644697058509214,-0.04810638149015383,-0.882508816987878,-0.12247832272825461,no_gesture
0.0,0.0,0.0,0.0033630868317082807,-0.4601374463960112,0.28336393597183673,-0.10004523466909024,-0.8169786256071533,0.38059657897365845,-0.14622505287287846,-1.0687018453585586,0.39935171058442953,-0.20150183554864678,-1.3049518538195428,0.4106074613662287,-0.4647329687747437,-0.8263432573973872,0.3774284941794616,-0.4318434077673773,-1.3719062507259192,0.4172434410210144,-0.393466261915301,-1.7233137671836878,0.41270904653861684,-0.36772081126125716,-2.0007299728516212,0.39286741717306395,-0.4953471146846488,-0.8481715029117587,0.18771339222868738,-0.41399373818131624,-1.495985031095285,0.21081190376632408,-0.34970646069354805,-1.7455290211013423,0.17564909345120072,-0.31955785836499745,-1.898413857074732,0.13699915930147621,-0.4718388640723444,-0.8761750423456274,0.007100067053652383,-0.21934421836560852,-1.437492678180022,0.03313315532751406,-0.07076343400697237,-1.1391470904481873,0.050260900915685705,-0.045023326983601446,-0.8581997164746511,0.052889112023456336,-0.3995962159381793,-0.9251029440691289,-0.1656769451856603,-0.18094909848308718,-1.3374278501984642,-0.1405011781880174,-0.05936125964832469,-1.1317372559150376,-0.1122265203410852,-0.039009475481708036,-0.8951692204649118,-0.09823290775733748,no_gesture
0.0,0.0,0.0,0.00881897768173289,-0.46006063517343765,0.26258471565386926,-0.09217531780951488,-0.8124655076232427,0.35375450486844084,-0.14467010717927348,-1.0542782055408648,0.3704181148418801,-0.2051061129286989,-1.2789675308670845,0.38092769337205223,-0.4578897091583376,-0.8295578966461225,0.36307720510234165,-0.427371532999922,-1.3596880317428102,0.40248870353603333,-0.39012113847068997,-1.6970674705502564,0.40258408980562166,-0.3587878069837177,-1.965281522740675,0.3865161948352223,-0.49283374434201976,-0.8509324064897815,0.1817386035583336,-0.4398516824590508,-1.4971908729190213,0.20496468107581817,-0.385445334678733,-1.794858001172608,0.17015356380400723,-0.3523328436384452,-1.9958257314850145,0.13048691009371213,-0.4756675697075038,-0.8693637967420142,0.007039483664834363,-0.23634074418192347,-1.4287922497683727,0.031139327884891543,-0.07642512419830985,-1.1378469587930555,0.04759780397597993,-0.03407857148355486,-0.8675808041699129,0.050548639514077634,-0.40728300095907155,-0.9101263544433241,-0.16204636862295246,-0.19097217557239046,-1.313031568821075,-0.14085943713614854,-0.06276855739001415,-1.1107698752500548,-0.11425331581287712,-0.0309139353481027,-0.8845109287308386,-0.10040219335571653,no_gesture
0.0,0.0,0.0,0.013239919965625306,-0.46206784790856653,0.2535014233821585,-0.08584504553054062,-0.813476309907808,0.34101312746301427,-0.14477242495950027,-1.0489155257525162,0.355312842919009,-0.21129607272848105,-1.2748209431588498,0.3638656577207179,-0.4500482151692952,-0.8317201146866114,0.35964234813655427,-0.42213278942829097,-1.3486693001787153,0.3993267880650943,-0.38911274428143694,-1.6743189367727223,0.40338241619780696,-0.361397373355519,-1.9386307927171886,0.3903542588899422,-0.48492721428917396,-0.8558508427750365,0.17990250627214902,-0.43980817451646675,-1.505758061326728,0.20226994682013638,-0.38995680901971685,-1.834365931887108,0.17033474330360107,-0.35706154275988466,-2.068237082574758,0.1331133309555816,-0.47219442463642025,-0.8701897284295078,0.0051247458014326945,-0.245361651798958,-1.4350568352785253,0.02454707797229591,-0.08543173511131225,-1.1463540071185456,0.0425627787147738,-0.0397196027446241,-0.8793718201309113,0.0485408405077611,-0.408750646675821,-0.9100284525801304,-0.1647537423033356,-0.19808852612649144,-1.3113044667579397,-0.14737442223338204,-0.07021153963515481,-1.1076159773315268,-0.11992894065393735,-0.03714120576809012,-0.8828998881581672,-0.10418672468915928,no_gesture
0.0,0.0,0.0,0.007030997273420812,-0.4549442820211709,0.26266501969377315,-0.09471330812351794,-0.8017842958914799,0.35218561256566466,-0.1511160087215505,-1.0397028457799449,0.366541291728526,-0.21758562801919012,-1.271148582061637,0.3750494288375781,-0.45099652570395815,-0.830782451039791,0.36779557058682216,-0.42323583852827673,-1.3507465691262648,0.40937507817849694,-0.3896417740265228,-1.675976812098433,0.4154105363593458,-0.3627910538656834,-1.9383849309934198,0.4043134061154812,-0.4848550503422528,-0.854890195022808,0.1846031273068686,-0.4400151259553954,-1.4927820534302918,0.21237138327250807,-0.38815338801969385,-1.7892619461613724,0.18821947180053078,-0.3544612600182218,-1.9912143844493526,0.15699219126721486,-0.47179236955444054,-0.8692669267068394,0.0065818810043913115,-0.24760706800423948,-1.4237385007495822,0.03222440996288429,-0.09683147971742319,-1.1307680360576102,0.05719182936731176,-0.06041380904918997,-0.8679133390980356,0.06704809638443888,-0.4092371961153797,-0.9012595986925664,-0.1659568398142445,-0.20442597332610107,-1.3027626978071833,-0.1439796421048593,-0.08079171560325633,-1.097201678385935,-0.11153218118214735,-0.05175355677331407,-0.87331150127298,-0.09233866378578476,no_gesture
0.0,0.0,0.0,0.009954394208344427,-0.4589844786735058,0.2609606695333606,-0.08969182652373403,-0.8068750117715051,0.3497086403114139,-0.1462159034136034,-1.0441337241637394,0.36344800714764947,-0.21406531377620291,-1.2753944798289272,0.37144784234847,-0.4473267395927154,-0.8331634308967278,0.3673185757787414,-0.41868450833574794,-1.3533766483846839,0.4091405256870798,-0.386147892801989,-1.6793851635277175,0.4158099199146473,-0.3598413878181664,-1.9429538109804056,0.4049483483936871,-0.48261334110910104,-0.8562437928965095,0.18420344760538224,-0.4407378742096901,-1.4986559849654473,0.21103407219623818,-0.3903135649577787,-1.806143021776462,0.18629000609598498,-0.35612443205074296,-2.01770827742638,0.1547144356692055,-0.47053463807814144,-0.8689943232094253,0.006022741068834059,-0.24684265832442923,-1.425990747012907,0.029984573686537116,-0.09405675494927099,-1.1355792553213655,0.05390142857176941,-0.05585302917078371,-0.8725890435187257,0.06363306756208352,-0.40765509692872953,-0.9019729508908624,-0.16674330325991957,-0.201692559630421,-1.3022971944962491,-0.1464221748073178,-0.0783173805901507,-1.0969210443892699,-0.11517008399372908,-0.05020010697030215,-0.8726882039158768,-0.09646583714667849,no_gesture
0.0,0.0,0.0,0.009054946479337075,-0.457956069372767,0.2661789602845397,-0.09000147991511064,-0.8039014685148939,0.356863605873075,-0.1445093436717507,-1.0394169050176374,0.3719102336908381,-0.2080479482490978,-1.2683815094676203,0.38105196916877615,-0.4469098560987141,-0.832424167319233,0.36824315449128303,-0.4186354605022488,-1.352529436464031,0.41065744174153845,-0.38515903461805795,-1.678646184719271,0.41875075986975263,-0.35681608234973305,-1.9425584506014817,0.4090107151684393,-0.4824326752130795,-0.8565620501042764,0.18319429087149416,-0.44100398772426674,-1.5012977267302055,0.21108975078625752,-0.38838400917516575,-1.80342088915894,0.18918021360564982,-0.35198432055626433,-2.0084648370893845,0.1595456747218395,-0.46961788720369924,-0.8699776069442797,0.0035921744300896397,-0.24549347748632047,-1.4321888535228895,0.0295145187440009,-0.09256197010146218,-1.1407330467692762,0.055626141182033344,-0.05517422211387057,-0.8767426981172937,0.06622999116446433,-0.40557908440319473,-0.9022270401842792,-0.17026458375052247,-0.19643532256312146,-1.3050001421729607,-0.1480668333063405,-0.07266132690084602,-1.0988132186585997,-0.11558630434885579,-0.04562719801943317,-0.8731811868224701,-0.0964457773912738,no_gesture
0.0,0.0,0.0,0.009765708190224268,-0.4603060054872224,0.26315284789601256,-0.08947544859934001,-0.8045960894238244,0.351681001492553,-0.14491281977292253,-1.042870043003167,0.3648907485114136,-0.2108382212268837,-1.2740520227473735,0.37185004700324775,-0.443480594799366,-0.8402820123703428,0.36379622518177357,-0.4165354176586257,-1.3597038582816257,0.40400276032013327,-0.38252806748723794,-1.6843087351576183,0.4081021852350577,-0.35620191327497674,-1.9409600573829482,0.39584965395313343,-0.4787428213338744,-0.859124458856335,0.18086031962840973,-0.4297263654653273,-1.4836690286234604,0.20815772143308847,-0.37544906395042893,-1.7461461765139257,0.1850762456158059,-0.34100056922761585,-1.9121218343197437,0.1549096574828146,-0.46548007366143457,-0.8706176872570427,0.0035088612458150023,-0.23931790818633905,-1.4168781685728098,0.029564561757661877,-0.09329489263996532,-1.1285119964053605,0.05419532957703923,-0.06054288205663917,-0.8659947023534075,0.06282718857030092,-0.4039174791030053,-0.8968263367427953,-0.16812757934071548,-0.19782870318844395,-1.2933224890781514,-0.1459768671861766,-0.07672626297731716,-1.0922825561956226,-0.11436294237791247,-0.049587457811554485,-0.8694519044907619,-0.09641654663570447,no_gesture
0.0,0.0,0.0,0.007707953909121057,-0.46146885324955217,0.2663582291355337,-0.09398277835363623,-0.8056811719008777,0.3566499324272984,-0.14936013088552602,-1.0443885002849569,0.3710975650221698,-0.2161427838015771,-1.27553792412685,0.37926975835551363,-0.4510062778869615,-0.8328910528700589,0.3688730328311986,-0.4216291204062982,-1.3536444264807181,0.40992214189299253,-0.38637293891627866,-1.6804219068224677,0.41364956792378843,-0.35943559343296544,-1.941028080894875,0.4008332770014284,-0.48619866129733463,-0.8541342648952248,0.18456841356140208,-0.4363759226367927,-1.486544188268354,0.21275742858971908,-0.381242768094229,-1.7607975767956028,0.18785289200280847,-0.3463289593083313,-1.938142611438247,0.1558290239588535,-0.4731006987563413,-0.8670567827171902,0.006028541636072102,-0.24527373024671226,-1.4193072063093841,0.033598332038792214,-0.0968253544411814,-1.1288150386162212,0.057517267171736525,-0.0632387625015194,-0.8651453179231249,0.06519027343741031,-0.41144140327519346,-0.8957268964316758,-0.1666608808900584,-0.202661877932998,-1.2958189000672524,-0.14331077406137652,-0.0795768003301846,-1.0925424236436805,-0.11172818897245151,-0.05210290060906846,-0.8680815780839372,-0.09413879129819848,no_gesture
0.0,0.0,0.0,0.006792843375482467,-0.45716945399122083,0.26279497294353277,-0.09290443903540319,-0.8027193806823807,0.35277633677589176,-0.1472965658070724,-1.0430166448190663,0.36793280019146085,-0.2102696773562398,-1.2667951265029742,0.3769083933824391,-0.45626405407133225,-0.8311515009143174,0.36336634365729864,-0.426847620050066,-1.3589312101006679,0.40275108390735315,-0.39088492896218546,-1.689153406839807,0.4046603698188433,-0.36092516122993307,-1.9506900654727481,0.390777232472865,-0.49126696498869943,-0.8518431862771226,0.18171388252973492,-0.4398610640487646,-1.4881071200378453,0.20660739937698375,-0.38566004947972315,-1.7693642765116537,0.17836189872639419,-0.3503482024833741,-1.949852640866141,0.14435482614859693,-0.4754312172355822,-0.8672190458762479,0.006088109259385378,-0.24686211674877198,-1.4229517665347184,0.03089974564216309,-0.09585300498092862,-1.1377348527309188,0.052536029045525116,-0.05790981016769999,-0.8719598161160774,0.05937102981178048,-0.41002458947094633,-0.9007225932742283,-0.16388196656416149,-0.20100925197610484,-1.3030745669242363,-0.14233914433327677,-0.0775643641414308,-1.1034599808585561,-0.11250800230158685,-0.048167463256164306,-0.8779969615259783,-0.09581924249933386,no_gesture
0.0,0.0,0.0,0.007748608795416486,-0.45816792547640955,0.26169800202432075,-0.09161899419695294,-0.8085122300131308,0.3515951416127497,-0.14801531041007968,-1.048446458641375,0.3668740023570593,-0.21537225956471084,-1.2754820837295149,0.37649920177012386,-0.4515257931376263,-0.8324996045121178,0.36819088549125556,-0.42067368156893525,-1.353819307419555,0.4108090912372103,-0.38767705089431226,-1.6804954913010737,0.41714463544256414,-0.36124928629549546,-1.9437552038908488,0.4059066819014053,-0.4865358430731496,-0.8537147083285512,0.18561802226237398,-0.44024029446836455,-1.4946828952489895,0.21357724661451272,-0.3909176021172613,-1.8021103171038706,0.18859859516600042,-0.35908871096597467,-2.0134563616894434,0.15644697197200835,-0.4731694266496479,-0.8659046556314262,0.008178310819120795,-0.24872088007295962,-1.4211566149802815,0.03348732540082802,-0.09695121928508996,-1.1364404875632435,0.05698929142187786,-0.05883467979930038,-0.8749594304215078,0.06590993633929745,-0.409566360215809,-0.8999348082710361,-0.1637799588537281,-0.20205962369594815,-1.2994323574400153,-0.142171750359285,-0.07849217404195519,-1.0965755344486006,-0.11113383281968277,-0.04985831549917159,-0.8730610547820489,-0.09299339839196122,no_gesture
0.0,0.0,0.0,0.008466541652359636,-0.4593991247244338,0.2656721123048488,-0.09351013480918535,-0.8052715444618462,0.35619361412619627,-0.14931937336440712,-1.0460000197185797,0.3713259060978682,-0.21516903118192715,-1.278379804435928,0.37996837267051636,-0.449698630814277,-0.8341963269545972,0.36622985207436765,-0.42156442641842023,-1.35906553909195,0.4066369490332676,-0.384955782332409,-1.6876997944568892,0.40939231889506283,-0.35678239747455137,-1.9481676342512162,0.3962135910855443,-0.484977462144553,-0.8550047141372168,0.1837492313316275,-0.43405896734604316,-1.4823096181091207,0.21201719906366326,-0.3774715397728205,-1.7408656681666876,0.18740236418068193,-0.3424697592193016,-1.9021654356846354,0.15587661072184675,-0.47086103592628,-0.8692685703943233,0.007307749971706811,-0.24397689174262008,-1.4190689454430943,0.03588039648939301,-0.09582704742576344,-1.1299682408274456,0.060045841732930844,-0.06217412783677861,-0.8670914995057558,0.06754911314338263,-0.40888064231069876,-0.8967385652980001,-0.16325040100573873,-0.20202034688872536,-1.297542612214513,-0.13903605277695896,-0.07837733953118306,-1.0970058575232893,-0.10714185972659096,-0.04932417520839783,-0.874631492920365,-0.08945198760186543,no_gesture
0.0,0.0,0.0,0.009957647153229129,-0.46470791079254203,0.2634279352234613,-0.09114751742790993,-0.8128868122074743,0.35169714763912124,-0.14692712960091692,-1.0518583972863476,0.36493665119068236,-0.21474152516853454,-1.2868615109296293,0.37298193870802726,-0.4501979807915451,-0.834389432211335,0.36335070092404465,-0.4279433538421143,-1.3565853187814951,0.4030031123060252,-0.3920188314061362,-1.6792918712202767,0.4085975393944686,-0.3598354806475357,-1.9403461151050918,0.3968877506403196,-0.48622121985833844,-0.8552246146125845,0.17938718995576267,-0.4506948649794524,-1.5033360788604782,0.20336694111611156,-0.397528414065468,-1.8193846032502252,0.17615785536359493,-0.3604898713069025,-2.042966297023481,0.1424229695809664,-0.4741873796162515,-0.8659209073839652,0.0012906694798813505,-0.24929989117392026,-1.430357137265119,0.027731484125062187,-0.09382041168010014,-1.143957869994854,0.053474328753787465,-0.053015389318104233,-0.8823754606967622,0.0629273991313378,-0.41025704333335333,-0.8946320421265317,-0.171520742935531,-0.20182127874624836,-1.3002611932181336,-0.1483440861491205,-0.07660992161955059,-1.0982489260858344,-0.11525723457082879,-0.046224219571139494,-0.8749374455106207,-0.0960187799187018,no_gesture
0.0,0.0,0.0,0.011743307417990454,-0.45802570366656625,0.2623405213850991,-0.08844303826957083,-0.8028529306669051,0.35116135980389745,-0.14516517638357354,-1.041286906336742,0.3647458692874204,-0.2117715682679376,-1.2719934416061547,0.3725668846475979,-0.4476184257653825,-0.834868790296607,0.36446775019465466,-0.4247137958411823,-1.360267531569338,0.40387712063025105,-0.38659137279470884,-1.6868343402390071,0.4084228179373916,-0.35302417567762906,-1.9463820315576044,0.39691659819797726,-0.4828615714135014,-0.8565265319374809,0.18222783250435393,-0.4418878734503956,-1.4876564214173404,0.20819323091156722,-0.3851204646576095,-1.7647764478629697,0.18350986001300762,-0.3452413525911329,-1.9452848009821455,0.1527767182309187,-0.46972902976343234,-0.871080666242951,0.0055414541322246205,-0.2448975707285592,-1.4149557560942942,0.031779898005470035,-0.09613469772112868,-1.1257514142310416,0.05731893675153267,-0.06040290876696764,-0.8658964734602214,0.06731060629162239,-0.40656943224031444,-0.8996727557741558,-0.16570543365778037,-0.20500227945042165,-1.2978764466001356,-0.14293576013854337,-0.08104462702937507,-1.0963204948029313,-0.10969134996180913,-0.0494643615597876,-0.8740364837580111,-0.08992646913139332,no_gesture
0.0,0.0,0.0,0.012792129766492438,-0.4571097390692601,0.25845405539244887,-0.08841750109977488,-0.8036152064401134,0.34429453847090136,-0.14693722549178231,-1.0403518450507396,0.3548524722111204,-0.2169345319073136,-1.2777951789877455,0.3600134335531777,-0.44649073677967904,-0.8345945890015299,0.3633208542468795,-0.4256540847800871,-1.3496143113281882,0.3997380133853807,-0.3892657285914137,-1.673261883630101,0.40202163086655,-0.35520049556919336,-1.9383733626504867,0.388140733857244,-0.4840456911329688,-0.8563652120627567,0.1798287309200487,-0.45047010825782396,-1.4983417267180212,0.1999554020108688,-0.3963920190797246,-1.81918738583503,0.1688026705485411,-0.3566631502836811,-2.050107559905259,0.13279549110265612,-0.47435042934907296,-0.8677035011321947,0.001234732718986948,-0.2529841779974635,-1.425527239980245,0.02306544746211233,-0.09868929405973538,-1.1356168933374846,0.046626208776756925,-0.057629508631203995,-0.8750329862009859,0.05544877954545049,-0.4128221345419744,-0.8954301964742408,-0.17253699564032435,-0.2075024315010806,-1.3000880325819184,-0.1531668643249203,-0.08187073225772941,-1.0981305624056426,-0.1213364765757931,-0.05013696423988933,-0.8757318118689432,-0.10250026223609371,no_gesture
0.0,0.0,0.0,0.030461653546180703,-0.4523452893748247,0.24621172065366384,-0.057479749996228034,-0.7943926261694301,0.3316822290773842,-0.11351688284738155,-1.0222810243386575,0.34342044853549736,-0.18208368167991001,-1.265134451165951,0.34979883085169644,-0.421252703249882,-0.8422792347820094,0.3712299142643663,-0.403399813990738,-1.338209544443494,0.4117522311619916,-0.3690345354690027,-1.6554867524554295,0.4141055988665535,-0.33670959156228086,-1.9174444284556704,0.3998771731799708,-0.46446772267313896,-0.863963602710566,0.1945163432367744,-0.43175284883772075,-1.4888043760257563,0.21532593720336488,-0.3798941766765231,-1.8108342798880936,0.17991766564236222,-0.3392371840992857,-2.0433596617379166,0.14232007425438692,-0.4627451716806809,-0.8751455077181104,0.020740259948507964,-0.24519872248796687,-1.420748935380227,0.03732901016695103,-0.08748921459577871,-1.1346064889569953,0.05295242938799861,-0.04107179521533156,-0.8765955403293402,0.05913989724512585,-0.41030407644849093,-0.9006587280051498,-0.14875964360653185,-0.21171310363897194,-1.3007070602711892,-0.13617368574014588,-0.0858300040434017,-1.1068680108676812,-0.1107474523471147,-0.050119127392132014,-0.888836312108392,-0.09462717516862514,no_gesture
0.0,0.0,0.0,0.03395108577919871,-0.4526163087000008,0.26595384185471294,-0.052592813361333875,-0.7780920426586756,0.3685490078642807,-0.10398663114101601,-0.9960652778992511,0.39478544214899725,-0.1608959492195958,-1.2370995768007123,0.4142813334597615,-0.41122095608763665,-0.8398107624057611,0.4121845235935339,-0.39514458449471546,-1.3170544282905665,0.4672526024184232,-0.3512684629808269,-1.6280463197475434,0.4739327960486174,-0.304591920825839,-1.879622039436234,0.46269537883220035,-0.4483509181052628,-0.8628015629955894,0.23356989773199632,-0.4086937472164006,-1.4478803463425993,0.27376614167836627,-0.34646268001126,-1.750526613372458,0.24092260394305917,-0.2924928009246704,-1.9511002394415686,0.2039382945577116,-0.44847681867250105,-0.8730617807194656,0.057831647494488964,-0.24254012999728092,-1.4036812559484422,0.08763374416147414,-0.09133158861540722,-1.1357567067925793,0.09863814166785378,-0.04276759340570047,-0.8794463718801141,0.09934490938060175,-0.404943870441289,-0.8972024228970302,-0.11150638709580675,-0.21978906821213434,-1.3053048143952166,-0.09490644442390331,-0.09081909037822965,-1.1184783240355567,-0.07142580016004434,-0.046517922518179766,-0.8918772058506532,-0.05778640555727365,no_gesture
0.0,0.0,0.0,0.01466132374661466,-0.5204306131527044,0.2817566566614961,-0.11719924106266306,-0.8599674585991258,0.3664466634141866,-0.21112620096785897,-1.1049243228765038,0.37087426397357304,-0.27360162526284976,-1.407033862108691,0.3714973940399524,-0.4851247883870471,-0.8492309637070019,0.3633848436901172,-0.5205882693800551,-1.4042701167003704,0.3902434954086273,-0.4160022319024301,-1.6991641501179302,0.39766259642960383,-0.3026523422162865,-1.8213992202949372,0.3981879849255037,-0.5194691570548126,-0.8356298516369328,0.1785343830246682,-0.5116214391875544,-1.524358311137147,0.17648813657384715,-0.3187505596323117,-1.6111411866729919,0.16897160259357413,-0.19503239228302438,-1.4980565262552328,0.17974268398188237,-0.5158074412777346,-0.8438833491229086,0.0016487740144147404,-0.457094957227942,-1.5232162734097172,0.02339547780799459,-0.2467401078690668,-1.4873196786646137,0.06605729536310272,-0.1393293081434525,-1.29287770366254,0.09403278339937807,-0.4681090258357817,-0.8605832701717302,-0.16431378326568516,-0.39280560457218117,-1.3947521951091333,-0.1303472759263776,-0.2380485588520628,-1.4044214243548077,-0.079916797320617,-0.1509233894266346,-1.2487046860292732,-0.04435852585156914,no_gesture
0.0,0.0,0.0,-0.21716225945821213,-0.27964485577213366,0.4007976315644082,-0.4495417253199033,-0.5688714363078481,0.5687306062662223,-0.5688945935555615,-0.8896501803749576,0.6524590469317926,-0.620763520254687,-1.1762041664112104,0.728411046039988,-0.7189500437971399,-0.5703365457479829,0.4087207701508223,-0.8897949131731648,-1.3042922793020788,0.5080955758116976,-0.8131555883443408,-1.729022667786505,0.583924190209422,-0.6957185688346623,-1.928170449374179,0.6292148561591866,-0.7347976649173797,-0.6483636513504709,0.19924092762143508,-0.9436882381969245,-1.4800628193233665,0.31498082584642456,-0.8428287066327292,-1.9228202981078888,0.3714465437520306,-0.7168745754708525,-2.0983121241120584,0.39318080960734225,-0.685463009514858,-0.7956908883458487,0.012038660264825115,-0.8602437839575505,-1.6049122257126442,0.14703063827968146,-0.7288549362230029,-2.0005372619999333,0.20238440769534874,-0.5840067652997695,-2.1553968073362815,0.2074952200191753,-0.5596044019997979,-0.9994556461963244,-0.15293565863098074,-0.6655103527151884,-1.6695763588178252,-0.051489280799056,-0.5829175476126924,-1.979589463832021,0.004054692712468106,-0.4657997673036296,-2.1288916832395026,0.02809228090131663,no_gesture
0.0,0.0,0.0,-0.18499960487134107,-0.333295128011997,0.4150133224819077,-0.40694616279957646,-0.6223994724235898,0.5843745260566846,-0.5272636821182869,-0.9370740586065962,0.6648726405320199,-0.5888586168184278,-1.203413996316897,0.7374322290728608,-0.7029519990260283,-0.5899474695899489,0.4192744276897568,-0.870032012311357,-1.3305219456882307,0.5164408328113308,-0.7888922415558492,-1.7564332265534792,0.5939577729508889,-0.6711405337185443,-1.9529856956152392,0.6396644173894339,-0.7239402311708243,-0.6611681638368715,0.19689383134296531,-0.9429827070854204,-1.4997027756042842,0.30093817087951014,-0.842439266690282,-1.9317281488675118,0.35785859533695785,-0.71580709289014,-2.0925276805213273,0.38323501297523865,-0.6793184221598362,-0.7964674266976792,-0.0025829409331582735,-0.8616000650037038,-1.6103646341325342,0.11777344972423516,-0.727783252917947,-1.9988973263008423,0.17611333147780964,-0.5824508006390033,-2.146331612259615,0.18730159627729817,-0.555828726683481,-0.9913470533919837,-0.17849332316314778,-0.661723879467695,-1.6644138781148818,-0.0892668614882576,-0.5782507946561213,-1.975817227557443,-0.034723566833617936,-0.46395807082399454,-2.1275503766720774,-0.008785379738632778,no_gesture
0.0,0.0,0.0,-0.23006432149346248,-0.29430431088529896,0.3792654105022465,-0.47013747391734173,-0.5849702685281238,0.5311397560204435,-0.6003795175908372,-0.9098566517683608,0.6027568698588059,-0.6579892968985553,-1.2002143740372273,0.6672190070882767,-0.7418662732649945,-0.5602644054208705,0.36000705121026627,-0.9152444717246103,-1.327398000505628,0.44165128958051425,-0.8326980727183719,-1.7639520965943516,0.5106432584850101,-0.7126345154127308,-1.9622898014389745,0.5529876703989552,-0.7587835240005751,-0.6325048665115756,0.15551571478291637,-0.9682248412741293,-1.4984728324445873,0.25103807764072306,-0.8593272573688537,-1.9508821530281004,0.30300502891203307,-0.7275278691663057,-2.1217948884352507,0.32394550716833437,-0.7057911861838116,-0.7777567970670833,-0.026362159741831405,-0.8845467061196374,-1.6137688199947102,0.09134021886627226,-0.7432094488012426,-2.016196556867175,0.14533342271604763,-0.5894157449160314,-2.1649142456533084,0.15236760118898438,-0.5727426888261683,-0.9787984904306686,-0.18690596471282375,-0.6810718850221078,-1.6648968377260671,-0.09609003764895599,-0.5963615393101366,-1.9821525057344256,-0.04230044197722076,-0.4765906796279952,-2.1274926235222646,-0.018019038979512528,no_gesture
0.0,0.0,0.0,-0.22893591946340083,-0.30008336469406627,0.39466029067254443,-0.4689680795234671,-0.5916628803743279,0.5533453474735082,-0.5977063461060482,-0.913410693058619,0.6293704994178501,-0.657163932460527,-1.2015529640310538,0.6978666731727694,-0.7379888433599917,-0.5650252815735953,0.37460079122167605,-0.9144575398374721,-1.3180328978961706,0.4595145282770645,-0.8371582982536553,-1.751326886588318,0.5322411489978863,-0.7183514561661289,-1.9504402450735319,0.5774951660313214,-0.7540691306904026,-0.6359225396437419,0.16426274596777252,-0.9662657690044392,-1.4966246231093063,0.26146862977163843,-0.8593325497292584,-1.9474099211912712,0.317473832371098,-0.7308444703071955,-2.1221193451396787,0.34246137979637536,-0.7014361639490628,-0.7797059808490615,-0.022695223029071263,-0.8795153616960109,-1.612465888243049,0.09577644009525776,-0.7423696331128897,-2.016245335325487,0.15328389846715507,-0.5934980052921008,-2.1695681573262546,0.1638137474963331,-0.570269992317128,-0.9761033209300535,-0.18700112746937134,-0.6762682575636372,-1.6622774394765316,-0.09556331231815715,-0.5930625874365247,-1.981943711748268,-0.039484408358112844,-0.47690240701106584,-2.132962045984059,-0.01264074793936502,no_gesture
0.0,0.0,0.0,-0.16770839356968376,-0.34783766376607106,0.4282444953024087,-0.3797189788015449,-0.6387118294127377,0.6023149437542357,-0.4918525362463914,-0.9434474537437454,0.685461679756614,-0.5508652793166521,-1.1965525692028203,0.7609255943493722,-0.6827522241415128,-0.6129950234040539,0.4331058107461465,-0.8530128881961793,-1.3345756667123334,0.5351418145403891,-0.775032947316312,-1.7552987150158206,0.6158351278701676,-0.6565911022084815,-1.9491023319769472,0.6637150112629567,-0.705280339507509,-0.678128343140045,0.20669197597949704,-0.9225863717873914,-1.5002282254770025,0.31726181594789743,-0.8221442140831168,-1.930731416122442,0.37913952307529153,-0.6955465258372189,-2.0884701591199684,0.40764775635947254,-0.6651992489729076,-0.8067387326000999,0.0038662172252031074,-0.8388982193580975,-1.6080989460512667,0.13105831023822542,-0.7020111727670623,-1.9879345453021686,0.19440377009087773,-0.5562563790962519,-2.1261737101510723,0.2083154389708271,-0.548465973325175,-0.99388979194158,-0.1746654302738633,-0.6448947101541521,-1.6595920664486143,-0.08007561845756374,-0.555008899734724,-1.9621294751862663,-0.021488340646925234,-0.4385392182533463,-2.1036156409025364,0.00709551995027726,no_gesture
0.0,0.0,0.0,-0.1925382198452538,-0.33576259975852973,0.4282665875064744,-0.410929340835814,-0.6244611480933483,0.595366853085269,-0.5284833511609558,-0.9327710835977521,0.6706547697136946,-0.5945808755872686,-1.2020041061195583,0.7380403605437339,-0.699703687909301,-0.6094148936061721,0.41742127324855044,-0.8631011851041336,-1.353560611165618,0.5102078408522661,-0.7745264666021946,-1.7808860386212768,0.5851594261855326,-0.650290285309775,-1.9728252435695928,0.6296937971369065,-0.7162267886317805,-0.6722938396994503,0.18719017161265553,-0.9227726153829942,-1.5194971612443928,0.28876802289094444,-0.8130775002275967,-1.957270522948969,0.3447526127640365,-0.6841301200347385,-2.116871117920872,0.3688911820313332,-0.6702435862491922,-0.797647335372137,-0.018384328552793882,-0.8347948631634349,-1.62042789359514,0.10543811422327201,-0.6900846231107983,-2.0055072013460298,0.16729196560102355,-0.5376009151155114,-2.1414696523719403,0.1791527780956511,-0.5487029719929929,-0.9787079872913155,-0.1994702568545694,-0.6421849418086293,-1.6612596498086438,-0.10482758684346748,-0.5507624442087652,-1.9694667448622059,-0.04542714025630748,-0.43147796916596437,-2.1098615783471275,-0.01717354293233082,no_gesture
0.0,0.0,0.0,-0.15899915723100735,-0.3985584018862099,0.428825187392409,-0.36604925760042495,-0.7051873459637379,0.6100076233947016,-0.4745065438301321,-0.9963671676264935,0.6980124528244395,-0.5339533079243476,-1.2429982608945906,0.7769773520340048,-0.6720280744776501,-0.621186297750423,0.4665371391688977,-0.8263251951847206,-1.3310957667621817,0.5698976190696513,-0.7386654164409795,-1.7407773299554927,0.6421898147538122,-0.6191531835354669,-1.9265132417540904,0.6838381286213339,-0.6962776798353967,-0.6763506546852285,0.24030639706403714,-0.892807811249661,-1.4843070219098606,0.351772261764308,-0.7813158688714638,-1.9000260771639794,0.3972040514318762,-0.6516289165732706,-2.047401898750547,0.41445598910230513,-0.6620482540315276,-0.7919631187713075,0.03536479130889938,-0.8239893909731721,-1.5751744793362805,0.16053209545638966,-0.6791068837672081,-1.9501214704764822,0.20566172960789483,-0.5300091896507481,-2.0854958922375837,0.20736961863556297,-0.5558072472512452,-0.963064506201153,-0.14537481514495285,-0.6469547227559849,-1.6130246502636445,-0.054593626604922126,-0.552401487598392,-1.9238677868692875,-0.006878247123111309,-0.4332673188739049,-2.0730311102228534,0.013319239158466521,no_gesture
0.0,0.0,0.0,-0.21096758411198618,-0.2965972509013514,0.4409375094893344,-0.43291120950874756,-0.5922978560771597,0.6234530357007079,-0.5404743964449041,-0.9039161423014709,0.712631958781259,-0.5902333918413912,-1.1734215371831163,0.7937214990818375,-0.6910616475627349,-0.5969061792930472,0.454252466483365,-0.8557371722597833,-1.304813225511406,0.5603126520309072,-0.761768538810495,-1.7067058195246327,0.6400155087333247,-0.6378096884397396,-1.8740787467205082,0.6871128645596197,-0.702167625806838,-0.6752985188602637,0.22568233358843404,-0.902503380516986,-1.4885489283711189,0.34110178853067713,-0.7890282636969098,-1.9119924952098877,0.39734562684836533,-0.6638247221738418,-2.05452970781338,0.4212794245924376,-0.6575703962961674,-0.8034910139787849,0.02146014569845477,-0.8250333108893412,-1.5917911061132535,0.15566966686366213,-0.6830519621413551,-1.9784947959368129,0.21329348007780627,-0.5356513947744764,-2.107959220545393,0.22189184146340477,-0.5476156833058115,-0.9743141306226321,-0.15695101541042625,-0.650077028699195,-1.6243221555328677,-0.053484052024998445,-0.5639734148330294,-1.9267060399645017,0.004081761499480547,-0.450812245076172,-2.0538759877074484,0.030180431747617788,no_gesture
0.0,0.0,0.0,-0.1997388741423284,-0.3533933489410783,0.3918968939799384,-0.4265037067061592,-0.6517241169867343,0.5615414923305816,-0.5488374121233077,-0.94817875552675,0.6439720663758894,-0.6048932741402576,-1.2218682987638607,0.7179038698780293,-0.7075574774882998,-0.5851773494204235,0.44305554979207046,-0.8662530022449775,-1.2951121983391864,0.5409826488414128,-0.779056744317537,-1.6971090400673223,0.6078924129057084,-0.6561387679174352,-1.863911963790819,0.6474504930993942,-0.7271390423776122,-0.6447255445055899,0.23579178380965377,-0.9160074495619827,-1.4731588107720899,0.3421009832601354,-0.792977404383912,-1.8887920505202915,0.37860398778687426,-0.6512778869255493,-2.019091228386174,0.3921060259764187,-0.6869537962626903,-0.7650199253718067,0.047063842849357676,-0.8465389180707666,-1.5641647936352805,0.17090072762899203,-0.6991046694594547,-1.950422925231078,0.2055497275422743,-0.5433789673189647,-2.077401349781876,0.2012416876605059,-0.5766730061141176,-0.9346859200653236,-0.12031835106906942,-0.6684599938369161,-1.591701401214793,-0.024697155319257345,-0.5784462695699064,-1.8965231601596224,0.01899344987817612,-0.45714715529828237,-2.0217142104048507,0.03601250713457434,no_gesture
0.0,0.0,0.0,-0.12967341384765396,-0.5162069671976615,0.37660683753066526,-0.3430592538552833,-0.8330275538521416,0.5258417061034709,-0.4741756927774973,-1.103512096207434,0.5867542522738644,-0.5501173230989059,-1.3553083428679162,0.6409102793052233,-0.7013705305401547,-0.6268759063411379,0.4213155499553499,-0.8749052436375373,-1.3547371672684898,0.5021693480522559,-0.7701751897435638,-1.7656211139740938,0.5624171639991785,-0.6301818522720819,-1.9138514489381133,0.5986363181139526,-0.7375354166871188,-0.6423227909856443,0.20847762784665677,-0.9375910323236847,-1.501715357925036,0.2903084327018811,-0.7995012643022356,-1.917538318287897,0.3193698461530603,-0.643554191938627,-2.0174433422098983,0.33414178604347533,-0.7128761778313181,-0.7354499762098284,0.012715076302500405,-0.8950556315307326,-1.5526451123642924,0.11338489192445501,-0.737144645413116,-1.947847921189822,0.14738707383686936,-0.5682319288482909,-2.0620327541551537,0.14769534313278143,-0.6055863101815881,-0.9036220083491314,-0.16274336193650565,-0.7120860446011502,-1.5850470701950046,-0.08242666481251999,-0.6057725813143428,-1.90751613513611,-0.03618744247761935,-0.46397624823278494,-2.031438611097682,-0.014537211183286146,no_gesture
0.0,0.0,0.0,-0.14672812604785823,-0.5022857177612621,0.39931381019988005,-0.3609559130295735,-0.8146556856554246,0.55287120453653,-0.4858689309630719,-1.101234797437098,0.6140544966908654,-0.5552756785618506,-1.3636809313845248,0.6698874448832706,-0.7162918925512729,-0.6001013788095064,0.4210531867715424,-0.8971405017764241,-1.3631981033014582,0.507224833475347,-0.7452259763371631,-1.7564063845691307,0.576787362648047,-0.587637378289963,-1.8503796441186264,0.6164769580962853,-0.7487471244211317,-0.633086204833304,0.19641685498156458,-0.9558333953277872,-1.5417952000694481,0.2734782419887731,-0.7705262100214405,-1.9262990937314024,0.30819517689542525,-0.5932326648145388,-1.9474162919682756,0.32827506892177116,-0.7289791905263356,-0.7387071652418354,-0.006557599331534561,-0.906240926378724,-1.5933095017418168,0.09844537944409074,-0.7069567949627011,-1.9558405044647098,0.14178785662554247,-0.5166829265348627,-2.003784153428537,0.14687770883290566,-0.6314704581504418,-0.9170358837472481,-0.18768960607470997,-0.7522922875144668,-1.5987246756961389,-0.1029845141246867,-0.6256308083726559,-1.9051233325769499,-0.05494716515103769,-0.472718817412749,-1.9898015195534855,-0.032724914414876655,no_gesture
0.0,0.0,0.0,-0.1551187155338526,-0.4966737008102353,0.37554595830073156,-0.3754208796193804,-0.8025578138903332,0.5181719700787154,-0.5088838574851771,-1.0792387693800083,0.5713124343303363,-0.5873087884797321,-1.3444495649419586,0.6190521107814008,-0.7409765382482907,-0.5637593070040604,0.41016344470666205,-0.9137302302725264,-1.3113200914665017,0.49126100394753414,-0.7743373921734178,-1.7135842584355352,0.5526559131546602,-0.6303440796972818,-1.8252720221829017,0.5868606746834919,-0.7738209930789269,-0.6030300383054819,0.19379324955124488,-0.9794075709113149,-1.4927463434360901,0.2696961862308643,-0.8083991185151808,-1.884607645387967,0.2986741948678186,-0.6414595964994219,-1.9211872117138646,0.3132157725055129,-0.7536248453565617,-0.7172150281423764,-0.0036016530784121225,-0.9293435726703847,-1.5579741749649296,0.09826833047647006,-0.7439369459288848,-1.9233117049335606,0.13844315459174378,-0.5646229871189189,-1.9808926229466748,0.14108515122171236,-0.6544980951841819,-0.9022188425555875,-0.18151215018916272,-0.7810101939960327,-1.574129578652606,-0.10009934823223206,-0.6654783595961967,-1.8827713260010417,-0.05329654896981217,-0.5206184221631158,-1.9743222595595038,-0.03214545074782513,no_gesture
0.0,0.0,0.0,-0.1563044319576016,-0.4796214758359852,0.37897649226581487,-0.37767383196515597,-0.7931751375606462,0.5265426557750578,-0.5099754290693508,-1.0966940605323325,0.5911463883246821,-0.5814571825839654,-1.3687853229226086,0.6499668207244648,-0.7095595211607945,-0.6130776013155521,0.3700133898220597,-0.8842052750075167,-1.3771507033561348,0.45415116057158883,-0.7663300292287014,-1.7850107849229522,0.5267026308960243,-0.6381454552565662,-1.926391816237111,0.5702655182175075,-0.7368467205122207,-0.6561636950889455,0.16280692773222427,-0.9387493658251205,-1.5408290437945233,0.24850624912771774,-0.7885962222574099,-1.9218306815598871,0.2989877952369954,-0.640017876407175,-1.982668709880615,0.32660482014962994,-0.7062373728325002,-0.7747774430049652,-0.02102468677921568,-0.8790854649788915,-1.6158438885187574,0.08970045688747393,-0.7131900017083429,-1.956782947143047,0.14728792663052045,-0.5538129563443205,-2.0168054912980415,0.16156864856728376,-0.5971815196082235,-0.9645924954707736,-0.1839109227439752,-0.7272744800881271,-1.634598812015226,-0.09913409129156824,-0.6292949466065069,-1.937736663843063,-0.04538361244917742,-0.5045196056196117,-2.0414793427308346,-0.01785226098258092,no_gesture
0.0,0.0,0.0,-0.17270154500917784,-0.4150416930898153,0.40591925505828375,-0.3966319057532224,-0.7309695318939076,0.5692224974083061,-0.5221886724014778,-1.0331250592581442,0.6411544191083804,-0.5948769738601106,-1.2771654085064494,0.7048868535678593,-0.7279371930421774,-0.5737876182313113,0.42843462419227246,-0.9170073333455206,-1.286491612261706,0.5198319324801007,-0.8377166219069876,-1.7178467221223168,0.588272055957347,-0.7258077566945846,-1.910044885383459,0.6277756421371675,-0.7513591329154721,-0.6274930610226177,0.20423489357348842,-0.9808726509155886,-1.4512224439080825,0.29758555000453024,-0.8718775010627268,-1.8852385225586392,0.34351270678349666,-0.7378809002724546,-2.027119245695637,0.36547941643346815,-0.7123826359635758,-0.7547603618953515,0.0010943137668126192,-0.9069636021253141,-1.5603076980163353,0.11109463109543773,-0.7628978507950812,-1.9564531234548996,0.16433943913043453,-0.6070571679065413,-2.0895259489662754,0.1759093886742545,-0.5931554865954126,-0.9563335009398981,-0.17992771212005426,-0.7195145117744669,-1.6260573518264405,-0.0944650529320421,-0.6316227705076668,-1.949954457365381,-0.03947516274293552,-0.5077585585650392,-2.094635438898136,-0.011736913716718611,no_gesture
0.0,0.0,0.0,-0.17060589921290428,-0.4138089936825404,0.39509820076449903,-0.394348440212914,-0.7662703890251862,0.5536254292170214,-0.516229449976917,-1.1047737205673502,0.6327375758570594,-0.5786183801269628,-1.3763767552378825,0.7069128356650471,-0.6579172535269794,-0.6902666228593353,0.34967404194237356,-0.8738991110539207,-1.3932625982338092,0.4360229676787664,-0.8124663584830705,-1.8236581900912296,0.5295394846988632,-0.7124661702010623,-2.023903585904693,0.5929426338732602,-0.671329245737914,-0.7272014671944628,0.143160923185005,-0.9219877537960601,-1.5707224088613756,0.23260894075600597,-0.815474471858662,-2.0245763846634217,0.32328810474218517,-0.6911926751209763,-2.1877816983657654,0.383899113963429,-0.6122109208970886,-0.846974106400517,-0.039323482881450454,-0.8321536551761615,-1.6676789358930773,0.06272226467140361,-0.7023699712756812,-2.0847515056440757,0.15140702594160907,-0.5630658836860208,-2.226690353507096,0.19643113309882013,-0.46791285899861157,-1.0309666925576098,-0.1979765033630889,-0.5917144581744711,-1.7294527070586503,-0.11673936703158418,-0.5206428089987238,-2.0744177183809107,-0.04424116482355924,-0.4220739749714788,-2.2283930364553046,0.003918722725570025,no_gesture
0.0,0.0,0.0,-0.218100518806228,-0.30768909742089634,0.42717522741280756,-0.43819536690447547,-0.666501512237957,0.6089117075363591,-0.538421126854216,-1.0126585254324143,0.7076444698776796,-0.5707365424502295,-1.2804143926883513,0.8012195739517874,-0.6346275112256878,-0.7104374322065412,0.39478337485198645,-0.833800862865281,-1.3829465817603703,0.49013624866851835,-0.8119610799680212,-1.823206054832646,0.5870111068866358,-0.7292523496164859,-2.063234336075162,0.6541748576306151,-0.6201728901077458,-0.7636578480976413,0.1794777351491953,-0.8740441071386683,-1.562166970314919,0.27009363842156875,-0.8085107272273027,-2.0441496021047936,0.360431583707964,-0.703619207542943,-2.2690351636364086,0.4236485088114351,-0.5399740415624914,-0.8857962015976304,-0.010685848499561355,-0.7778820917588617,-1.6558655586019406,0.07826016114098185,-0.6993571297880454,-2.101368536355858,0.16067643418461014,-0.585732313577624,-2.2922835672134947,0.20949412830556682,-0.3871101613344853,-1.0500684114047325,-0.1723212029992789,-0.5306178726534394,-1.7084739099413542,-0.10352446241970585,-0.48947264849393884,-2.0783190347969622,-0.03661272257109275,-0.40735834886406963,-2.2751552403200472,0.011662958661883552,no_gesture
0.0,0.0,0.0,-0.22357509542320905,-0.3192625129623117,0.37607248121074766,-0.44027406753932385,-0.6781179225274778,0.5200053695812022,-0.5526224211518184,-1.0323054266704568,0.5967563900340805,-0.5826242866452115,-1.3086934355066788,0.6706704738209666,-0.6026932794704468,-0.7787265011471954,0.24782802629232087,-0.7839798593538155,-1.4545994140650584,0.31159596596315137,-0.7701086647364441,-1.870797048395651,0.40543098267341404,-0.7078733191854472,-2.1054868166928102,0.47359077820574275,-0.5590666881951064,-0.8272712172928597,0.055378255564297256,-0.7840539786050479,-1.628683567335305,0.10388792692242478,-0.7199554715387361,-2.0601787007178256,0.20481483879615467,-0.6207649817257286,-2.254754951647451,0.28229767522957433,-0.4464247151873681,-0.9302412531168994,-0.10714433821099494,-0.6586861766622347,-1.7095307033722498,-0.05646029936394898,-0.58800177227257,-2.0937588293399885,0.04042077299612845,-0.4872224514741099,-2.2371018892111785,0.10909126579700104,-0.2672718767364637,-1.0538539469106523,-0.2415603593733718,-0.400633484574833,-1.708939892569656,-0.19719545552046955,-0.3655552540747509,-2.046325366160993,-0.1265019090123171,-0.29573813422480716,-2.215438707382329,-0.069410115783245,no_gesture
0.0,0.0,0.0,-0.2638325618157245,-0.2714923059630824,0.3093562360537291,-0.4724927196959209,-0.643841682905195,0.3977980633787749,-0.5831972437404289,-1.0043250607222858,0.4276527232371929,-0.6051543688789499,-1.2885236542353893,0.452498718625979,-0.6017049795467133,-0.7855074664140593,0.11330264386191584,-0.7823001457456227,-1.5030175243101023,0.12746305908758063,-0.7710539350919036,-1.9493607676864335,0.19181953342170882,-0.7130226966718316,-2.2168170510532423,0.24112270809257214,-0.5348360958523436,-0.8423433348345459,-0.0663930480791307,-0.7605430213735102,-1.670035633133763,-0.06631070596323677,-0.6976579319112807,-2.106193810742676,0.01507782032489941,-0.6000465061682255,-2.3008874266891546,0.07883395674131434,-0.4027243596500367,-0.9384806016309011,-0.21631077386028696,-0.6081681059178686,-1.7363143184880452,-0.20260911707708887,-0.5453774909709654,-2.128841669365896,-0.12239882753438007,-0.45464808803494733,-2.2688871258100076,-0.06507907245570498,-0.2129277321659213,-1.037016451593737,-0.34277970769055804,-0.32361104400793156,-1.7013124018285497,-0.32041917191524727,-0.29959544395810533,-2.039768600762736,-0.26279880850994486,-0.24563873095564756,-2.1955579678053234,-0.2171631166986807,no_gesture
0.0,0.0,0.0,-0.28368262020746216,-0.2892082469159771,0.29293123548103817,-0.49081287187139516,-0.6743874829637109,0.3479633441098729,-0.604611544403548,-1.0554147520929726,0.3472813446267985,-0.6233325805946829,-1.3336176800753443,0.344493581739133,-0.6067994475962085,-0.8049475026738941,0.024543115015036573,-0.8036403749729386,-1.5351832971757904,0.003961543201207392,-0.7612047503151609,-1.975438343409506,0.06975149011863116,-0.6635015572310713,-2.199432383440695,0.12607540925770566,-0.5165257926467224,-0.840776764304796,-0.16215892863432405,-0.7417504029064917,-1.6994399060721426,-0.2041207969693761,-0.6572905588651039,-2.136541513562792,-0.11734575015254227,-0.5421368190719129,-2.3028578830254247,-0.04112107778085325,-0.35845302244161414,-0.9118038706992019,-0.3175691962804514,-0.5623824426414871,-1.75678582759374,-0.3479163732652517,-0.5020766634141139,-2.171532288591491,-0.2652636045613824,-0.41844272867589605,-2.3073308444887837,-0.19655559717092722,-0.1503289818743748,-0.9898997837095682,-0.44772526139904645,-0.23869380384597713,-1.699821599755841,-0.4528493259369849,-0.21658746913829807,-2.042711217182398,-0.3934601857315314,-0.17327489686243405,-2.188088206551982,-0.34130205828663224,no_gesture
0.0,0.0,0.0,-0.28678268925042266,-0.2950628544393904,0.30381742275024404,-0.49006202402810534,-0.6820791911038603,0.3581127574005578,-0.5971757933618511,-1.0541227597955156,0.35687200734143765,-0.6147529107672545,-1.3376277863815305,0.35058918243016035,-0.6096841041657749,-0.8140963981845709,-0.00886499814942828,-0.8125034193900682,-1.5572844149304403,-0.040012768985551304,-0.7762500310787748,-2.0125050473275716,0.023453308129146592,-0.6866948887177134,-2.2536961194277327,0.07783816349739844,-0.5089198373643224,-0.8367869607108448,-0.20196079203988457,-0.7272300262216418,-1.7106111920170177,-0.2524748098527658,-0.6417732229024128,-2.1619391213967925,-0.16054433560930764,-0.5298984473017331,-2.331909902738657,-0.08272503820954938,-0.33646199943579974,-0.8927610492185502,-0.36153952995686334,-0.5240902101635622,-1.7438342038550065,-0.40613695949742473,-0.4605428886672875,-2.1847163461531816,-0.3262844382403201,-0.38593903549355957,-2.339987046711817,-0.2587449809578146,-0.12129350319219045,-0.9558791685492996,-0.4932467421314687,-0.1865664116368083,-1.65465167172903,-0.5193225013285916,-0.17087401096435467,-2.0200495174208015,-0.4708564623648223,-0.14805438895314704,-2.1907950292163654,-0.42433406671504,no_gesture
0.0,0.0,0.0,-0.30043811785929225,-0.2578311108590871,0.24123847195833759,-0.5176031680257608,-0.6518792043850836,0.2588939661075217,-0.6333617189031304,-1.04808037368294,0.23233659683595806,-0.6598334849375875,-1.3614813631731306,0.20231809986809163,-0.6243873789772961,-0.7882550926976132,-0.09250416324449064,-0.833862544611262,-1.5272494352529962,-0.14239950691155648,-0.8109027847975941,-1.9834081935269214,-0.09484273263972406,-0.7296307795240722,-2.2442006929720946,-0.05420635906357998,-0.5102268828276268,-0.8194140009201083,-0.2612072034537004,-0.7281960338514494,-1.6727422956672473,-0.33709355178250394,-0.6667860855649299,-2.1509648156566454,-0.26776029039911786,-0.5615945686687114,-2.361497948275788,-0.2082490731251732,-0.3267741440109253,-0.8800791986506495,-0.3962590774825054,-0.4997172846220003,-1.7230001308725977,-0.46050704709559787,-0.4553772488216107,-2.1811905839794394,-0.3978341578999953,-0.39394815527658245,-2.370067365984169,-0.3430717784096318,-0.10705817960079188,-0.9413398139208035,-0.5070698474088181,-0.15828208455047799,-1.6172646971821543,-0.5432196852087334,-0.1464445712147061,-1.973745581557709,-0.502365091582953,-0.12430863187465661,-2.1529092081107635,-0.4638439220641808,no_gesture
0.0,0.0,0.0,-0.3029018713174171,-0.2609250591776597,0.2489782405882797,-0.5210579421178724,-0.6579098275890618,0.2653935588044253,-0.6413468122129128,-1.0634939820906457,0.23851851476112992,-0.6806997707372258,-1.3812398056450101,0.20857940881825232,-0.63163853445294,-0.7816257757497491,-0.10797492798455308,-0.833250197393467,-1.5378867932942641,-0.15956311585156788,-0.8027914377944617,-1.9942182964093613,-0.10719854875306452,-0.7151696130516038,-2.2542974889121448,-0.06214575427364665,-0.5143759055116213,-0.8109407545860499,-0.2789130695763587,-0.7292376706277979,-1.6833905923233008,-0.35814726564019406,-0.6633412840426316,-2.1618530223870707,-0.280815785024095,-0.5551740477957593,-2.374811393656482,-0.21460975773931515,-0.3286304452304289,-0.8694268916645271,-0.41358269074283616,-0.5012215545131927,-1.7271934608205302,-0.47872993097181593,-0.454674271201671,-2.1837703505557906,-0.40515862234454814,-0.39215844389160043,-2.376698505926554,-0.34229887095536793,-0.10775690174854255,-0.9297028392095045,-0.5226375636619351,-0.15442629688526377,-1.6073943948243472,-0.556665719751434,-0.1378371146894284,-1.954291606134903,-0.5076620989275299,-0.11225720707789047,-2.129453847737152,-0.4626023508580655,no_gesture
0.0,0.0,0.0,-0.30622720928621006,-0.2728783787088518,0.2503780585948117,-0.5133973580302952,-0.68473017730526,0.26127592326631416,-0.6161807722313971,-1.0955522388583088,0.22940721857744725,-0.6338076070850202,-1.4173518471430993,0.19643067214310517,-0.6133432789069878,-0.8035084268531778,-0.1284473199181125,-0.8155333294172868,-1.5560175473421245,-0.18443491164260395,-0.7779698242646427,-2.0067610064722805,-0.12971064439978727,-0.6783182523847255,-2.2539769583602474,-0.08179786049392254,-0.48557604893615686,-0.8208465322761261,-0.30071057705010745,-0.6980938930482492,-1.7064572074121551,-0.38647239819995793,-0.6378703595974543,-2.1887671257751418,-0.3061276207704658,-0.5310625609559139,-2.3975969843002534,-0.23680564646913896,-0.2941282834720899,-0.8658770843291871,-0.4350482182388645,-0.4582825914991713,-1.7345856548604006,-0.49993415066063235,-0.4124788646619542,-2.1856197812026457,-0.41802664940988044,-0.34631448095234957,-2.370364760755948,-0.3489093048258641,-0.07262804739389117,-0.9150967322428699,-0.5435534649544671,-0.12433328752721551,-1.6079175345075476,-0.5756419625002096,-0.1114317326514474,-1.9630853511838358,-0.520856812587594,-0.08405940751091476,-2.142029775852696,-0.47150830220988454,no_gesture
0.0,0.0,0.0,-0.30410361478937376,-0.28083150610769436,0.2202301387624962,-0.5104761107380134,-0.7040051975921793,0.207544713321955,-0.6138523540634986,-1.1369985760041796,0.15783223949661165,-0.6332593467089922,-1.4851372443825,0.10757305972937935,-0.6109645828082423,-0.7883034573826132,-0.19846878181613825,-0.8150146498829927,-1.570483590852685,-0.2801873582367921,-0.7778395844490671,-2.0389352592322316,-0.23624317735935565,-0.6839407795350094,-2.3019228129728693,-0.19420854609262606,-0.4772455977741463,-0.7995059705893326,-0.36472842279867074,-0.6952557288881802,-1.72069749209949,-0.48035697033709945,-0.6335729427800262,-2.217110785202165,-0.4071099339034251,-0.5300087789356037,-2.437770773475977,-0.3403401531798552,-0.28050585624943086,-0.84616914500043,-0.492987511525133,-0.44440317723845213,-1.745907691685203,-0.5858098737189894,-0.39767637463902855,-2.2101077324249454,-0.5077670354929473,-0.33370929704936614,-2.4017641349910273,-0.43737894496679086,-0.05496961703364821,-0.9031471996307956,-0.5963940375209937,-0.1039886152373533,-1.6161852287283998,-0.6480684751711847,-0.09039984736534887,-1.9722797918842712,-0.5974090750873985,-0.06553150108958469,-2.149849466843625,-0.5492607654079487,no_gesture
0.0,0.0,0.0,-0.2975637174963703,-0.30322407459314465,0.18660944273211888,-0.49841084821307585,-0.7336852627553562,0.15927054891108525,-0.6013571655731276,-1.1604647496327172,0.10243422432888334,-0.6226662170664513,-1.4963502109289661,0.04363394429145308,-0.575412902521574,-0.8026897374464139,-0.24369298157776675,-0.7655879402603787,-1.5599697436707907,-0.340044218745517,-0.7266333857529672,-2.009505041129765,-0.3093000025450002,-0.6311992068537755,-2.252515283544019,-0.2770206787224192,-0.4319627960502592,-0.8106149010328565,-0.3953626247534448,-0.6281065933898179,-1.7078889537693949,-0.5281523253354189,-0.5822250844132754,-2.196435606450121,-0.474348141463526,-0.4950316936884593,-2.4301570777508434,-0.4227587462701329,-0.22882567914577542,-0.8394700543007694,-0.509284289420667,-0.37907976946754685,-1.7097811397653304,-0.6156521178517679,-0.3489506015518652,-2.1717388120080185,-0.5537852092132557,-0.29927359467033304,-2.3884233872613683,-0.4960387922576596,0.00015263972032399946,-0.866083628862542,-0.5998947018129935,-0.03932990768155872,-1.5454580395183435,-0.6644420283535781,-0.03514500281743063,-1.9005854747654198,-0.6250477562886725,-0.016910607173908493,-2.1015588943555907,-0.5864276135470479,no_gesture
0.0,0.0,0.0,-0.2951901424142879,-0.3080644393343053,0.17617547794137092,-0.49176651542389177,-0.7509812336286052,0.14531208177091942,-0.5929966396838127,-1.1789648105343653,0.08765615319347353,-0.6181814578998865,-1.5101303771582277,0.0281834384707108,-0.5669242464168709,-0.8009810966638085,-0.2627153614298143,-0.7573248488392258,-1.581205342182682,-0.3619138374954645,-0.7160418090542031,-2.045518659929173,-0.3302519160706362,-0.6156477372925211,-2.3034805874503452,-0.2972899171579544,-0.41638426499964803,-0.8119458885179273,-0.40910634067383433,-0.6153901245293759,-1.729129365071996,-0.5440170300624066,-0.5697102293684552,-2.213563824929445,-0.4869442599923023,-0.477914082658578,-2.442800145886943,-0.4328895225242762,-0.20704496304917203,-0.8400684830521775,-0.5181742589410764,-0.36071513770227326,-1.723537582802432,-0.6272222369896323,-0.33087188807387646,-2.176532188390975,-0.5655616313124899,-0.2775089894976438,-2.393059877251525,-0.5074679220456746,0.02451443054090458,-0.8604650726560369,-0.6045545431740673,-0.007510402864004647,-1.5367758597413357,-0.6743151876973208,-0.005845431759430253,-1.9014402011026263,-0.6394562671114012,0.01067547290474026,-2.1217859092766527,-0.603337322868206,no_gesture
0.0,0.0,0.0,-0.2951720288386692,-0.3141958356575811,0.1874849123958558,-0.4842144955012102,-0.7597166215235981,0.16148075097455925,-0.5676502057126298,-1.1852302232231429,0.10787338471094761,-0.5711908746012799,-1.5174295797992026,0.05205035801773828,-0.5587524959609582,-0.8027158709091093,-0.262161606726528,-0.7497179374926056,-1.5703340639009848,-0.35932796119379073,-0.705254125317556,-2.030169478619069,-0.3253876756164197,-0.601410144910304,-2.27962535667217,-0.2908075763485525,-0.40981647269145444,-0.8141127608633046,-0.41142538972486975,-0.6040047376484463,-1.7230165016091972,-0.5418055889569041,-0.552840452550212,-2.204827818409772,-0.4800254322580249,-0.46020587450144335,-2.427524799307791,-0.4236097275810549,-0.20229185185562246,-0.8420717749530309,-0.5222760073542727,-0.35090688850838403,-1.717767634217628,-0.6274030016985663,-0.317104740061414,-2.1712049120307437,-0.5647925007210872,-0.26551954040275516,-2.3824875303085795,-0.5071190094956087,0.02548535575887,-0.8610898884313404,-0.6088682822857452,-0.0018462129320136018,-1.5317296808166283,-0.6771531297038056,0.0023417298865437922,-1.8986050154611376,-0.6427835613369338,0.01696968879385276,-2.11635840981715,-0.6076923620486623,no_gesture
0.0,0.0,0.0,-0.29806430743460177,-0.3117497583398938,0.17293872138065244,-0.4902454853259811,-0.7560607988944713,0.1372864812847084,-0.5836057811728673,-1.1861643568194085,0.07659892872609021,-0.5985486922953244,-1.5127669254239615,0.014027566178941677,-0.5646956660528866,-0.7941485654534209,-0.2816435576265592,-0.7520943852553497,-1.5691297541270954,-0.38470377394577393,-0.7048023023393615,-2.028619627787049,-0.3528822157828031,-0.599605796657649,-2.2748297060212304,-0.3187058341592541,-0.4117723803342295,-0.8053925992557449,-0.42636398517927915,-0.6036773279642015,-1.7211223928277057,-0.5635189786170636,-0.552213140635039,-2.1969825648836556,-0.5031347075710872,-0.45911623172553195,-2.411629680344434,-0.44643572956021377,-0.20150483836708075,-0.8346781442945397,-0.5331043078065857,-0.3504755417186463,-1.721496627530929,-0.6437733538567314,-0.3204565440830388,-2.1724095318152226,-0.5800227981855529,-0.27029644811674425,-2.380078572947058,-0.5206616460906264,0.029001016014169066,-0.8569634849691421,-0.6167429483250955,-0.001086347623188641,-1.5422559877512039,-0.6871539530425198,0.0020987967358148912,-1.9050459061377278,-0.65075335468428,0.017320704374085772,-2.1163794439992203,-0.613773966988967,no_gesture
0.0,0.0,0.0,-0.294538242140723,-0.32040065659781525,0.1837932293356811,-0.48156220818755047,-0.7672650532485877,0.15508941691761755,-0.5701126088826164,-1.1958727221340786,0.09983040449443595,-0.5816936813635819,-1.519724622430856,0.04368489727781937,-0.5610365605005033,-0.8020586120221807,-0.2641568126595318,-0.7514924233819472,-1.5660042961165321,-0.36154520153218683,-0.7049057662875147,-2.0185689107380083,-0.3251010146855767,-0.5995020751601906,-2.260700445704839,-0.28726585245300224,-0.41040720496039906,-0.8140741992830005,-0.4109125261881578,-0.5995579441664145,-1.7260383993156498,-0.5418756213806025,-0.5481957702502279,-2.194447701002607,-0.47555792649092293,-0.45672517754080133,-2.4045621496464915,-0.4138478699559736,-0.20147469179447394,-0.840745233702966,-0.5196333902057806,-0.3449701872324326,-1.7246576649356853,-0.6246026652617419,-0.31418044229356484,-2.1716215597459514,-0.555095402884229,-0.26425842526926263,-2.376000650196137,-0.49106695533084777,0.027246702342753146,-0.8588163895041118,-0.6045808816045998,-0.0002333468740517284,-1.5406144979170373,-0.6691551871163173,0.004800391361627501,-1.9000314625574537,-0.628313857773232,0.021996595093570562,-2.1074641989025906,-0.587746049660264,no_gesture
0.0,0.0,0.0,-0.2967815150637048,-0.3130496237811664,0.17532440328666019,-0.4890307576983293,-0.7660271170970284,0.14206167151998803,-0.5816647064367976,-1.2035418654369965,0.08547001443134881,-0.5948248197363559,-1.5320247745218494,0.0283899618838378,-0.563461216686399,-0.7980641125191366,-0.2832018342183942,-0.7550547825625648,-1.5724072173559618,-0.3797997261649815,-0.70981547485098,-2.031317251688553,-0.3430557021373894,-0.6054295055237419,-2.278812337045231,-0.30583472502149617,-0.4112389103010027,-0.8074728948563649,-0.42293032845461065,-0.599584547316279,-1.7285709492101624,-0.5539616257974042,-0.5504619372729471,-2.214051219251956,-0.48934367603950263,-0.4577149270897901,-2.4344258896157704,-0.429897441405793,-0.2017702902091848,-0.8364823118036223,-0.5226748069944341,-0.3467230243736724,-1.7307772397963062,-0.6248325402702521,-0.3172713142396222,-2.184223301141741,-0.5553023394606096,-0.26799105513961174,-2.3920744259878894,-0.4925154178089237,0.025787961980986377,-0.8579237778229493,-0.5988266165252972,-0.0014116756438948624,-1.5477498698218626,-0.6596559628639705,0.004220695199259179,-1.9081654711650615,-0.617420795273166,0.021664802182955002,-2.1154063030720978,-0.5769910776272336,no_gesture
0.0,0.0,0.0,-0.28842600864246004,-0.3294852511069893,0.18745545421295998,-0.47743891779589465,-0.7895058174198148,0.16205619512491662,-0.5675338734490716,-1.2281702633088745,0.10962082732492469,-0.5871876196984044,-1.527801998753569,0.05441099612812714,-0.5583472000940208,-0.8071327766642705,-0.2676233687334084,-0.739732640101324,-1.5878715158080217,-0.3697433125635034,-0.6868971722323652,-2.0426273139984032,-0.3398482786026907,-0.5785387260476131,-2.2903403056054024,-0.3082634374986978,-0.41325356167743266,-0.8079438087403833,-0.4200574671149153,-0.5980623898906061,-1.7216418376861573,-0.5584843822065864,-0.5385042791257117,-2.198553287188052,-0.5027218618986301,-0.4393336960741164,-2.4161004463797293,-0.4499392895813345,-0.20882906011434182,-0.8296445682224092,-0.5335434107730438,-0.3610002918953855,-1.7155101179165824,-0.648166633578978,-0.3272815837569061,-2.172047013932794,-0.5897991436803427,-0.27662202174887296,-2.3891721984892715,-0.5346046432701924,0.017247816621099137,-0.8475808697746241,-0.6222342299638843,-0.011129977596103085,-1.5265329021063503,-0.6963115499842707,-0.005255646490292092,-1.8833263369125586,-0.6634723853112192,0.00982677397649099,-2.092298170399712,-0.630065696481239,no_gesture
0.0,0.0,0.0,-0.29426000911712064,-0.32103077159384524,0.22213330357638933,-0.4836747549779364,-0.7627091740098857,0.21984374540269197,-0.5659343782946646,-1.1854754807677015,0.18303327192991967,-0.5688174801654299,-1.5037360708351517,0.14353584658892213,-0.5733932089024928,-0.8135319698373308,-0.1979599086032878,-0.7415402425299306,-1.5911207067205977,-0.2766881936288666,-0.6934236073032032,-2.0486613735808463,-0.23526623740129785,-0.5957298349348337,-2.3018338916208405,-0.1959254522162617,-0.4389196111156859,-0.8237572506906095,-0.35885031268302175,-0.623043007830947,-1.7281211672395844,-0.4711113004330869,-0.55655295608444,-2.2123742707639003,-0.4022910637368106,-0.4576932566125532,-2.436615614660371,-0.3404317280254943,-0.24197219456098543,-0.8552005588257434,-0.4806873874978444,-0.38812902213428724,-1.7267947950554587,-0.5712990904421651,-0.34106362621783937,-2.183057400000651,-0.5007473921002887,-0.28239375018114243,-2.3887102877650204,-0.4373875413955081,-0.0173944462298975,-0.8829436145632922,-0.5765158139688324,-0.0479477456681917,-1.5605532676913565,-0.6302154274043994,-0.0361282259356221,-1.9216721362188556,-0.5878066701065445,-0.017998520976472924,-2.123003415116795,-0.5469629887816531,no_gesture
0.0,0.0,0.0,-0.27689461242919844,-0.33816824462430173,0.25151807276487065,-0.4577964711738576,-0.7729725316203142,0.2692022836503449,-0.542995864101483,-1.180366641618633,0.24656035900514545,-0.5555794295601959,-1.470585255558255,0.22140681429092895,-0.5571216680186448,-0.836176799361007,-0.1409074558825241,-0.7172847767007471,-1.619618161829366,-0.2041403869050321,-0.657727671107208,-2.0727238580785867,-0.1496730096829316,-0.5475681384784832,-2.3215640429678253,-0.09961540743121698,-0.4287963477050296,-0.8480641741023536,-0.31132110239898503,-0.6076621515857472,-1.758798978738996,-0.4058291365597247,-0.528071912826943,-2.2137225811167363,-0.32191394041508276,-0.41968161645895824,-2.4123812467601233,-0.24658108872173132,-0.2369724319918193,-0.8772541677668264,-0.44404700595523944,-0.38594839644133805,-1.7540662669322413,-0.5223794268070249,-0.3292653138700291,-2.1886724117787963,-0.43989164766893113,-0.2607908496958007,-2.376491739991755,-0.3661516520583746,-0.01612954044992939,-0.9054034342190994,-0.5494030342422576,-0.05460605268034342,-1.5872721292289684,-0.5937926468513413,-0.03618614287949848,-1.9385308369467602,-0.5433369989035698,-0.01003176389312448,-2.130308583615437,-0.4945111663205972,no_gesture
0.0,0.0,0.0,-0.1793743230962077,-0.184252418109162,0.19199517479253697,-0.2655472071561469,-0.4218200437862331,0.29485871452621554,-0.32579803700179405,-0.6251146802715088,0.3651378609181432,-0.39781122306517425,-0.7510565906359264,0.44239852600352725,0.0024756573574374985,-0.9582037098991911,0.2943189874285859,0.0824109201442142,-1.2654582539304469,0.43322879762858046,0.15438669174452482,-1.3079860269527197,0.5430911049278028,0.20038663422125721,-1.2623929499991153,0.6183025570735299,0.13532811292219502,-0.9610673243951947,0.24090637150722788,0.24665826738680216,-1.2399209384062846,0.3989684140264919,0.29948346618031824,-1.2332370256166523,0.5225727921121874,0.314555996614561,-1.1531880443184672,0.6095592395908596,0.26219666823216775,-0.8588121217041923,0.19864685280955197,0.36770572229204873,-1.1319548671694917,0.3435741558198829,0.4013537960791727,-1.1073769174833183,0.46727485268012864,0.39934387503083973,-1.0252863670605123,0.5470986431643017,0.3812384933536628,-0.7172374026736174,0.16234020651220615,0.48494977575795584,-0.9108324401846516,0.2869868254831191,0.5136982982092182,-0.9066009851033134,0.3855088961923033,0.517885231420524,-0.8619737108845699,0.45916339038157156,no_gesture
0.0,0.0,0.0,-0.17757419429421115,-0.1727052527656931,0.21284192586528433,-0.25896318681397806,-0.39979795225190673,0.32504250070188817,-0.3203631860861426,-0.5936073600984889,0.40246279384573314,-0.39857519758342286,-0.7197098868055101,0.48666110311987465,0.0010998674253163414,-0.953053078341909,0.3057247657206015,0.08321328290345109,-1.257968247404151,0.44970352945774256,0.1557691563437431,-1.2889464722704345,0.5647831103511229,0.20167578734750483,-1.230927734113294,0.6436247859747831,0.12945612489284777,-0.9606476163655225,0.2457585174494801,0.2430736268817277,-1.2341033851872616,0.40827224171826354,0.29363028988775935,-1.2147334829753123,0.5383043340660315,0.30669038434557044,-1.1253058826213957,0.6299172060804359,0.2533227421495154,-0.8623777202873494,0.1991113212371999,0.36178589565767316,-1.1306163670582634,0.34930884112798855,0.393455161774494,-1.094253978607153,0.4790204823800734,0.3909274616190443,-1.00443164953276,0.5623026898655282,0.370175210916316,-0.722667692312045,0.16026606852009048,0.4768341562634282,-0.905370966065115,0.2889283471418725,0.5041249658655845,-0.8937900403502751,0.3905639771861094,0.5081935443752928,-0.8458539079063281,0.4663289499056249,no_gesture
0.0,0.0,0.0,-0.18378451017956818,-0.1739890613295187,0.21888127225644197,-0.2694404210678736,-0.39787049214827647,0.3350132875183937,-0.33184479864367594,-0.5891044664937208,0.41630929184578785,-0.40849084641534134,-0.7130864310379997,0.5045190969781552,-0.004318836343446006,-0.9515546565357758,0.3109588987826773,0.08056805155488571,-1.2570018085526886,0.4589102838422781,0.1521317609076101,-1.28937375792786,0.5774874414322914,0.19611163495931475,-1.2357829143635701,0.6589034919854886,0.12622412910496028,-0.959672555322949,0.2511892429854726,0.24332272520212514,-1.236119824803233,0.4172320251742407,0.2927631876427998,-1.2161244191252163,0.551730793174994,0.30397737685747295,-1.1257015352255195,0.6467308181547009,0.2520218012305391,-0.8590074324697647,0.20546297576046837,0.36410229003574907,-1.1328692980965218,0.35832740241636163,0.39482308201238153,-1.0949109912074224,0.49152171971502745,0.39084290664245713,-1.0046254568874446,0.5776159710144889,0.3698798597096775,-0.7149269154062293,0.16827116705289163,0.47875390911071125,-0.8998156084815749,0.29899928512101687,0.5062965395378155,-0.8878500362719705,0.40258241326096805,0.5101765305084157,-0.8412734472248797,0.48017809198711486,no_gesture
0.0,0.0,0.0,-0.17634216452053583,-0.17502317900904765,0.20940865143853138,-0.25832867767683515,-0.4020875678726903,0.3194392192635335,-0.3199656237634177,-0.5942952819166105,0.3966279642774752,-0.39739280590052,-0.7162537876292029,0.48081682999777764,0.0013917663188935901,-0.9560705469742073,0.2907033303676641,0.08958650900647737,-1.2587283348843463,0.4329959072363083,0.15988903661062953,-1.280332237847252,0.5487390852894213,0.19982997069050268,-1.2197559453953246,0.6279609941497863,0.13055437228094446,-0.9637026676862618,0.23287916216937557,0.25033771825867396,-1.2339676643738846,0.39266730871845773,0.2974786203443616,-1.202280287130832,0.5235886175700692,0.3045583533899578,-1.1050206015722255,0.6154483604488601,0.25482640124137845,-0.8624578996767754,0.1891897998985979,0.36839005404416597,-1.1309220379247609,0.3364052119289181,0.39666046568828023,-1.0819402879448181,0.46508744456736845,0.38946156406792215,-0.9829903814376847,0.5478176282813829,0.36976009275938365,-0.7195155941442227,0.1538397718447971,0.4799241087269008,-0.8996896815044513,0.28011345629386936,0.5061435945418326,-0.8801284398834405,0.37989760947342827,0.5085000398042977,-0.8272183924781753,0.4542995893686684,no_gesture
0.0,0.0,0.0,-0.1778410720896817,-0.17931177497599635,0.22076566903059244,-0.25778743133967164,-0.4090160306642044,0.33765853463096684,-0.31475347816535504,-0.5967981636531894,0.4185420909126382,-0.38872796465177484,-0.7130503550542029,0.5065046556014365,0.006121500911596156,-0.9515592133872177,0.3174281529864987,0.09147859423716327,-1.2521140538106217,0.46698373997568027,0.1609405131308887,-1.2747552179348394,0.5852686344062378,0.20091707231104272,-1.216823015928365,0.6653683989541378,0.1348044913773914,-0.9574796638997387,0.25506944607876053,0.25510737783268267,-1.2249570088043382,0.4258377553117812,0.3040165651589666,-1.2002130987132584,0.5599778990372511,0.3125738638850694,-1.1123072906713973,0.652404491629448,0.25742323457193306,-0.8570220554652415,0.20612102940631574,0.37108072280017307,-1.1206315988888815,0.3651680473606127,0.40035058617300856,-1.074976591851916,0.49893716894223833,0.39386899697249467,-0.9846351185271237,0.5824973991757396,0.37180699583045185,-0.715101678770016,0.16514753458710785,0.4808489394323251,-0.8907433893747567,0.29981480608516986,0.5095298324864455,-0.8723628503194083,0.40368122602396356,0.5141376902814698,-0.8248433890871943,0.479755907244429,no_gesture
0.0,0.0,0.0,-0.1757386613882285,-0.1796367330619314,0.21683796754909163,-0.257091181164554,-0.40943464916921846,0.33264094231841396,-0.316566678766425,-0.5995837365066659,0.41375173894908956,-0.3921808349517851,-0.7181204438996768,0.5018496307961476,0.0030368728763634006,-0.9526227280600684,0.3094108871859115,0.0895602986437436,-1.2484939801685635,0.45664823140039956,0.15803979278769148,-1.2699539296270281,0.5730242170033316,0.1985230322185814,-1.2108065203874327,0.6519748223020722,0.132756035795731,-0.9593274537754907,0.24913179522581158,0.2526459419149606,-1.2239276678168265,0.41517479238219124,0.300669378638613,-1.1982606548155788,0.5449430558335446,0.31023937402070334,-1.1086933276014226,0.6348805433715498,0.2568689192020746,-0.8596782390699533,0.20278507038915922,0.3700758483898,-1.1229493902306382,0.35662471216676017,0.3973888730129443,-1.07653138508084,0.4854620547284259,0.39094380655917793,-0.9830800433338053,0.5669016691013257,0.372649896535224,-0.7187670723776308,0.1648540474356899,0.48169007699913596,-0.9019011159852159,0.2953549398916488,0.5091009711499114,-0.8838947142754959,0.39608473099084684,0.5139509499636387,-0.8340740853588098,0.47042893722501566,no_gesture
0.0,0.0,0.0,-0.17807956967126526,-0.17769845717457391,0.21137437622349498,-0.25887887758236505,-0.41302511455565083,0.32651067299061853,-0.32007091195949844,-0.6047705935192688,0.4074856385114497,-0.3971680411985504,-0.7226773553228768,0.4953991128725674,0.0040786353441718505,-0.9548329971032106,0.30980610653878204,0.08874094741021656,-1.2575962137941188,0.45515685904326886,0.15982235223814378,-1.2893188740160983,0.569985655225693,0.20342880513182218,-1.2346147976847335,0.6487306138025332,0.13430896570571355,-0.9581939703462833,0.2526368874948523,0.2520999970129442,-1.2300236225675238,0.41645757873133404,0.30205433414470656,-1.2086890381192341,0.5445087504043336,0.312810353082741,-1.1183460879873233,0.6348533300748426,0.2584037174294222,-0.8562114587970976,0.20847702333961712,0.3700453356486781,-1.123235767971051,0.35944298294686083,0.40026775617164,-1.0831004318273425,0.48638590209348637,0.39569653458828874,-0.9936561888604045,0.5682290126165974,0.3743100709519675,-0.7127721550685555,0.17216912417675131,0.4818215737096973,-0.9012226404743924,0.29970615979400456,0.514103198926824,-0.8954629864144474,0.3985145629446992,0.5231767358899361,-0.8570002885022913,0.47265401311584215,no_gesture
0.0,0.0,0.0,-0.17671432316430494,-0.17657513102657138,0.20248534983641414,-0.256996811904443,-0.4131956497596535,0.31110774667965146,-0.31471701289752557,-0.6069114882382372,0.38598610399588057,-0.3882863725192387,-0.7245100995500625,0.4669877853502534,0.0029182489163211015,-0.9576549360969892,0.2959723964421635,0.08875765471961414,-1.2609531418367244,0.43369952695524344,0.16111975187450947,-1.2922473100025713,0.5426730781755637,0.20637381461040868,-1.2375779028745397,0.6170470467902067,0.13360358005069783,-0.9620192145091339,0.23805271330708497,0.25448085086661465,-1.2329509275529762,0.393778902788201,0.3063565774002508,-1.2145267808481661,0.5149946152322314,0.3193084922298109,-1.1254451421365212,0.5998612049248608,0.2579631802417736,-0.860697973741545,0.1924049209485355,0.37247005100428615,-1.1306432439372662,0.3354697276134625,0.40635555933126144,-1.0956644059629934,0.4560479081601662,0.4051287541287736,-1.008219836959133,0.5331416073915402,0.3731368970051183,-0.7174662063068226,0.15386662958869038,0.4840258357368,-0.9028164244807081,0.27403560918033804,0.5193266635464029,-0.9020543907333456,0.3676749927400753,0.5312748528364328,-0.8667822787802382,0.4377320774001683,no_gesture
0.0,0.0,0.0,0.3545901482785852,0.039040104065942396,-0.020434554465767585,0.6359754310489355,-0.0032178949839754734,-0.008371061929803282,0.8389420824346484,-0.1975260125962384,-0.02138317160497385,0.9129119928651088,-0.5342244563929147,-0.026149415560182437,0.45509664507098063,-0.6723446140187112,0.31599798053508,0.59439176368205,-0.9335664094634366,0.33203603631689926,0.6987576148191322,-0.9756329227450775,0.3047077748590541,0.7671828805878541,-0.910941988718114,0.28336364574382045,0.35073133282442864,-0.893785151288759,0.27952748614569023,0.5295705977770372,-1.2308270479831334,0.2727764676715425,0.6543661481614954,-1.305101251932788,0.16487131825696713,0.7510323314079259,-1.2416591068936889,0.09818959911695176,0.22954060082438585,-1.07711858363023,0.21212768414774902,0.3972763856695658,-1.443530014202018,0.18020913070277733,0.5428246103589636,-1.5460963302297184,0.06590433066640966,0.6651766514508564,-1.491624916211035,-0.004812033803458121,0.08944558903682621,-1.234563355656835,0.1352088636959164,0.22884794686333784,-1.5418495135940617,0.10484856835246728,0.3743218046596151,-1.6390280021042136,0.0380086820352159,0.5205849574519611,-1.619361012586767,-0.01178608419229071,no_gesture
0.0,0.0,0.0,0.3477297155812897,0.04952953835352394,-0.012172443568417426,0.6389870598836876,-0.001630344321435841,0.0019106389254488015,0.8438291756298348,-0.1988096627947796,-0.010966695810486413,0.9190428112368736,-0.5352980558506387,-0.01597689443412504,0.45804389489200714,-0.6711241709179198,0.3204008539330623,0.6034929786209706,-0.9341432715172383,0.33647242943485733,0.7072589363376878,-0.9732300160349303,0.30919812010075026,0.776434034283487,-0.9089325288993106,0.28814858081641087,0.3546374719438701,-0.8920002130235326,0.28029959589559206,0.5394979373583729,-1.2253857619690673,0.27376884547221536,0.6645899083642131,-1.2785761481205378,0.16638041613323018,0.7563736406476239,-1.1905801477320985,0.10078481654623214,0.2332144020284531,-1.075500029933548,0.21026697889280072,0.41358453051988797,-1.4299651614184126,0.18005431394720975,0.562501183027353,-1.5064832514446551,0.06708831964538825,0.681996831609963,-1.4290732145360816,-0.0022101188089310793,0.09234853652912446,-1.2339967002094856,0.13103543263262024,0.23800288973522157,-1.5371387356251913,0.10359225022932374,0.3878492501186316,-1.6249171181546993,0.03864649541957002,0.5347393363147961,-1.596835824173892,-0.009748790517011522,no_gesture
0.0,0.0,0.0,0.34942840060186603,0.044328968072402705,-0.00834849856063801,0.6342317966840916,-0.001967387424081771,0.010474751450350156,0.8372406505891762,-0.19327139142971356,0.0025677265853722517,0.9119708885388711,-0.518363444912052,0.0027948122392436854,0.4536111556315566,-0.6756082574605861,0.32575103528249405,0.5916163595939536,-0.9424302744274221,0.3459247116768866,0.6909767335789868,-0.9809686772307938,0.32144987107193984,0.7551892213806745,-0.9193614268172476,0.302005942812785,0.35171114760851374,-0.891383024145528,0.2858943037436643,0.5300695427013171,-1.2280947144801366,0.28353608168711875,0.6535796151439522,-1.2853582387270301,0.17888125662655804,0.7433089538276065,-1.2047773585273405,0.11445381980470117,0.23018040667816436,-1.0692465417927666,0.21625813027776242,0.4024011448641434,-1.4312269312066663,0.1873654477648114,0.5480981633596009,-1.5070465769625012,0.07548345771442617,0.6636721914059105,-1.427640495886108,0.0072549791644468346,0.0895642606884833,-1.2237481359939129,0.13804448591013796,0.2301007200001498,-1.5261553353883193,0.10998963884554155,0.37679961574491355,-1.610948021974504,0.0449521287498215,0.5201764505393547,-1.5804492384218793,-0.0029806117462144476,no_gesture
0.0,0.0,0.0,0.34776488533108857,0.04829283861770147,-0.01911925471939708,0.6358969679805939,0.0013957097731219492,-0.007832203731640997,0.8419905533159278,-0.19037531101348928,-0.021199593715166477,0.9160079876602536,-0.5207537571817695,-0.02622824289370788,0.46434044150615206,-0.6774954504209437,0.3059728300872334,0.607801372929905,-0.950502186422354,0.32012248703823476,0.7080641265247714,-0.9852871580538545,0.29262015311642137,0.7701042084480705,-0.9150634649022196,0.27154841236772115,0.3611571545404637,-0.8925919684582087,0.2698982541035323,0.5394987369863821,-1.2324046159573472,0.2612213738232752,0.6563117132107728,-1.281833158271679,0.15306934983931525,0.7389237533407336,-1.1888932570746298,0.0870248720054026,0.23728364395028426,-1.0703116348648039,0.2039732421259,0.41002513655855727,-1.4280152613619124,0.17058624776237447,0.5504125898606108,-1.4999928395520956,0.05407636557427056,0.6614216684746761,-1.414668519892333,-0.01703070300176652,0.09388531316875123,-1.2267111586845736,0.12905076611039493,0.23307126096274997,-1.522274399956645,0.09820329929134149,0.3797740875769005,-1.6052675570646637,0.029435707414842246,0.5247025772381407,-1.5735567749257966,-0.02137164127654339,no_gesture
0.0,0.0,0.0,0.3509754994226908,0.044050100610263605,-0.01148353973488622,0.6376614894282816,-0.0034999999028479606,0.004106901602581295,0.841724136513459,-0.19903344661377845,-0.007036272443298874,0.9171240071292885,-0.5282957592664687,-0.009740869272662074,0.4603303589127076,-0.6752814985673353,0.32315148968090185,0.6030212918154764,-0.9495296579609424,0.342443746655576,0.7021766098370816,-0.98495129648892,0.3172934450369901,0.7649994696003908,-0.914767031634631,0.29716116135447235,0.3582173271239144,-0.8893809834594527,0.28404540624501234,0.5381713190738124,-1.2271986930233407,0.28044823857500417,0.65826551125962,-1.2831887118357845,0.1730292274273826,0.7442762267947656,-1.1989057202852675,0.10698643235375711,0.2351210474450632,-1.0676386159859694,0.21508914861223746,0.40790271271013795,-1.4231135042858036,0.18601386619628693,0.5522796689876959,-1.4998932373887897,0.07071048265422852,0.6666667584805956,-1.4217555613499735,-0.000205024158798204,0.09230893328292882,-1.2260905973310847,0.13742800005510297,0.23233762084208046,-1.525095731597576,0.10961609909593685,0.3805626167276927,-1.6060095277222655,0.042754509095319165,0.5257910495600263,-1.5731825938065824,-0.006967045003615484,no_gesture
0.0,0.0,0.0,0.34619192550913225,0.0416137812839751,-0.012941551562473551,0.6333564363375476,-0.008100274411517734,0.0009834899071238304,0.8369251903065806,-0.20160220513517801,-0.011293721606951773,0.911619361023574,-0.5286220582306109,-0.014693517719341813,0.45578202147201985,-0.6820078868653987,0.31818164320292364,0.5971766336058753,-0.9563997910855081,0.33742515331338435,0.6961303613373199,-0.9904789297679926,0.3134189744477965,0.7592694568106723,-0.9201011700994022,0.293929156586098,0.3538583709946574,-0.8925819374401235,0.27943106168184284,0.53284277433757,-1.2270937439438376,0.2766868802789749,0.6515685355189461,-1.2835829303449675,0.1722951051814996,0.7384097382920879,-1.20501631618895,0.10809825154265142,0.23032438368477554,-1.0689032466133117,0.2110194061680112,0.40205037908059044,-1.4216525879427115,0.18383991945500233,0.5445424592232085,-1.500956302168148,0.07270264039665712,0.6598605555566304,-1.4299396275745215,0.0041450095896361895,0.08684831763867652,-1.2247180903417243,0.13358024250879985,0.22635535594611478,-1.5243563834259792,0.10782769766370846,0.37363769718176293,-1.6041339476960423,0.04420611147504676,0.5187836221689097,-1.57299040253327,-0.0032337521443968425,no_gesture
0.0,0.0,0.0,0.342657567676987,0.04221209075400337,-0.017207019541732153,0.6301386524453394,-0.010446687159070796,-0.006155459380135921,0.8333398872778481,-0.20547690414601916,-0.020238855709789876,0.9079806661760497,-0.5339278671237359,-0.02545750678917108,0.45154746338974583,-0.6837664629236798,0.3083583839683018,0.588509582937215,-0.9582722995251919,0.3260397801657822,0.6888554411061951,-0.9943210228227567,0.30138439719033566,0.7531981356354073,-0.9248955789704937,0.2817397089814908,0.34977662014269617,-0.8966293706553166,0.2714996642351554,0.5246381461183471,-1.2307525110288409,0.2688043477611502,0.6455700288827477,-1.2869546201401623,0.16535140101570628,0.732567975121495,-1.206478467728183,0.1013038876873324,0.22710617371804107,-1.0740393899890233,0.2051576392933912,0.39630032741804255,-1.430046471302962,0.17882411259449546,0.5383101367081475,-1.508548609166927,0.06887018864815478,0.6516972689542917,-1.4356837670857678,0.0005689984447689992,0.08430494334111491,-1.2280402876505747,0.12946064604334695,0.22315351746926831,-1.529732070368702,0.10464010930838383,0.36942351069828055,-1.6125371043507595,0.04199423395805062,0.5126244558854155,-1.582829004053252,-0.004987250691268915,no_gesture
0.0,0.0,0.0,0.34756365125312055,0.0410562102530869,-0.011800834593449536,0.6305326522029606,-0.007230051205825202,0.0059464707943259875,0.8326399194663877,-0.20322428748331453,-0.0019249336001578466,0.9081514436247561,-0.5258436947910331,-0.0008234384181885689,0.4557174809389265,-0.6808455404121915,0.3187791159325192,0.5946768527022006,-0.9559991226326281,0.34092110343119514,0.68445258856551,-0.9901908261479754,0.3200004191462734,0.738679568099118,-0.9211465317375405,0.3026446576488941,0.3543923481060132,-0.8917292431661731,0.2814693597644146,0.5315280708187594,-1.224860447166237,0.28038369535334995,0.6475483749113744,-1.2860914501671599,0.17739397902421508,0.7296870323628812,-1.2110115946701834,0.11386755354080379,0.2313827345086699,-1.0660106344140068,0.21488433578730656,0.40140966324942706,-1.4192070741874754,0.1872293323101116,0.5389634083941497,-1.5008993490150053,0.07553990804381355,0.6476763686582013,-1.4307449481743313,0.007185812600483191,0.08862006933205262,-1.2174804199080351,0.13968178268364995,0.22668827133729236,-1.5163954562139952,0.11180979257748429,0.3704835730447528,-1.60016683168251,0.04663965238439411,0.5102901499549629,-1.5723070958253047,-0.0011561288819486814,no_gesture
0.0,0.0,0.0,0.3467186903237227,0.04373367865655066,-0.01131564961713845,0.6346922616155971,-0.009112538075482967,0.004420754535626306,0.8382432547779902,-0.1989166391185925,-0.0059142000101172765,0.9194136013393345,-0.5101180874759275,-0.008374905833244161,0.4586112876899273,-0.6821627634568335,0.3098067363541443,0.5952759511887776,-0.9630565084098949,0.3281468404745623,0.6905766462149483,-0.9979531800649735,0.30424344769879225,0.7511459524936018,-0.9360269457862956,0.285014836272591,0.3572322914026541,-0.8938328104070963,0.27101287242299027,0.5316968878344849,-1.2361585490741707,0.267315784142704,0.6511735584207335,-1.291866214975599,0.16371693789700326,0.7351328083563696,-1.2142404273734948,0.09961596025879307,0.23494098691380097,-1.0693982803453987,0.20337604668147796,0.40476872772268996,-1.4333616064808552,0.17391202317819407,0.5461871063272337,-1.5080566154345008,0.06100733044562949,0.6576385323434177,-1.4343883260342047,-0.008320104219205968,0.09242495111882472,-1.2199207988668794,0.12729202474176618,0.23366071444604108,-1.517990386205284,0.09846024186319707,0.38034813345942126,-1.6017321774398372,0.03237180985202576,0.523140057696857,-1.5754773896131966,-0.016475802930766212,no_gesture
0.0,0.0,0.0,0.34677504673763965,0.048799055823586256,-0.01951029553043869,0.6383975075493686,-0.0014335303006604075,-0.011014511062434404,0.8434202337394662,-0.19463080122496604,-0.0276603484777702,0.9259000533845317,-0.5262780182871454,-0.035662208981825594,0.4587930407588918,-0.6813429513192414,0.3041337605636733,0.6010375412427014,-0.9550889329686547,0.3196565938808547,0.6990540508247266,-0.9920990646149545,0.29345779738760736,0.7604136825867384,-0.9289711842044003,0.27278275341491814,0.35669584663032183,-0.8951498746680306,0.26734762927410805,0.5388700865432479,-1.229410054316902,0.2614295479472067,0.6568012580876484,-1.279920852573313,0.15671749044562783,0.7374547032635453,-1.1948620820446463,0.09270413041641667,0.23405108493211735,-1.0761875118469655,0.20121704635109502,0.41128732943327806,-1.430765095212277,0.17352461421944906,0.5515915432359774,-1.5017840506522009,0.06340589938278844,0.6612852242565609,-1.4246505468120962,-0.004762464953824036,0.08978891664376325,-1.2335620014794475,0.12540047250545147,0.2327042934721449,-1.530249866622458,0.0998796831172786,0.38108079809793344,-1.613246700145731,0.03655647722996043,0.525435463822208,-1.5855665725124917,-0.010836966794948248,no_gesture
0.0,0.0,0.0,0.3460445569774857,0.050426914921276385,-0.0253157984991451,0.6395339745958313,0.0032950236667091343,-0.017155056854038047,0.8470881047274259,-0.19004653730224197,-0.03230520429189408,0.9274916719160335,-0.5203718463483827,-0.038323156847313466,0.46177227478948646,-0.6810994344503125,0.2953551943651127,0.6060811500985274,-0.9621982541840296,0.31003769670802905,0.6977844464784179,-0.9902068592860037,0.2860733869498561,0.7498388058772386,-0.9147467315324063,0.2676588309920076,0.36172348941021987,-0.8944920804008675,0.26275466753041976,0.5428387878678026,-1.233231215928334,0.25372919346759537,0.6557997415957854,-1.2781763077605095,0.14847391228472198,0.7286258029154997,-1.1839674844961179,0.0853345195435814,0.23925693657261898,-1.0753900728973294,0.20090271543591245,0.41573161380224366,-1.432593706788434,0.16941896632996645,0.552317268929028,-1.5036570949626193,0.05614495733166341,0.6569972746128094,-1.4235803906506395,-0.012660801055085462,0.09461957130404738,-1.2322806379386733,0.12941165304019966,0.2364722745766618,-1.534056427210899,0.10111679433906628,0.3829972368003588,-1.6244665542564336,0.034669889504972476,0.5252943144926359,-1.6017781486751397,-0.014185688463363775,no_gesture
0.0,0.0,0.0,0.34489754138999823,0.05229025544572935,-0.035024189264010644,0.6400099058250828,0.004736842782128723,-0.033445318973238526,0.8474215357283951,-0.19232341907123435,-0.052591060665364835,0.9226128060508254,-0.526022680398384,-0.06214415554350547,0.46653448735552383,-0.6859422575808979,0.27031628315524264,0.6115399783814055,-0.9654586983828403,0.27833864316971757,0.6985603234589169,-0.9862504878510528,0.25252131148347656,0.7440414352813791,-0.9086191190362309,0.23323313474344434,0.3653280493070788,-0.8992543971462127,0.24057623657104,0.5434089025396669,-1.2369552679585476,0.22567475273304388,0.6520427897117139,-1.2808759548049025,0.11964645715870913,0.720910908878207,-1.1904049727079604,0.05553966140049218,0.2407610303206469,-1.07930655166807,0.18186654780248682,0.4141723738056865,-1.4348691389277122,0.14533238082585087,0.5465672200675755,-1.503526751859753,0.031495195392033874,0.647371650939135,-1.4219459023607106,-0.037634718843844533,0.09438136618043878,-1.2346800629997645,0.11323907183350354,0.23674946568249988,-1.5353850513661524,0.08130772639224493,0.38258539746819814,-1.6237661753521868,0.013838406616901075,0.5243541967619432,-1.5996982355455511,-0.035752086291981094,no_gesture
0.0,0.0,0.0,0.35611477241256034,0.052357059865087,-0.009084679478717937,0.642748307995828,0.00982079805830291,0.010188481527405894,0.8489195159953913,-0.18212039158627066,0.0030723939455971666,0.9308913226073112,-0.49703820015587863,0.0049378902550983985,0.4608814771912001,-0.6760423873632138,0.3232398036674394,0.6049016600489531,-0.9550885487617086,0.341920552091962,0.6986316275664135,-0.9920601598918218,0.317307350290906,0.7550164860410287,-0.9345548076790111,0.29828279559702703,0.36021964773696274,-0.8882878888036863,0.2849322936926373,0.5419861707607849,-1.2266798791112887,0.2775866171385898,0.6585166191042193,-1.2769479439003442,0.16912640923939415,0.7341605714935877,-1.1912987856114783,0.1039732415510865,0.2371414604306451,-1.0650136306918874,0.21734414111883038,0.4140289193514567,-1.425430832532161,0.1815248313782319,0.5544740392566764,-1.493785632792438,0.06228747987321039,0.6593632023673598,-1.4090685985133602,-0.008138403962347829,0.09357995606070701,-1.221986843621514,0.14207908921566617,0.23600511914359718,-1.5221379782045317,0.10922686157080154,0.38341217531125743,-1.606661240181729,0.03836357610123608,0.5247285502318086,-1.5795068253942708,-0.012647815265465823,no_gesture
0.0,0.0,0.0,0.3539448627900062,0.05313796198275634,-0.018882735275498153,0.6453119476625376,0.010419800682558785,-0.003733036256480473,0.8540361397127416,-0.18727501250519762,-0.012252059544840578,0.9293336973755008,-0.5152768541009698,-0.01168693427695085,0.4651514715315703,-0.6767144158342492,0.3049980090322939,0.6099707926486037,-0.9630257695856764,0.32127091605588803,0.7015964542842101,-0.9978403466138186,0.29819997915479546,0.7549329978717022,-0.929433989276701,0.28048792430302594,0.3637430721066887,-0.8913612905943329,0.27049215723268677,0.5438585897991872,-1.2347836945669766,0.26102715456143755,0.6581587759505406,-1.2878131738399052,0.15399181749876037,0.7324532325833315,-1.1983174864835022,0.08972357044171018,0.23872475782075014,-1.0714644310649049,0.2068565363809132,0.41446765783171485,-1.4333660273740632,0.17021008500313198,0.5529345518128556,-1.5088900153908926,0.0520768961931028,0.6583027521644227,-1.4276106191781626,-0.018293186182332277,0.0927909406764086,-1.2303588377281929,0.13476171002903334,0.23597027988815852,-1.535510143431703,0.10059156762194074,0.38344815546785177,-1.625671288484634,0.029676573216330628,0.5253500925695818,-1.6002699527676614,-0.021456504914751578,no_gesture
0.0,0.0,0.0,0.35568292973011356,0.05053442874509087,-0.021843779249885478,0.6464144401641566,0.008025089011972793,-0.007583476252205804,0.8555139842968983,-0.18895133246080364,-0.016742823595295147,0.9307378950599613,-0.5183535204957397,-0.017550523556919738,0.4682501675728643,-0.6766068092465202,0.30375956019183903,0.6163420462895767,-0.9599519489079069,0.31773553748849065,0.7078963797374273,-0.9969199223874509,0.29192489532153987,0.7607018066667541,-0.9318058740653996,0.2723389426509783,0.36502375290429245,-0.890964207871025,0.27007484167989787,0.5479354862138455,-1.2358433792155672,0.25711842676738894,0.6618088384215071,-1.2882854319149675,0.146869378567306,0.7372264156697506,-1.1992282526406073,0.08070133284378711,0.2398531285592268,-1.0707549522277378,0.2067600584633713,0.4170305551524624,-1.4336002748085654,0.1665658681539647,0.5581081495956934,-1.5099099521267831,0.04526604661410521,0.6661419218336121,-1.4302456881364867,-0.026963115183447618,0.09476607520536762,-1.2309699536044154,0.13478414520329374,0.23878224546403887,-1.5351882383414994,0.09773666092275236,0.38655884893730325,-1.6220502887763335,0.02443448901115112,0.5284965984632628,-1.5940563156344647,-0.028391964208608466,no_gesture
0.0,0.0,0.0,0.3568694851385569,0.05224701080417354,-0.01952489568244313,0.647197550696938,0.015122181801993373,-0.002903644580223045,0.8568252945799498,-0.1814141616095426,-0.010239459532127454,0.9305440210389648,-0.507818652803413,-0.009005516030020819,0.46671938556987136,-0.6720356524570394,0.3122137188049982,0.6112240737612314,-0.9473954135986147,0.3279595041709576,0.7056735035024474,-0.9878498872972983,0.301648926794089,0.7626530623978659,-0.9355046568855581,0.2814877835556722,0.3659669853453206,-0.8881755382098703,0.27787111933927977,0.5450793522627267,-1.229539239412438,0.2679080361048166,0.6609004591695958,-1.2849547420014416,0.157700736802868,0.7384381094813249,-1.2051138418922787,0.09085102815584037,0.24100527073725558,-1.0697246608357358,0.21338098897990534,0.4169253185205896,-1.4309883820839195,0.17362239665362578,0.5564068013375734,-1.5026374031457144,0.051471428235447175,0.662241702477365,-1.4209787127439233,-0.0209084024098912,0.09447343897862115,-1.2335134957556373,0.14042906890852686,0.23937628035694938,-1.5343019495198476,0.10332387245984968,0.38804056892874955,-1.6206533545053703,0.029058739751693142,0.5317373099037946,-1.5945105689580945,-0.02439840994136425,no_gesture
0.0,0.0,0.0,0.3497530933813506,0.06116557069063118,-0.02620281098973763,0.6483233580762334,0.012079762299360069,-0.01775897807503351,0.8573577782978276,-0.18808551613612237,-0.03154128121889423,0.9353779132120452,-0.5142427704372061,-0.036570585089078976,0.4730015549092555,-0.6795054494581064,0.2821300749077561,0.6184562880895268,-0.9700557728629184,0.29218798263150164,0.7075105211247366,-0.9983509497800881,0.2677336936551962,0.7579067606382228,-0.9288424661945134,0.24945075124590355,0.3705248129308917,-0.8947128687449762,0.2493997303620468,0.5498192219210791,-1.2467970863420537,0.23437618011611322,0.6614724703623917,-1.2889214703858871,0.12880459578402254,0.7346024956958398,-1.1951084095763227,0.06594078476086246,0.245033176817012,-1.075487365345669,0.18789966648143486,0.4221073625859826,-1.4466043234873136,0.14814003040269824,0.5602938575747332,-1.5120021258392955,0.03189215972619053,0.6666170646755968,-1.4261834844021908,-0.037123087555053905,0.09782954964219068,-1.2337607111595856,0.11742343860084441,0.24224779918999742,-1.5385629140244426,0.08210681377955412,0.3921716221159203,-1.6250737686226442,0.011997276984779938,0.5383055320821067,-1.5985915659104282,-0.03856591362487498,no_gesture
0.0,0.0,0.0,0.3503417170303475,0.05560726671042237,-0.01871307559478765,0.6500627706144848,0.001959711432400445,-0.014076412069802455,0.8572877004769682,-0.18622352547658674,-0.033894079492223304,0.9418611103878529,-0.5006113053853338,-0.0433467234584153,0.4688089292447384,-0.6971453289792494,0.2778068461255668,0.6288294100388077,-1.0332387504587077,0.2857258304446575,0.7158417255812147,-1.0160237807221382,0.2641867197737264,0.7556064754928719,-0.8897875825247142,0.24865904939138353,0.365678842225027,-0.8985437012808818,0.24268947492097043,0.5585379520671333,-1.2697529248495352,0.2195850238218709,0.6666202582570424,-1.2748807030182725,0.11137117345747363,0.7231628087099427,-1.1395605546497922,0.050770060537108606,0.24004209159256423,-1.07062463045855,0.18099475678820143,0.4267049693815582,-1.4483464561305337,0.14035806764059952,0.5631708903643404,-1.4928751313642146,0.02221879628121137,0.6589878990179505,-1.383917941004382,-0.04619173719107686,0.09451223234529472,-1.2228643000520685,0.11159602314634105,0.23899783392249596,-1.5309414161874118,0.08026425655176521,0.3879329919621598,-1.6126263802746583,0.010463681551913684,0.5286754573787925,-1.5789801798333403,-0.03962587328470864,no_gesture
0.0,0.0,0.0,0.3652702950469986,0.054368942185960736,-0.012023092473476403,0.6593560639895913,0.015281736781164628,0.005003477139598446,0.8668622838781389,-0.17472424077817908,-0.004777670120326701,0.9469186359969617,-0.49419892249566805,-0.005439712261252608,0.4718540950846172,-0.6719619412081521,0.32215956172210974,0.6242508948588621,-0.9732647162373127,0.3380432342191218,0.7141007355840758,-0.9941986824645791,0.3138597942555226,0.7618608299029149,-0.9134774375346675,0.2964465525924549,0.36602504813065795,-0.885658454089348,0.28571794980542414,0.5577301352022933,-1.2422152309340948,0.272429633230697,0.6694030281102572,-1.2710005325854565,0.16128688847867118,0.7353125182955795,-1.1623468350269404,0.097599129477445,0.2404360749668109,-1.064906821013999,0.2197740299586411,0.4267478985509717,-1.4296747404027426,0.18266936681740917,0.567733175768139,-1.4842625683035569,0.061824766687550624,0.6686166134641651,-1.3870773109085723,-0.008141879488143882,0.09575719281889591,-1.2261827673951295,0.14559909902236093,0.2448485620781152,-1.526785327754533,0.11501823905291486,0.39369578957845935,-1.615042024543459,0.043242269128666376,0.5344526643105616,-1.5911468786620697,-0.008159145076888101,no_gesture
0.0,0.0,0.0,0.35799299879777463,0.05287959165915251,-0.020968857914321723,0.653170773316702,0.01388902036152056,-0.0138342629127712,0.8618535889424265,-0.17342595860126805,-0.032370503284195655,0.9450216702957814,-0.49815661057197047,-0.041271259312978405,0.467298549451109,-0.6822047732191994,0.30631914002993466,0.6178742428229912,-0.9859962824030775,0.3168841757087403,0.7173457322848609,-1.0018814660232005,0.28794079570389836,0.7729223851594459,-0.909426854088787,0.26705402281485696,0.3634212844938312,-0.8913956296595442,0.27081133912876976,0.5538462226298492,-1.244159261127942,0.2547726963254886,0.6689330793862178,-1.2661545263601992,0.14065981405564493,0.7337687118215455,-1.1442067308513613,0.0740074960396835,0.23755059103898363,-1.0714294249733154,0.2057388827146457,0.4239501414334178,-1.4357549339539062,0.16915368768444572,0.5645483246347257,-1.4840794235875394,0.047895488474312534,0.6628705692024952,-1.374692321914071,-0.024264014472133888,0.09097493846999488,-1.2368600774789849,0.13152539954550424,0.23734855022333565,-1.5384115050377325,0.10195732311418904,0.38625354972327725,-1.6199434231312762,0.031045272969675238,0.5258560390503775,-1.5855288926346032,-0.02094333017206051,no_gesture
0.0,0.0,0.0,0.35824323394399316,0.051685061599852845,-0.022014742331676485,0.6594997297023314,0.005176713776457036,-0.019870833247777355,0.866784562546017,-0.18542188689519332,-0.042833471559475755,0.9572737190032109,-0.5005562790273973,-0.05599173130738481,0.4790680366507124,-0.6868736094854089,0.282345115430301,0.6293173292648571,-1.0133681561819035,0.2896362147293656,0.7154503487365415,-1.0102965851167123,0.26469347161358814,0.7571522498058434,-0.8901200731975246,0.24669665500730648,0.3680696363941834,-0.896661765352976,0.24601301046639212,0.5584286633958474,-1.2606614222007995,0.2259001677384888,0.6687490110123235,-1.275489849293082,0.11479762410516327,0.730460489499809,-1.1451336746742107,0.05045888804721396,0.23770126126434066,-1.0722788779765196,0.1817676730170536,0.42320762745520013,-1.4482561091862827,0.14467084094973157,0.5609610088473435,-1.4901227171536995,0.026387204802582477,0.65963966586605,-1.37344220619653,-0.04417242853616378,0.08802132582886585,-1.2288853762317284,0.10889402098422453,0.23535451146459344,-1.532147931763746,0.08037953784423778,0.38269712476788925,-1.6177596566757386,0.011685799211451879,0.5233383301357437,-1.583891407931281,-0.03893551228570586,no_gesture
0.0,0.0,0.0,0.3625313655667237,0.047665610098140083,0.0025497047779286593,0.6626460603791291,0.0003642282711660739,0.019575801223256587,0.8700377485767318,-0.18316037023240855,0.006907973402731649,0.9527671498383905,-0.4856722253011471,0.005121910517906383,0.4746528454899879,-0.6856803649875656,0.3244990586156435,0.6318328278862025,-1.0198406338734478,0.3443451677320639,0.7294050841760242,-0.9979441739603089,0.32565012870489696,0.7783254016839958,-0.8640132360186381,0.3112003489744375,0.3647895439827442,-0.8875026416399842,0.2815450757568142,0.5664129328291969,-1.258053664910096,0.26801994460619843,0.6795222160445553,-1.2483013423539948,0.15846415654917706,0.7398880751870354,-1.099239816422982,0.0979358370359997,0.2349895371064092,-1.069535305109744,0.2122734575159247,0.42799568320133646,-1.4494205994587275,0.17993709280553205,0.5739059710129889,-1.4735750534618384,0.061778197500803565,0.674974523784328,-1.3391733467931644,-0.005888497798876892,0.08887741227201981,-1.2376406610325565,0.13653096967094236,0.24614181599829252,-1.5449988165595436,0.1146558685386336,0.4011233416180915,-1.6052369377506472,0.04937613040049871,0.5442593380788737,-1.5443116490519992,0.002155867515223472,no_gesture
0.0,0.0,0.0,0.3718226413965152,0.050336783396661304,0.01643498841670813,0.6641903404066062,0.02256573046987066,0.05084434775977512,0.8727014698766149,-0.1586416793266985,0.05217876080659056,0.9567074313238587,-0.45801827189483857,0.06300925385347642,0.4754168107644881,-0.6552771144980852,0.37794734607406744,0.6297644398472462,-0.9560680486977715,0.4081135740278027,0.7294084735097132,-0.963427119833519,0.387054196604555,0.7837475232034051,-0.863890478873734,0.37004168660721753,0.3666539761399958,-0.8693522175264228,0.33134810043611485,0.568706806886117,-1.225922147829517,0.32676664116239845,0.6882374638695603,-1.240520187112764,0.20911945508246574,0.758363609271562,-1.1133771743174363,0.14143450192788642,0.2397740109937762,-1.0594262488511037,0.25626109834142435,0.4338696503543928,-1.4256191547770127,0.22308964770532946,0.5839269133339552,-1.4593854099361947,0.09418592648383932,0.6887974532626183,-1.3326819151316027,0.020130570144461724,0.09702571483584588,-1.242332784358715,0.17565122388357768,0.2529064990891377,-1.5382496003543495,0.14853865355004264,0.407844511726091,-1.6016374523359345,0.07479788253489679,0.5530326300916051,-1.5467290186902876,0.021863008546885804,no_gesture
0.0,0.0,0.0,0.36294688398690556,0.05077537912036962,-0.0056651362980280244,0.6560322544455294,0.018976153225430455,0.015007314845913937,0.8654435746679661,-0.16617716748288186,0.007543756947041131,0.9433371972548737,-0.48119186921854623,0.009692109746603743,0.46949976970889334,-0.6703023128725581,0.33573216081347407,0.619070328542918,-0.9646838115667311,0.3564065380601574,0.7164355695823371,-0.9682538007500943,0.33282118804064115,0.7670555086314652,-0.8660732169376751,0.31515640002708306,0.36469851761990085,-0.8825022059768244,0.29695930309031293,0.5580734816246495,-1.2335914687744418,0.2869474181832813,0.6724658260339483,-1.2482666245569458,0.17244701726219333,0.7358901409515639,-1.1192982907313471,0.10625051207638983,0.23849181128642316,-1.0676159334594433,0.22937501868355809,0.42492293003320497,-1.43042845710175,0.19460169539959035,0.5669192681316705,-1.4681512694851657,0.07043236183065743,0.6642527979301405,-1.3448667631702325,-0.0017179161338974713,0.09451929464072845,-1.2394278035248156,0.15433437670847058,0.24655104903672742,-1.534468456105997,0.12608989156419806,0.39884254232535454,-1.605739195185814,0.05404947896535168,0.5407818735109001,-1.5584714825787342,0.0020661754795492935,no_gesture
0.0,0.0,0.0,0.36613307746332285,0.0549616036589382,0.000549497647606205,0.6593793370037098,0.02755845512440307,0.025055547202523995,0.8701842951309718,-0.16333284915341773,0.02077910566792236,0.9451294774073019,-0.4791377588972306,0.026114251892268195,0.47506132893828884,-0.6597560106879039,0.34477499899165065,0.6220006842709093,-0.9471015398760411,0.36782096042329715,0.7149824084023161,-0.9749580953269683,0.3447286738328837,0.7635223421877773,-0.9021568432384968,0.32713737333741505,0.37117741342073135,-0.877550685421964,0.3035327038092198,0.559246701274125,-1.2214771286847252,0.2991873625140601,0.6725491150094622,-1.2619260307681752,0.18690534435628894,0.7372131482465661,-1.1602944288287982,0.1202103416337617,0.24345338432078817,-1.0648905475381107,0.23330097992879728,0.428886324409918,-1.4220835594064711,0.20041050823094983,0.5689923738008917,-1.4762627417145577,0.0775148993658004,0.664836965142212,-1.370185764659029,0.0054597757472334115,0.09591175592106169,-1.2418668229938692,0.15606708409228615,0.24889132311673615,-1.5368621217957432,0.12752094162058814,0.39891417670340706,-1.6120853470309482,0.056051250327060376,0.5378379454783827,-1.571261427376229,0.004350123302271853,no_gesture
0.0,0.0,0.0,0.3626328811690684,0.06083165006264103,-0.01885718313155238,0.6646835422201981,0.03955846398186293,-0.009602371766468951,0.8805477180177631,-0.15498864106796095,-0.025463643781048595,0.9572584909510179,-0.4967564260507415,-0.0318557110123214,0.4795744536870109,-0.6613336793087197,0.31207149203225193,0.630349229020003,-0.9336999264445721,0.32192964797266216,0.7355377750683754,-0.967929216510156,0.29100413254118057,0.7971119011844565,-0.9143119056300679,0.2689747330058731,0.37257013265773287,-0.8862534748881489,0.2752203744276201,0.5643990139342411,-1.2225439283183235,0.2617701928568618,0.6801007508398342,-1.257062407086712,0.1508649656566906,0.7503278455413323,-1.163694214838848,0.08528050301427784,0.24247159941004076,-1.0779499519985216,0.20810046418012404,0.4325593471477414,-1.4309218300312163,0.17061442546437278,0.5737196295896871,-1.4820932271227303,0.05379142594082,0.673957460089005,-1.385282151472732,-0.014826986273333334,0.08920102429953454,-1.2559075276886107,0.1316851625836191,0.24424161431086586,-1.5430696590780857,0.10124516816573963,0.397589268900524,-1.6297017424885019,0.03191500150928546,0.5440035211927148,-1.6089030359265928,-0.018681253264246488,no_gesture
0.0,0.0,0.0,0.3648630114156269,0.05412863196385399,-0.010253736596982633,0.6572243375741345,0.03547769803372961,0.007668121280658072,0.8687035276842802,-0.15066902738719115,-0.0011535635414827653,0.9393795630582265,-0.4770781318442192,0.0012680226981729775,0.46116881785924513,-0.6754234842105107,0.3362056281472779,0.6038583048014481,-0.9715546996747969,0.3552407755345238,0.6934596396078233,-0.9713789429470898,0.33250756784100677,0.7377035281983424,-0.8768732554093566,0.3163640580163632,0.35778242038109015,-0.8841451437664714,0.30046478066557725,0.5444943424369008,-1.2400406769203134,0.2910247018133414,0.6588268689166608,-1.2663694047450154,0.1788431717330381,0.7204673434227205,-1.1554561791510292,0.11385804669871026,0.22997804821903287,-1.062501590987082,0.2344743734005343,0.4103201764485713,-1.4331595792258378,0.19851230370077466,0.5523282823085155,-1.4836724327830502,0.07587898932289988,0.6480287455804938,-1.3778254411169943,0.005620567327153811,0.08303321338841627,-1.2260467412531846,0.1605266496662041,0.22901194123788826,-1.5361348909682402,0.1323482788524085,0.379313544560631,-1.6209465774339715,0.060957058133477265,0.518648668102771,-1.5924584469505345,0.009842625865128879,no_gesture
0.0,0.0,0.0,0.36218659991631713,0.05074245108351149,-0.02022736087751132,0.6596620102883589,0.024782930261036014,-0.009777823458484729,0.8714276499892014,-0.16962421689211146,-0.024062821507770865,0.9355791380967553,-0.49780738647811307,-0.027013556321341826,0.46844427583773923,-0.6862592660702093,0.312733554678705,0.6153625824015911,-1.0010431758820517,0.32468824884214487,0.7110558475857999,-1.0083735306248167,0.2986164971819749,0.7605213529392576,-0.9126513026437836,0.2808421947996159,0.3614365188214892,-0.8893242602333087,0.28011780204528336,0.5480594992561517,-1.258620581102569,0.26240430770052503,0.6610942851580693,-1.2748327372205395,0.15000439737358331,0.7200099637148594,-1.1447694870735945,0.08672466984982448,0.23019225067919555,-1.0601516322903166,0.217511396133925,0.4101480690754482,-1.44151787590242,0.1749709277845522,0.5497031840950397,-1.4803568019675188,0.05324093839907141,0.6403740789382032,-1.358099117802954,-0.014752294066555701,0.08130392050204653,-1.2158526763956488,0.14628440744801952,0.22537095962820464,-1.5247160002120643,0.11455011770473358,0.37489960743450984,-1.6043120380835358,0.042864448595274184,0.5108054100542276,-1.5691652229461024,-0.0075307184348534575,no_gesture
0.0,0.0,0.0,0.34640021080603295,0.04354946100877991,-0.0585466655180933,0.6569933372998934,0.009283568450054723,-0.08143701775555158,0.8733608908958235,-0.17212577648645416,-0.12098298797382488,0.9369396498969897,-0.5026901950955014,-0.14815634799580682,0.46437665618016033,-0.7157876438990998,0.21295324516651984,0.6071309971831167,-1.0477659792300666,0.19839888539425607,0.7012247897386702,-1.0229822642413897,0.1673080050642076,0.744527397257099,-0.8829478169431458,0.14820441939321746,0.3521728280545389,-0.916564944739397,0.18942803714058035,0.5342600345527647,-1.304148577472548,0.14288362381360006,0.6402452196556789,-1.2890494035996214,0.03158161167636794,0.6886309441412004,-1.127692821816179,-0.02789888368345078,0.21951901853586445,-1.0870312650625784,0.1373645006959168,0.40383447669224004,-1.4828333356722088,0.07912793750090785,0.5365804573620649,-1.5000807919356887,-0.03728973484813309,0.6207937277798705,-1.3608648094419549,-0.10109759007930616,0.06678147185202567,-1.233785008051793,0.07432534066345178,0.21553613602272448,-1.5564869083415516,0.03439247100960043,0.3689607426112667,-1.648604371204013,-0.03684606438943572,0.510479314392184,-1.6243838200716503,-0.08676672422993677,no_gesture
0.0,0.0,0.0,0.342653946582459,0.03844425544599921,-0.0381059681255351,0.6483231829922745,-0.005352634432444556,-0.04262557294918792,0.8631198378287077,-0.1999635130306127,-0.06801536553138585,0.9246030462833426,-0.5406480358714918,-0.08038212572560557,0.46399049556766314,-0.6999131512536367,0.2752868750449749,0.60558163985789,-0.9994613039156505,0.28273942161437976,0.6954201196233898,-0.9895088684301263,0.26115039010459307,0.7346159373841966,-0.8715983831694409,0.24749280143384475,0.3533766471898516,-0.901951767964756,0.24820945486848223,0.5284133131825817,-1.257782659234563,0.2284697541971696,0.6255956408002357,-1.2556930291019701,0.127970458779922,0.6675200710047748,-1.1091164064557764,0.07456703888185948,0.2228864360032101,-1.0710204226985423,0.1915937200441955,0.3950831806130983,-1.4524015273813784,0.15621139102456194,0.5209636038108504,-1.4906297018525965,0.049981160585932695,0.6007837343144853,-1.3690338556976545,-0.009127444636729223,0.07538901787540511,-1.2165591303431809,0.1239490601932662,0.2122341886884357,-1.5258719640975058,0.1024278263590747,0.3577866964625557,-1.62390082071048,0.04133066688022229,0.4933802318477129,-1.6082707214270835,-0.0019321710738475905,no_gesture
0.0,0.0,0.0,0.3685896025753565,0.03795591595536965,0.029863566618554802,0.6542142941349223,-0.010730771490729268,0.07925611755179231,0.8590161262570861,-0.20848222366557684,0.09326724291664637,0.9261456186739704,-0.5136605135757496,0.11688675126063942,0.4419275176701285,-0.65425208234321,0.4249429956126308,0.5772449322236628,-0.9394620033308515,0.47248955883152266,0.6832176437152913,-0.9846448241493977,0.45962838712662624,0.7492746707921898,-0.9421132960018848,0.4494509879575068,0.33726407762375826,-0.8609625788716214,0.3807838753509942,0.5103428888319025,-1.2255000259115494,0.39583514364195976,0.6230656539868817,-1.257121558494738,0.2957061311392948,0.6797065793337792,-1.1405989190806154,0.24261410336816006,0.21303246377501228,-1.0323061915439458,0.3069389009827468,0.3814739420508101,-1.4325974017152916,0.28887501277197386,0.5190244597703226,-1.4797441297017253,0.17618145475298388,0.6016442384837484,-1.3635439496649953,0.11603560560842104,0.0731370977592984,-1.186735082411116,0.2269665011616384,0.2049366100650582,-1.5017800534491637,0.2137091155942456,0.3535412583719368,-1.5930734855716535,0.14987029008333122,0.48674433269982703,-1.5738522435101328,0.1062128195332096,no_gesture
0.0,0.0,0.0,0.3902595014138607,0.018941634550356183,0.02923849719124794,0.6733103951503605,-0.03472462671211247,0.08330268548288049,0.8724149107766176,-0.25602340476554664,0.10125998172820408,0.9408033144085541,-0.600888462856948,0.1288364873848403,0.44274829788020886,-0.6398685334803947,0.4611644972718771,0.5774422772274485,-0.9195715363791976,0.5202460563687649,0.6852520270372361,-0.9626300297031545,0.5134511336905038,0.756090440726195,-0.9199120740899166,0.5067799889877493,0.33005185017121047,-0.8461387582231514,0.41846739183733667,0.5042825132274771,-1.2133537479095988,0.4501798749000137,0.6229376408896868,-1.2594927752940808,0.35559411140303643,0.6925765077551962,-1.1635370592462244,0.3051100801492701,0.20046922141444462,-1.0220051337666507,0.3430260844867777,0.36113695728800005,-1.440581459052982,0.3409709959763767,0.5072418698818301,-1.5165122437386762,0.23570638231241822,0.6045480570225704,-1.4221759980257194,0.1771569019825236,0.05529540389033002,-1.1911231687597887,0.2600143829320876,0.18362373699555667,-1.5145387309821292,0.2572054030588885,0.3351239641015524,-1.6144290628087128,0.1998328286308272,0.47684331306928784,-1.596613429156072,0.1596681302395854,no_gesture
0.0,0.0,0.0,0.3842890219360639,0.038028960110458775,0.021600070101664218,0.6635263975729166,0.003783265180654008,0.07400845559748988,0.871411298078811,-0.20565784775289872,0.09579319675818111,0.9531931931466894,-0.5685099307289516,0.12789779147936434,0.4778683604337913,-0.6255782702934825,0.4442617721104697,0.5975686117607482,-0.8928855861370856,0.509198276601635,0.6927934757471992,-0.9702819392610026,0.508882252709804,0.7576423361587425,-0.9645312607109355,0.506214137779485,0.35999081727427845,-0.8386691298921569,0.40870610717742956,0.5127825500933898,-1.1867284439297747,0.4567564889231231,0.620935073700629,-1.2670051883806648,0.38059396416250274,0.6965110642526451,-1.2215608986062167,0.3393656342850079,0.22934529542133691,-1.00733044043443,0.34002348361964435,0.3659242718462835,-1.403749439076189,0.35165786305163865,0.494531290741812,-1.5046017476314795,0.265661654514448,0.5907627760771221,-1.4521683048601879,0.21759072625394926,0.0870804149693994,-1.1604963859578854,0.26292786290892123,0.1973970211108223,-1.4689292088897414,0.2666122522159112,0.33526192518468734,-1.5856399084817565,0.21907961557875863,0.47167797293459873,-1.5957663857327598,0.18700285225084684,no_gesture
0.0,0.0,0.0,0.38676929329661847,0.03648005226915991,0.01921304846086835,0.6701286420363876,0.0016634317168291153,0.07636411063356857,0.8800161867605627,-0.20634031833719632,0.10401195810164507,0.9549234357801599,-0.5659788297713552,0.14258539035807002,0.47963993489160206,-0.6231457719401382,0.4525574570052232,0.5993863254417845,-0.8949592999452558,0.5231245178902462,0.6849964252164445,-0.9712353768322262,0.5272308199742822,0.7422492254387041,-0.9661372599401638,0.5272791491640034,0.3608592205454284,-0.8322850991242907,0.4208112602141422,0.5135008627345153,-1.1803717997270433,0.4757908640977096,0.613643844825248,-1.261647610704841,0.40212506263041714,0.6835878448887935,-1.2238217833649074,0.3619997415194493,0.2287293033054257,-1.000187148107959,0.355310981662025,0.3657622054977711,-1.3919441953018963,0.3719598202769935,0.4897713667199322,-1.4978302280352254,0.28499017274697663,0.5835457868524646,-1.455230838136456,0.23561035635863575,0.0864779377316828,-1.1540665621081605,0.2809910570912237,0.1956868405008344,-1.4562738410440181,0.28780726533299783,0.3321419706335267,-1.5780278215972696,0.23919799320894497,0.4686105331043947,-1.5997286715111017,0.2061202478268809,no_gesture
0.0,0.0,0.0,0.377576656598517,0.03609253464976782,0.029566866445316184,0.6568562531197214,-0.0060785946254641905,0.08898097872665943,0.863756034503493,-0.2112635307144223,0.11897033321593026,0.9435010290380502,-0.5611045932718078,0.16083002693072038,0.47726182173150516,-0.635256956174542,0.4437858455927086,0.5901282146463624,-0.9222430782698516,0.51979005207761,0.6697239040385323,-0.999123325464903,0.53409039222656,0.7208396375202771,-0.9929401451116796,0.5418052125307982,0.35499767989658465,-0.8400278770377491,0.4102801397429485,0.494552186692997,-1.1952872015739524,0.47191922603976594,0.5858499371001218,-1.2804650640251702,0.41420904686240645,0.6507562003880444,-1.2526575222161493,0.3858599583518453,0.2221947227877024,-0.9980983853328612,0.3455666613105274,0.3482057384797135,-1.3925834886663275,0.3688833280336038,0.4630964061873759,-1.5064593141742835,0.29781928700348925,0.552634411564839,-1.4764046217801978,0.26021355014522995,0.08111560852886689,-1.1362211495802912,0.27325185161250387,0.1862994584589151,-1.4450433290700007,0.2863798623893647,0.3176353302556414,-1.5699219337786854,0.2488808751015079,0.4503378490018309,-1.5947098331789842,0.22527251788210945,no_gesture
0.0,0.0,0.0,0.37908455232870486,0.04068818837536623,0.02594462849108095,0.6642228459944763,-0.003442689677259138,0.08768599009336361,0.8732997158420052,-0.21912369840005969,0.12103788933417528,0.9420332120985931,-0.5697075447027619,0.16605644973710595,0.4667512013926468,-0.6405010408922375,0.44019008186527103,0.5899584084917833,-0.9427680280364306,0.5121759337936393,0.6719650701273088,-1.0279126262181062,0.5239629264197204,0.7200136298785264,-1.0184255445947823,0.5310201850820352,0.3490031217036959,-0.8428939382093358,0.40954439316273206,0.49791530761501496,-1.213565609021289,0.4612395556088089,0.5902035597844516,-1.2919196075303703,0.39504118800790633,0.6452441260323517,-1.241234349935483,0.36389293915539833,0.21605912497308996,-1.0017016697193464,0.34793302041327534,0.3506457264988812,-1.406377009570378,0.35913565984657253,0.4685747989265825,-1.5123589208229786,0.2753472085416145,0.5527278558204409,-1.4644867970950342,0.2329117020493988,0.07309910308657899,-1.1392196974458655,0.27929749353944516,0.177752458374676,-1.4601429713650236,0.28362632767553636,0.30982174800229734,-1.594412243224989,0.2365950090874266,0.4383457307201152,-1.62367947992855,0.20773812739615602,no_gesture
0.0,0.0,0.0,0.3805989680167129,0.047872243778475695,-0.012120973261710213,0.6914299027013744,-0.007142916119052408,0.01351725896012649,0.9086754086040065,-0.23562716341084933,0.014800008475601372,0.986241959198957,-0.6181252806870094,0.02729324351814411,0.4903037139527931,-0.6532360904355322,0.36234878674402343,0.631834915417421,-0.957686308105217,0.4018291416360925,0.7209798048143916,-1.0221927608740873,0.39493753613038934,0.7681110743270949,-0.967646063479114,0.3913101496743966,0.3622739732464664,-0.8697555931636951,0.33508619259630235,0.5287559196742313,-1.2477794387224928,0.3547695059526628,0.6218222874552504,-1.3003920227270638,0.27109951148151057,0.6718930075654975,-1.200914237718522,0.2291058135715887,0.21990893884848814,-1.042155858343397,0.27652935100280546,0.3715757586329557,-1.4587520573690294,0.2732315891282771,0.4965976365397073,-1.5657623858854797,0.18081441476927307,0.5854774049653693,-1.5003917789856833,0.12855476476680386,0.06374662250835449,-1.1877677244793492,0.20752950994903807,0.18116716569019553,-1.521913386010418,0.20564360252509456,0.3192885589798763,-1.666558005943684,0.15427324008373064,0.45284793858670813,-1.6943833899445453,0.11875488264481555,no_gesture
0.0,0.0,0.0,0.3864922845882587,0.05050005939071098,6.527838224265632e-05,0.6915776879990768,0.0046335640399322075,0.04027788291236918,0.9078452318365884,-0.22564741806613842,0.0554461356693095,0.9850631017418686,-0.6028619809766619,0.083973264125505,0.4835858249836005,-0.6372552314910771,0.39804335090689774,0.6110048634825362,-0.9376552379009548,0.4562277886456568,0.6840034546931714,-1.0130109046377418,0.46265360973243064,0.7212571658039699,-0.9835822680967071,0.4673756113974409,0.35699478966106646,-0.856261220378072,0.37332482187969324,0.5083559268611513,-1.2251284065095454,0.41513366184262046,0.5945386289642111,-1.2988537942026426,0.3451535839251666,0.642274326824934,-1.2387442065151864,0.31065494129979543,0.21778829264607738,-1.028441614964241,0.3168562868852675,0.3587695956471302,-1.4330054424909628,0.3285028600082149,0.47561149418669935,-1.5504029374045534,0.2448781334480625,0.5580086875936258,-1.508813607193926,0.19879357077683668,0.06709398459765256,-1.173004878245204,0.2507443619151892,0.17590007163839386,-1.4981004530047595,0.25979176742493926,0.3097274801633255,-1.649191642630541,0.21446627860468692,0.4389899938630916,-1.694820160372018,0.18407989095976215,no_gesture
0.0,0.0,0.0,0.38089003063762733,0.044990481992835896,0.002143752058186464,0.6843183569820687,0.005347646655989972,0.04402918172435564,0.9025104174276062,-0.21766255514440555,0.061503367336619194,0.9718555135902937,-0.596321769993137,0.09172284791690868,0.48215045305997645,-0.6427240156763987,0.39445616333465505,0.6106788018978535,-0.9352998312781936,0.4499418949552899,0.6914089194554426,-1.0072738583364633,0.4538021275980336,0.736578783343483,-0.9789386566030807,0.45702743285725395,0.3573716554179861,-0.8580649370776348,0.3687953953912139,0.5070541073132654,-1.227919975809065,0.407028204506253,0.5927293423106946,-1.2939715828089096,0.3363086767491314,0.6397512538288039,-1.2249386674942118,0.3020024058360061,0.21809560745790724,-1.0254855348091774,0.3117917970978979,0.35381031433623084,-1.431130924405576,0.31926420351914,0.4670647174249511,-1.5445836806684703,0.2354001621599397,0.5476400593996622,-1.4998899770991136,0.19016934599441895,0.06708084584253891,-1.161176011044065,0.24544939889751594,0.17287859712411158,-1.4846693763324055,0.24996200404788485,0.3044720284394184,-1.637609816680377,0.20292532404651858,0.4323023844787827,-1.6860579551411956,0.1721997763819668,no_gesture
0.0,0.0,0.0,0.3777614111583408,0.05108041201373341,-0.00478124726600544,0.6826078343303764,0.003103098532778239,0.03279154285724616,0.9000469204208441,-0.22104767356488456,0.04632335981441679,0.9762450402215666,-0.5948461834514689,0.0726067984250147,0.47471136093556054,-0.6475192628619189,0.38805891125194947,0.6028426224161176,-0.9521815975238653,0.4425424379730111,0.6841301482288727,-1.0241315354467757,0.4458548994629607,0.7255679814502872,-0.9871342716854388,0.4489737473713464,0.35142977545031084,-0.8620189684798103,0.36526756071125044,0.5024576112190731,-1.2403246290191585,0.403491766847723,0.5906737306072639,-1.3021266878233881,0.3314710981960382,0.6350882901260474,-1.2232783347693184,0.2964032036772916,0.2144509485688561,-1.0305746332999066,0.31077066588245017,0.35521302067098104,-1.4426899594238383,0.3207294346092983,0.4712187718563328,-1.5487890704294482,0.23541527913816174,0.5496191636281667,-1.4925153253862038,0.18843781523915704,0.06597866118452216,-1.1674218067182027,0.2462211190728085,0.1710105869543886,-1.49308041675529,0.2539797141734998,0.3043448008435695,-1.6478754654462004,0.20654122738434563,0.43201678412528666,-1.6965619723676635,0.17467871982063993,no_gesture
0.0,0.0,0.0,0.3822423608848966,0.049460262650533826,-0.012130416222932051,0.6881673616081243,0.006662584527997914,0.021008838598926393,0.906154175500205,-0.21515800387425696,0.030928879522926372,0.9847373531139565,-0.591401686558681,0.05255816521266606,0.48254589790996033,-0.6485150819778803,0.3803775932874538,0.612185179298094,-0.956651459834333,0.4300645088160167,0.6940679713596458,-1.0331964450225823,0.42777450620486074,0.7387670772042138,-1.0015816050808797,0.4264439430807392,0.3567531000959856,-0.8627200957408555,0.35838700028989856,0.5067458526108184,-1.244841815361665,0.3907274661366463,0.5978742041894848,-1.3152959342136763,0.31154497079666166,0.6496338589835211,-1.2443482484290305,0.27083055959707886,0.21732518381482133,-1.0313560966826827,0.3040473106633387,0.3548220811204978,-1.4433255272888448,0.308239736856018,0.47516098329761547,-1.5581835982009589,0.21629395061158657,0.5610911380192819,-1.5105773413919195,0.16412998871955695,0.06702456845153867,-1.1716641630666231,0.2390568800665159,0.17188553788377964,-1.4980306499268274,0.24096186442958809,0.3051436778194917,-1.6514946840970057,0.1886263775956541,0.4351932533180359,-1.6982071333016744,0.1526498272032232,no_gesture
0.0,0.0,0.0,0.38237807878348234,0.053166573050825026,-0.0172269413959721,0.6913654457637777,0.017135075799871478,0.011128758335720886,0.9152267282644506,-0.20352492743941208,0.016490672455422888,0.9975078274506491,-0.5845513315542151,0.03456118013609734,0.48585684830368814,-0.6445773780388621,0.37692191156628363,0.618024852773191,-0.9476614580329841,0.423460487267101,0.6976300098503353,-1.0231060828580638,0.41934470737733803,0.7386250903085847,-0.9891050204089518,0.4172647766544496,0.35961282998579186,-0.8626059040429858,0.355794388404022,0.5114735987987358,-1.2426996957596614,0.38415147841169295,0.5979970686040355,-1.3099252186362638,0.30240973143775957,0.6432778346016446,-1.2354089897126492,0.26099728968204366,0.22015986923745245,-1.0343625956749185,0.30177423831012073,0.35812268173354334,-1.4459513175517802,0.30319584453423887,0.47499745280884764,-1.560502415648273,0.20924432109462543,0.5560032534136358,-1.5127329583252047,0.15668833748802746,0.0693104846466455,-1.1761085639717976,0.23675890236295813,0.17413105840016158,-1.5046353681441773,0.23844804050882681,0.3068610068793867,-1.660960065309933,0.18536041896226657,0.43474409244528645,-1.7112682369415904,0.14909089328751537,no_gesture
0.0,0.0,0.0,0.37774806428072033,0.036024115724935295,-0.007553610291622425,0.6809526383667728,-0.012995939287339078,0.026753916470270506,0.8975679409063431,-0.23201096710914562,0.03629632108600981,0.9761058592957403,-0.6046332611064771,0.05802205406228178,0.48109908185058825,-0.64473434970266,0.38925855204826504,0.6145392811401879,-0.9368623129432991,0.4402562438572018,0.697317567564386,-1.0164474286769918,0.43712279334600157,0.7413902127972656,-0.9958197304947353,0.4351766872980666,0.35291256415040784,-0.8612833906090845,0.36557300656052577,0.5050733689932768,-1.222026027945658,0.3999970779700119,0.5881891756113132,-1.2836749478571041,0.32166215642335316,0.6299550877402931,-1.2119881434971214,0.2819555316119936,0.21317186241364566,-1.0315151734598036,0.3096160691762166,0.3503027593721746,-1.432452268057448,0.31721794445107154,0.46305031654930384,-1.5420584214449666,0.22725135322935414,0.541945332433241,-1.496103343452253,0.1760460761478263,0.06272049475998188,-1.1738007360445852,0.2432128300257157,0.16282996311741563,-1.4930662264375374,0.24926355717605833,0.29419383907291874,-1.6455952351282295,0.1988979392270549,0.42348214466742967,-1.6985537159606277,0.16390304361355873,no_gesture
0.0,0.0,0.0,0.3659910571845455,0.035356127157945075,-0.021943438425420903,0.6714404027113039,-0.011186948094464804,-0.0010437702389196478,0.8904116905850211,-0.23114765386080827,-0.0011222279491422166,0.9754500991279972,-0.6021261407742079,0.012133720413532213,0.486976873983056,-0.6641233931618905,0.3454208642303,0.6174903280859448,-0.9694279274783613,0.38675050082922857,0.6961982299412777,-1.0379465740581573,0.38267220810288166,0.7348293472498009,-1.0001658934936852,0.38042648243607224,0.3566864667573105,-0.875706864446359,0.3254415953649919,0.5053054596092809,-1.2368201346755534,0.34985039466653384,0.5817225233444683,-1.288444390810491,0.27413413726087177,0.6200894072108444,-1.207383588887748,0.23640249503806543,0.21516002607880816,-1.0389282812240022,0.27428491958275203,0.34903573319146247,-1.4401459817765148,0.2747260765912352,0.4558144418617333,-1.5443197812601739,0.18842296780620638,0.5329542451828106,-1.4913452076059333,0.14002949443857715,0.06249120906796836,-1.1722493802079057,0.21209670916565943,0.1628474465287387,-1.489242624059162,0.2135496874893994,0.2928570704597318,-1.6420293587698074,0.16396583541239984,0.4233853818166635,-1.693791279587771,0.12983759447778803,no_gesture
0.0,0.0,0.0,0.3591869768840695,0.03964051941762117,-0.03130104921995183,0.6719984001409512,-0.0065160946376826515,-0.016863470789678967,0.8929303221287671,-0.23892384753038748,-0.020421945137038152,0.9708975347916968,-0.6219201253747859,-0.009860147132206816,0.4862287396206842,-0.674999004721819,0.31891422990896057,0.6168628100052834,-0.9803910188659875,0.35276839821238315,0.6892893415714744,-1.0411437302075432,0.34907655327412107,0.7218011130321594,-0.9911352896151685,0.3481115204887406,0.3585373303268074,-0.8835091258614001,0.30143421717142477,0.5049952582692993,-1.2516899893656426,0.3185788371337563,0.578260932367038,-1.3004821828880013,0.24508327648553968,0.6156424106330419,-1.2160760706605787,0.20940414776143654,0.21699855933431927,-1.042589863828037,0.25301665096177506,0.35345944218718844,-1.4484970354240003,0.24756439502833605,0.459272937278568,-1.5522562733598786,0.16410799217552388,0.5353904880411016,-1.496949495127919,0.11847729314895343,0.062277361222310916,-1.1698345231506646,0.19297945679005624,0.1655118991497093,-1.4924989821063523,0.19096825617751714,0.29438992317499324,-1.6478396282139833,0.14258704620496554,0.42307977241306377,-1.698647575725754,0.11006906988356932,no_gesture
0.0,0.0,0.0,0.35848728648069655,0.036799575719607805,-0.020509817571859677,0.6601342817281144,-0.02034314126688208,0.0034474374080909983,0.8755438045682056,-0.2471604058315078,0.0067453001074465795,0.954434148522933,-0.6229951876667655,0.02370910734972337,0.47360441457437286,-0.675192474709212,0.347700618513932,0.6079067987090764,-0.9878453442396089,0.3938393484659802,0.6759640564691008,-1.0394439308079007,0.3970592274637334,0.7022928977131077,-0.9838605936989876,0.39941633098834106,0.3493349232546892,-0.8775480159157605,0.32844264515581967,0.4988141407353088,-1.2470110739003024,0.35686973398312577,0.5698626641270991,-1.2950782223666855,0.2861764560042185,0.6023192382751625,-1.215438757239596,0.25198664211952837,0.21202188841682784,-1.0326267231049968,0.2782604968629509,0.3466128118834088,-1.4403588943366172,0.2827586722030926,0.4529499937957105,-1.5418669567332295,0.19925582292586544,0.5273992924524291,-1.4929998012820798,0.15242754827687596,0.06285078173439522,-1.1553573379879996,0.2172353601454014,0.16107568405885347,-1.4770026439054176,0.22141186445712682,0.2889647782762983,-1.6322834031849351,0.17336354187738415,0.4151190949990491,-1.6908867107428682,0.14065891104352962,no_gesture
0.0,0.0,0.0,0.36662104249008926,0.043661838789954895,-0.021387270542395323,0.6719370825263101,-0.006752766756205408,-0.0018750751913114737,0.88962226029881,-0.23532578786915156,-0.0038589582948631252,0.9829871105582628,-0.6213324726606368,0.007433430392246285,0.49373629665830926,-0.6583202323966435,0.3516550404540331,0.6248702982355584,-0.9750401255131131,0.39814944737211644,0.697458946955289,-1.0603708857108556,0.3984509101737322,0.7294078564498795,-1.0343192033635538,0.39894110051123155,0.36376142546430973,-0.870271989632803,0.33212086565696963,0.5112479043200108,-1.240693213089714,0.3664106633612875,0.5844378708413652,-1.314451206461737,0.29810380312258494,0.6197909692242307,-1.2569985912386892,0.2645805484793179,0.2231544459622003,-1.0329425468803142,0.2809530759895943,0.3554859760081756,-1.437853195526566,0.29302071469279,0.4611752876336604,-1.5607860848279385,0.21551732382934405,0.5362575420717959,-1.5290011710974272,0.17076066672048396,0.07009910979362999,-1.1670263915265555,0.2179970504368041,0.17089521908812597,-1.481311127241922,0.2283276959432986,0.29689201079613775,-1.6428142313684442,0.18581493877653973,0.4222888087744379,-1.7061820432861718,0.1562252889894694,no_gesture
0.0,0.0,0.0,0.38942784172343714,0.044383052623226296,-0.02056097732315918,0.7086904967946542,0.010868995237722731,-8.740268088544041e-05,0.9354871698833546,-0.223512851527223,-0.000968337961568485,1.0300266851859277,-0.6297076374623489,0.009975085640172368,0.5123217749775795,-0.6346713462420928,0.35733277488477255,0.6440960469914868,-0.9545138608607319,0.40410871490421085,0.7241745711663047,-1.0784538813627023,0.40129883035911323,0.7698214558332106,-1.0988386018136582,0.3983767517172462,0.37366672775269427,-0.8647209044731878,0.33560529485939966,0.5272785420521721,-1.2474167037696988,0.37241851807193566,0.6134598698221895,-1.3573647371896236,0.30217839488535053,0.6662951090974919,-1.341024755223352,0.2644301630258755,0.22662553123185167,-1.042690587661583,0.281625284134051,0.36490200394373146,-1.4627202988587966,0.29238451457714376,0.4852730325596032,-1.6111552207213904,0.21206645625361073,0.5776400576631306,-1.604152088006733,0.1636544680040052,0.06662009116675938,-1.196560800384553,0.2157622428381134,0.17632509521754355,-1.5229661986770573,0.22136054482981055,0.3104291175608329,-1.6876764533224549,0.17541278613516686,0.44887137774933533,-1.7518302574640727,0.142439062559723,no_gesture
0.0,0.0,0.0,0.38884563674078865,0.02232459763631134,0.006187677055190102,0.6968040086122143,-0.02499889438081374,0.043798831112474186,0.914530298149932,-0.26270803784931795,0.05560744139113232,0.9908544960308183,-0.6511935693584441,0.0805197715511792,0.4970509969933847,-0.6455783168856934,0.3922694118387259,0.6235550593148295,-0.9684391495640559,0.448723758313368,0.7091572172414483,-1.0702936330664867,0.4530237789307758,0.7625142541111741,-1.0658359580318462,0.454945737043211,0.363624590764412,-0.8581193993637534,0.3625027357510617,0.5174621622831793,-1.2444192520350095,0.40289938013685483,0.6083175407241255,-1.3202945225805436,0.33513090877527646,0.6627651049406725,-1.267143067456235,0.30128472594802086,0.2215878353124526,-1.0262902766042072,0.3020135344295171,0.3634629383891504,-1.447358299026108,0.312017894548295,0.4823136566698801,-1.5515718667749139,0.23225682555491975,0.5671360682762541,-1.4986500774805367,0.18847682489242906,0.06954423908100976,-1.173192017128119,0.23220868146997528,0.1824901178567856,-1.4995043881264387,0.23726289519395777,0.3254713547670701,-1.6465201908746114,0.19096224220412547,0.4692826255660667,-1.6880750629687968,0.15959561221398685,no_gesture
0.0,0.0,0.0,0.37863076329737627,0.01936009226671016,0.011220477111318454,0.6765447154807129,-0.04639276281320898,0.05359719238252791,0.8763030149316027,-0.27516691677883864,0.06969947318944945,0.9458979948137816,-0.6400580836557103,0.09860315003721473,0.4671419486121774,-0.6679736334438845,0.3984806614210009,0.5905667723738491,-1.0069371406801495,0.4633138819987038,0.6720544556615904,-1.07937578235865,0.4771374837201885,0.7205156784124395,-1.0374501249622765,0.4853451075276214,0.3382538153938095,-0.8651233918176107,0.3703320851634685,0.49597012069537183,-1.2644619088936704,0.41548408732810826,0.5903856785933609,-1.3284346987050857,0.3544096686476868,0.6463769765139875,-1.2491600491838983,0.3273315834706863,0.19884548890869716,-1.024439609843053,0.3125763935514949,0.3429470056654967,-1.4509632776757941,0.3290950123952704,0.4692578468374295,-1.55956382480576,0.25602513088368944,0.5649372962553781,-1.5100028620698651,0.2171792207695578,0.04801601818654999,-1.1616443149202655,0.24574624696191769,0.16460709307161134,-1.4887723458915796,0.2555762554995154,0.3097868896357278,-1.6232583852953855,0.21631422500932387,0.4562885578491077,-1.6492993697341771,0.19103846532904178,no_gesture
0.0,0.0,0.0,0.37133172228223865,0.022092393685418196,0.00979124529935899,0.6658996360372048,-0.05732109665405426,0.04887418419504507,0.862959705271467,-0.2991703253612697,0.0611921929859558,0.9297228379348992,-0.663469320290983,0.08572997221566676,0.43635498459694505,-0.6855122636598331,0.37855370498575897,0.5617961231649219,-1.0114121582571787,0.4362564381759969,0.6438325252204076,-1.0427677488371683,0.4497443373509791,0.6904743984336532,-0.9651333544734733,0.4578223997789269,0.3200264611324851,-0.8817426458157368,0.3465731534970375,0.48039513908699183,-1.2828497793891336,0.38422290027753836,0.5878793061201434,-1.3405609014723605,0.319005833620643,0.6509427743098082,-1.2523032406050256,0.28692900738495614,0.18857413464635078,-1.0389254964205152,0.2855553900622784,0.3406821929891877,-1.467498748682029,0.2956235488769243,0.47689048732781153,-1.5592606895016528,0.21770218930679205,0.5755940628115456,-1.4905983672364924,0.17450325952770523,0.042358286016394374,-1.1696888647367196,0.21595309349957115,0.17088709491474632,-1.5073579346772759,0.22060848758791218,0.3158060811071875,-1.6305516864896445,0.17875702084047984,0.45518570232677075,-1.6393077387842236,0.15069194448810402,no_gesture
0.0,0.0,0.0,0.372935770731955,0.02631263786916681,0.004239574351882296,0.6779468012866463,-0.04504630157639671,0.035783734007173586,0.885368431212466,-0.2784404439996133,0.03952416544409187,0.9576453534996158,-0.64417349373268,0.055631535860559064,0.4511850100176377,-0.6803334817985188,0.3804914241407736,0.5893451714889166,-1.0137974878672982,0.43070961558874127,0.6787373073103038,-1.0401067563051543,0.4354035141907385,0.7268101069663834,-0.952625088037035,0.4372660609431406,0.33286911425178045,-0.8766238210075937,0.3474605146189714,0.5100493493999493,-1.2807429297592199,0.3731009743404461,0.6157478480503349,-1.3216792738988579,0.2955463058813758,0.6737937900053597,-1.216207088718186,0.2575682756350322,0.20087594803255263,-1.0405694915385149,0.2842970382710925,0.36891697513121874,-1.4768045220204118,0.28510986677718503,0.5097326228567267,-1.5575417119479216,0.1975139654280957,0.6080193085763209,-1.4731000194847288,0.1494099868329763,0.05627605456367098,-1.1853775409861576,0.2121920037784545,0.19329098377050746,-1.5232951864854052,0.2132232369502123,0.3459267837252066,-1.6356735827096087,0.16624717548640922,0.49086455627831793,-1.630740360889225,0.13399081398719473,no_gesture
0.0,0.0,0.0,0.37701006121680614,0.0299203849614797,0.018883005496523258,0.6716445293407854,-0.042557386406099226,0.06913271664686066,0.877482854686296,-0.2899867872467504,0.08915510013775894,0.9412454590418468,-0.6450522393888808,0.11927124516173718,0.4513564418747587,-0.6480762284877298,0.417825773457922,0.579933125995308,-0.9434259670728735,0.47191900660840813,0.6871557862235118,-1.022455281886296,0.469020073875532,0.7641888377706123,-1.0107255884974733,0.4655835286494717,0.33941448095142507,-0.8603681302742864,0.3802163470036528,0.5048328818136943,-1.2301724214185135,0.41384818318263833,0.6209761057855764,-1.303063212772228,0.33081302908544596,0.6971461941900372,-1.2390610716682045,0.28617022572778755,0.2088934857640677,-1.0317343158066197,0.3109651319271344,0.3674601336847314,-1.4420271825548743,0.30537871655199295,0.5082663655708547,-1.5346111973086158,0.20808929367790213,0.6094978239336867,-1.4614057240607028,0.1558575843727221,0.06353698337480414,-1.188571697657749,0.23427832787402608,0.2029700073016333,-1.5098923407798968,0.2247773374584576,0.3536907598342782,-1.622531759981705,0.1697742682210378,0.4983071289240382,-1.6170886538212046,0.13320078949872713,no_gesture
0.0,0.0,0.0,0.34178207425354035,0.03498160355379247,-0.026052576818060006,0.6510171842063565,-0.06051534781837013,-0.022997618798082358,0.8522610226813203,-0.28265056490243406,-0.04115191842419583,0.9154426881398603,-0.6127629401448833,-0.04910490854760098,0.46148538470088735,-0.7150856060231252,0.2587225238001169,0.6042498591580583,-1.0531905190408724,0.2685728876289489,0.7021041014610131,-1.0379807596116708,0.251233964414958,0.7530585001445658,-0.9039929369646257,0.23898238882186176,0.3480921943743993,-0.9094817352084238,0.2273208691209164,0.5201872626126209,-1.2974455233972948,0.21477882491709158,0.6341108938032493,-1.2978337313275816,0.11808542605156858,0.6968244369511417,-1.1447998924142717,0.0631825455843919,0.21378398104645688,-1.070174157766256,0.16946856263641089,0.3807220056932968,-1.4821760449358807,0.14008067931748994,0.523924909503275,-1.524907510486076,0.03144685944900465,0.6259832713987626,-1.39683628462357,-0.033578117797026234,0.0619323617508752,-1.2063896854108007,0.10274510696167688,0.20311302850001653,-1.5222402763965899,0.07948634502369105,0.35653360902470743,-1.6119786268463039,0.01649805609864983,0.5023056868473531,-1.5754317278606662,-0.02981878256052614,no_gesture
0.0,0.0,0.0,0.2928327347303496,0.028158569371946465,-0.01625575093901257,0.5768100624741377,-0.08369543665112474,-0.028093917212929212,0.7580738305357169,-0.26821252532355844,-0.07186067076983772,0.8526533108393076,-0.5422046600166792,-0.11000316378204719,0.43239744052743306,-0.7495404540628385,0.25324705038565487,0.5820697213417365,-1.0270657630445656,0.2432819302246286,0.6954562676408736,-0.9785893672425118,0.19804478888579047,0.7698377106426352,-0.8320196767073765,0.16057681734892487,0.331488150572449,-0.92177751495586,0.20110146432051584,0.52877323918754,-1.1949803896782478,0.15369382565168452,0.6455821591530237,-1.102311658327018,0.02459269426777188,0.7177984093397615,-0.9242732082229295,-0.05097237670538774,0.21084027425786242,-1.0861320017828815,0.1257345159011266,0.41238868041963606,-1.3805830133082377,0.07350840060058098,0.556922992909354,-1.3225573669973885,-0.05217071093137365,0.6593541060755364,-1.175150362555501,-0.1292152095090723,0.06878730799676262,-1.226426677982156,0.04199656750579405,0.23203776428653686,-1.4851048184030258,0.005352552032039019,0.38654534277085995,-1.4942789716414555,-0.06372681826456862,0.5262829044529047,-1.427338801631388,-0.11602371264825939,no_gesture
0.0,0.0,0.0,0.016329685232730456,-0.4382192678676973,0.1602500180651891,0.12365129288435436,-0.8033124263410951,0.18642523536720249,0.28563486744388206,-0.982315427040709,0.18004745188585272,0.4299217401530895,-1.0128039141764744,0.17006814401357961,0.10697812221984854,-1.0685355334995397,0.01839927769274549,0.3955110094921447,-1.3148392414722958,0.009643919085794355,0.5584473406182784,-1.3215167090677598,0.026051380872678605,0.6668315370733618,-1.2573082016937367,0.03276556886132796,0.15520846291994994,-0.9834469899349041,-0.09350043329312702,0.46050385476945194,-1.3149924248946925,-0.1170115696224154,0.6509806539122631,-1.3363164991071883,-0.11434067607320825,0.7860515908834348,-1.2773181671253115,-0.12209177802180271,0.22623294007966954,-0.8076780153772071,-0.18356532592724983,0.5509079738930007,-1.0287851278985813,-0.18552855984824068,0.7210209345081944,-1.0341734171073662,-0.17807644950280882,0.8241151783095578,-1.0213168127968923,-0.18593291699262304,0.3103817462835811,-0.5690467747345415,-0.2616801976498365,0.5473130110433394,-0.6241066584349817,-0.2382678912896656,0.6088183711706053,-0.5623801103099154,-0.21520931952334676,0.6353909858819418,-0.50288704850453,-0.21089269101148192,no_gesture
0.0,0.0,0.0,0.017743679001283118,-0.4351839949244198,0.1626510437564891,0.1264606462411304,-0.8009733490619072,0.19369086992558907,0.28995198299217784,-0.9720185712080686,0.19230412722602602,0.43164102703650764,-0.9886534522521788,0.1865747600650542,0.11199913120660868,-1.0651276508349392,0.025626686166176808,0.40470390582585997,-1.3071401017923236,0.01973624684666557,0.5700883934218788,-1.3015685203103895,0.03684913626044625,0.6785036544775557,-1.2269367260361084,0.04359916220122437,0.16072384803963508,-0.9832349422901544,-0.08612126874941116,0.468671162939469,-1.3108670605379535,-0.10614854189282681,0.6612478909459852,-1.3235625683722114,-0.1053131218363898,0.7961529827021392,-1.2556448459096259,-0.11556146113937221,0.231454814287519,-0.8089943521658761,-0.176055951473696,0.5558826908459022,-1.0352176976873477,-0.17731284681964038,0.7284623717881156,-1.0370745217766881,-0.17629082751964475,0.8336885041939328,-1.0196814930234595,-0.18942014198245113,0.3144144479642838,-0.5715352243188521,-0.2535079741146304,0.5490032075095216,-0.6194127790262904,-0.23051261785633337,0.6087309103982373,-0.5497036760951954,-0.21160369230861764,0.6342547544327616,-0.48178512172217564,-0.21108185915724031,no_gesture
0.0,0.0,0.0,0.015059688887104922,-0.4340255704202367,0.15713036341317288,0.12420166690716047,-0.8002355977080338,0.1870435413839758,0.28849126590536844,-0.970125293746828,0.18467505748800492,0.4319805240757748,-0.984886303471201,0.1783697152552683,0.11228689391000157,-1.0643031162884464,0.03126408519574489,0.3983605880813608,-1.2992678094288377,0.02840888577737559,0.5595721171235609,-1.2949671589110394,0.04567894931071145,0.6655102944371204,-1.225572843843973,0.05202222695411029,0.1649647841091818,-0.9832249006285022,-0.07781641721309272,0.46468095101175866,-1.304940517350438,-0.0924242869520014,0.651935491203709,-1.3203131605073182,-0.09079548351240428,0.7832425926412016,-1.257504611169984,-0.10135907988132688,0.23659301616773218,-0.8111272298600608,-0.16633216953307067,0.5537533638760657,-1.0325053153516022,-0.16300310133076168,0.7212350964259754,-1.0342183281966846,-0.16079087152113064,0.8228310332464107,-1.0163291483810113,-0.17392067574462536,0.31803826679143815,-0.5764499605095413,-0.24324545113760193,0.5476029889111254,-0.6257215905513844,-0.21724322355688966,0.6060522774354005,-0.5550128675512643,-0.1970668524620323,0.6304813779254972,-0.4849709567627957,-0.19598602783099098,no_gesture
0.0,0.0,0.0,0.01663034105507617,-0.44436309042096667,0.16422713814823056,0.12467142917643848,-0.8072755440026191,0.1940566997277469,0.2874612779464972,-0.9776829434648029,0.19051328703364792,0.43273854460458144,-1.000701137155032,0.18299593897178573,0.11161945118762315,-1.0651394245042844,0.028105537760339045,0.3969472820989194,-1.30524414498298,0.02208237447997144,0.559030560963076,-1.3009186938622461,0.03831034395518935,0.6654693783257086,-1.2268232110748252,0.044522009422684965,0.16274863681757376,-0.9830502105426286,-0.08441057259676733,0.46309440848807376,-1.3129112332745567,-0.10423793606938549,0.6531160608781772,-1.3281224678041696,-0.10376830887262473,0.7861061989821146,-1.2627150751480007,-0.11403912183733286,0.23390294605324694,-0.8117738910586936,-0.17512333558058568,0.5511946007988591,-1.0332222242929816,-0.17344989788538945,0.7217177267538795,-1.0366923539486765,-0.17008850464809872,0.82513419550684,-1.01956788574613,-0.18204685687255273,0.31519373047080185,-0.5784826025359285,-0.25346678893665714,0.5464577239571907,-0.6263911503976182,-0.22759145869375028,0.6121807973941776,-0.5625012456619017,-0.206978613792574,0.6431102983536716,-0.49984603437133773,-0.20538721841019467,no_gesture
0.0,0.0,0.0,0.01239015759074323,-0.44644944647225626,0.15406514145164393,0.12317149434191883,-0.8141639614095719,0.17756944824707224,0.29238339714831246,-0.9827314016901976,0.1695927131529589,0.44048310688487413,-1.0016333863465037,0.15809037860982242,0.11408898724065039,-1.067791176180912,0.010418411499741192,0.4009185345595666,-1.3181676792330514,-0.0009520540211898802,0.5636143926137106,-1.3120936480455956,0.013536936085406303,0.6700373125321322,-1.2362517683988012,0.018647756370793765,0.16627329990202833,-0.9810727261057702,-0.0992445254464036,0.46597114989243377,-1.3216405224510992,-0.12481673766390966,0.6580156401682732,-1.3396702895005406,-0.12600992122765248,0.7925341175936926,-1.2736983590594708,-0.13737486462696136,0.2372652616274811,-0.8054206969074917,-0.18740986172635674,0.5530814230607948,-1.0400770381399722,-0.19189862265143254,0.7279212663927196,-1.0443720490828656,-0.190980766159876,0.8345457917347778,-1.0242567765562758,-0.20387602687877257,0.3178999798357871,-0.5692125281533206,-0.2636057107283544,0.5468777683024928,-0.6257621465357085,-0.24195439185776074,0.613158292819492,-0.5614592953062276,-0.22332727735758334,0.6450777456664496,-0.4958250609792277,-0.22311170084679588,no_gesture
0.0,0.0,0.0,0.008528012562395042,-0.444910290140754,0.1500124350234157,0.11992051370920047,-0.814484588165878,0.1739133691505698,0.2902919110790794,-0.978221466690423,0.16696329161399578,0.44048765509619414,-0.9908489108464581,0.1561763764395531,0.10885288366715225,-1.0638875111085955,0.011213553374415859,0.3965973909372756,-1.313210022505048,-0.0008279513214240601,0.5601169600894328,-1.3072329529922022,0.010078682606234436,0.6669214728711905,-1.233561253372854,0.011913292207935381,0.16059601485301464,-0.9823046177773369,-0.09636668463037211,0.4575009261946256,-1.3220957815065468,-0.12107122987838895,0.649266183529255,-1.3452795062238057,-0.12795681360326297,0.7853743342914362,-1.2844365627654015,-0.1454458117259538,0.23224850692945176,-0.8132551975536195,-0.18322062206485432,0.5452405408912123,-1.044097210271557,-0.1880007558016765,0.7242047897111434,-1.0495399960245386,-0.19575158652233426,0.8374994203220562,-1.0288113717215803,-0.2163679638098968,0.31366463124398525,-0.5844022380487439,-0.2583738477962807,0.5418693434419134,-0.6259240424030699,-0.23836829034639836,0.6126599596492313,-0.553283252783545,-0.22592589538474908,0.6516291221185234,-0.4811727829744209,-0.23161248172595456,no_gesture
0.0,0.0,0.0,0.004892178104736199,-0.44259427832263065,0.14706458782796522,0.11436151424059318,-0.8122037793795456,0.1679693246901147,0.2806621153609357,-0.9875133054817608,0.15799940310425487,0.42982151522316403,-1.0179719366057824,0.14409604896086514,0.10553423975374883,-1.063122619210125,0.008591302062370297,0.38550221106001625,-1.32517082612559,-0.005453473277452217,0.5500849622403077,-1.3314525735735634,0.00359146027154997,0.6595944437050032,-1.263753882656897,0.004346395093311843,0.1568032413042685,-0.9827479695330352,-0.09807727512105582,0.45091062520237735,-1.3298783641895338,-0.12561745116699194,0.6428576852810379,-1.3585905311497577,-0.1347998053930401,0.7803450443224499,-1.3029343000100697,-0.15297985600942782,0.22774601645346032,-0.8182660087528063,-0.1841832221322178,0.5429175974494111,-1.0481990914720334,-0.1910477174652988,0.7233073583208862,-1.054218897767301,-0.19920976463478055,0.8377629720734026,-1.031871331380526,-0.21923924079469073,0.30786029093038825,-0.5952997065396057,-0.25874809889891554,0.5395594833998655,-0.6378184499965492,-0.2397844313939049,0.612833819526778,-0.5627253311702007,-0.22693812190964707,0.6531000114297788,-0.4858253878274747,-0.23167879410581452,no_gesture
0.0,0.0,0.0,0.005821677537676898,-0.4442017126340044,0.14935147960866443,0.11669162511861085,-0.8151674649152947,0.172538098417686,0.2838692265273852,-0.9877606268376401,0.1648140512766779,0.43407165076247944,-1.012412015939865,0.15249187559668415,0.10540823091015461,-1.0614638646952193,0.008609054744491489,0.3884445031329959,-1.3265876896665794,-0.00585740343888455,0.5562517145376221,-1.3451976236156893,0.0019395702686352046,0.671088090773767,-1.2878373807661867,0.0021808704084121354,0.1560172426534336,-0.9828417808827573,-0.09839021163728176,0.44872630212530196,-1.3312127366765072,-0.12591272270666107,0.6439186903830931,-1.3563782739324033,-0.13496382188542458,0.7863848853954398,-1.29687798584961,-0.15273705938024823,0.22722233208897885,-0.819581308208956,-0.18431567673148858,0.5406317850263705,-1.0493226518746208,-0.19084037827667635,0.7219721817821428,-1.05659274677906,-0.19926148342035427,0.837848143292873,-1.0342008659052528,-0.21938270999682005,0.3086579409146792,-0.5956227737380559,-0.2585800762898644,0.54024224420733,-0.6409444047603833,-0.2395127069576472,0.6177764431132055,-0.5684623759415126,-0.22691173665624872,0.6614423113071314,-0.49170111404597816,-0.23163188249782413,no_gesture
0.0,0.0,0.0,0.007851334584509552,-0.4367210847566563,0.14374426004168517,0.12009298035659315,-0.8125924605354746,0.1653551212818708,0.2845134187948109,-0.9902786401979983,0.15671431132170405,0.43266594938770664,-1.0177459672808145,0.14319796791319106,0.09994404443393025,-1.0581870865103333,0.004988313343571054,0.3857908982980298,-1.3378085640746278,-0.012180686977861727,0.5537188881666251,-1.3594435121902237,-0.006685761434646954,0.6677901676123603,-1.3048972622546768,-0.008464303010491458,0.14086112390992483,-0.9848897826908534,-0.10074839811131284,0.4387487959755845,-1.3358648205107626,-0.1298135507260262,0.6328797179296481,-1.3515775370914984,-0.14141952233101965,0.7750129876973886,-1.2831268176153554,-0.16200096344448287,0.20859574999955766,-0.8282316874762237,-0.1861678413709368,0.5260009499286983,-1.0583627726809264,-0.1957653981700405,0.7097251934297328,-1.0628777924376052,-0.21016861405154186,0.8309683153590072,-1.0401760962665783,-0.23550901172472527,0.2893298609029973,-0.6114231831392538,-0.2605086944898656,0.5279634965059191,-0.6355636686681441,-0.24526176515124257,0.6109232526391104,-0.551048286132267,-0.23750539654926464,0.6625224531836312,-0.4692781435463593,-0.2464953720084008,no_gesture
0.0,0.0,0.0,-0.0004656663532447494,-0.43142363884905377,0.13489903583540389,0.10845952174891772,-0.8169472469478207,0.15502855853128744,0.2717972143240023,-1.002274046869,0.14725422650647144,0.4237218769095262,-1.0316890247878023,0.1349796340260194,0.0908034891119676,-1.0600627773800164,-0.0031093827209366224,0.3739763293411167,-1.3462614340657553,-0.019597155288300788,0.5392381576074408,-1.3707903947252034,-0.012382083642633263,0.6534726960173617,-1.316572739436204,-0.013183861213718345,0.13639906801237475,-0.9852827341042872,-0.10302042574817537,0.4284136248932434,-1.350817193556526,-0.130722789522869,0.62054245904902,-1.3801599728937857,-0.14206612178536754,0.7660230357891625,-1.3242028827024739,-0.1634199577268475,0.20810936677888883,-0.8284911912328295,-0.18300309808500018,0.523107138784245,-1.067602164999608,-0.19223159544100432,0.7129492495932822,-1.074438413823049,-0.2073235092272804,0.8432165123720093,-1.0553469632024517,-0.23335932532229367,0.29113846043857183,-0.6138294407362447,-0.25256904098886185,0.5246817347564081,-0.6416554699528181,-0.23786106273184462,0.6119740241768349,-0.5545570148768146,-0.23129401820780643,0.6710727675047623,-0.4727739991455674,-0.24118522387918276,no_gesture
0.0,0.0,0.0,0.005117712272021023,-0.4378047047834255,0.135023964971361,0.11656109643916215,-0.8186815924521674,0.1536350550796583,0.27963754894572934,-1.0019107245686214,0.14362109947945684,0.433131408135768,-1.0374222330173466,0.12851934209229757,0.0912199191458202,-1.0616530280216383,-0.001997737879484854,0.37381848752901614,-1.3493485838759818,-0.02001736730150019,0.5389426087416,-1.3789287126944505,-0.017085999517131585,0.6524057852980888,-1.332929287409352,-0.021505974926032487,0.13308737374410337,-0.9857132710409185,-0.10323312570928538,0.4254811835767339,-1.3483926159483692,-0.13230098159982664,0.615454049137962,-1.3775022042174299,-0.14911422259784748,0.7575272295030205,-1.3218435622322913,-0.17505010680921052,0.20194990312514866,-0.8304923937611945,-0.18439243108744474,0.5175032400859373,-1.0672218695859115,-0.1940839390705355,0.7058619063678682,-1.070118379431927,-0.21398959948691312,0.8346913551775943,-1.0438218180081802,-0.24415374443703747,0.2824701329975013,-0.6184864377840702,-0.25507137250560524,0.5185752377085808,-0.6453603746462345,-0.24187498325508486,0.612066419890967,-0.5549339818549837,-0.2383053734722511,0.6766060768982781,-0.4687456648930485,-0.25074255269781764,no_gesture
0.0,0.0,0.0,-0.002446469980982748,-0.42515165401692084,0.1296481186732051,0.09855165952711764,-0.8105774564627957,0.14844958771558994,0.2530652358970916,-1.0087125700058561,0.14070732596073746,0.4060040763477958,-1.049068080777775,0.1273774542738384,0.07538170012356403,-1.0547705825694351,-0.013343442537148344,0.35757587604535634,-1.3521252294511832,-0.032385530426960255,0.5289126998784321,-1.3856270967738236,-0.026408514989839413,0.646221707107747,-1.3320125858826808,-0.027572714837146593,0.11899324270615999,-0.9867118307103664,-0.1106361212555349,0.4083702956463146,-1.3668690141752666,-0.14096455911831338,0.5983849513954833,-1.4059825500995256,-0.15367582260834614,0.7402455231843289,-1.349815009255263,-0.17549789022641785,0.19074999304654663,-0.8357552996999454,-0.1881695611750792,0.5044187511934908,-1.0925345548189935,-0.19925078779478486,0.6889759195972773,-1.1010193742279564,-0.2165321329036195,0.8145955757983389,-1.0739684271495542,-0.24377551259377347,0.27386853506431064,-0.6247036477412174,-0.25555637892019134,0.5139610864638643,-0.6562903751508385,-0.2456720412564869,0.6107503175414792,-0.5714659917032581,-0.24255859771197383,0.6782414354524223,-0.48746381030275604,-0.2537185868490161,no_gesture
0.0,0.0,0.0,-8.517488361768642e-05,-0.42540211152892704,0.12794367380469482,0.1027809461060353,-0.8103573916921527,0.1451470964297959,0.25765683253167626,-1.0098221818185908,0.13591061227311402,0.41346905118486477,-1.0549633914053462,0.1212073626830754,0.07765539055025064,-1.0559236790689108,-0.015066781097507288,0.3675106950584019,-1.353567014124792,-0.03554346867753475,0.5425555798801381,-1.3784723866915027,-0.029911686149235096,0.6606823487243552,-1.3159253347421247,-0.0311384503122953,0.11876957304401944,-0.9865860003738881,-0.11199032273011336,0.41722576632081493,-1.370449090102391,-0.14589256964093303,0.6126490377942061,-1.4010413648812003,-0.16063640114437902,0.7558779982504377,-1.334814343914965,-0.18286397740256202,0.1891173726244458,-0.8354313395493566,-0.1892424819248695,0.5134375995278363,-1.094815477316342,-0.20264922671905944,0.7018096919206269,-1.093478113345095,-0.22145374492119285,0.8275421638273304,-1.0555463070151048,-0.24889059340174402,0.27099941890116247,-0.6250650515582257,-0.2564148184071584,0.5196141094476748,-0.6579058841153173,-0.24884937378575697,0.6219521757335108,-0.5735108830257553,-0.2475391075530911,0.6926894729588136,-0.48980290018148454,-0.2593712630165836,no_gesture
0.0,0.0,0.0,0.0027262481838689653,-0.4258542686354385,0.1386760508587284,0.10633218889908196,-0.8107561421763728,0.1636874483275363,0.26262827645909453,-1.0053948255590965,0.16129113872788226,0.41561407975313447,-1.043129946223812,0.15314909237909524,0.0806522179168075,-1.0530585596195745,-0.001753456771077306,0.37383221010030504,-1.3467137529404276,-0.015288709420213325,0.5509248790092552,-1.3687948553656486,-0.004076375067895531,0.6696872428050534,-1.304359193509748,-0.0015341729374497139,0.12305484984708755,-0.9872867211443416,-0.1006102091299145,0.4234784122421366,-1.375825085198538,-0.12612446435269595,0.6201655514230565,-1.4141337914019654,-0.1344873997315772,0.7632494648537202,-1.3555555098234822,-0.15314931763018128,0.19524138114945513,-0.8371816847828867,-0.17922914319812783,0.5215491480033416,-1.1055149128793609,-0.1856962940207503,0.7111272303955058,-1.110085084797908,-0.2001219255313205,0.8362768170186665,-1.0783437986486069,-0.22542985716885977,0.27912475778941437,-0.62516733078367,-0.24705255397288994,0.5300844053780737,-0.6599936173421203,-0.23486102469919076,0.6315635112196538,-0.5786370328007308,-0.23077982624125423,0.6998255648915869,-0.4984470274887783,-0.2407945819732579,no_gesture
0.0,0.0,0.0,0.004677184885221497,-0.41992346422511106,0.14293277529007126,0.1069785955783438,-0.8049134659013037,0.17168359644418613,0.2592752391188654,-0.9996315559333321,0.17227086629524516,0.4032767693485721,-1.0410557877102158,0.166556132227608,0.08164238963137489,-1.0579422893316301,0.00987768388064622,0.36841297542584084,-1.344606245460332,-0.0012432599519810786,0.543083221586272,-1.3830026054077287,0.008665435461671544,0.6635923443949002,-1.3356252995262525,0.010420104553597303,0.1227948404307328,-0.9883396650009284,-0.0900339588679877,0.4226264602503781,-1.356219052085572,-0.11170653927073868,0.6195428521124954,-1.3902129415411124,-0.11879597283691443,0.7638670580845424,-1.330121918069848,-0.1362698084778598,0.1943718002921807,-0.8339642563257762,-0.1698063050686335,0.51607995541774,-1.0907628124513882,-0.1742245610044755,0.7014857701966221,-1.0966372710114838,-0.1865256019871989,0.8238221177316476,-1.0664110608601411,-0.2100942048847075,0.2781246359492524,-0.6193376596745251,-0.23868465069472405,0.5247019979238625,-0.6515342452452306,-0.22490591981672375,0.6199736242285193,-0.5690474718644685,-0.2184469231490694,0.6829021408412901,-0.48537853190040536,-0.22644035297464504,no_gesture
0.0,0.0,0.0,-0.0042326106105641794,-0.42318149641818553,0.14665494275945823,0.10166991909544572,-0.8032420958823524,0.1759821939207788,0.25994779685564373,-0.9894647000968337,0.1760455925359492,0.4008328161848362,-1.0256469332073253,0.17064842226330726,0.09479713135022327,-1.0591476383855212,0.018839016803804752,0.37697896691749155,-1.3444450426713184,0.010859419038214867,0.54615548904529,-1.3817577210358376,0.02280607998874441,0.66155800803606,-1.334772948515013,0.026180218185796477,0.1400400371678189,-0.9867381140540091,-0.08207717260707914,0.43716391216682143,-1.3372477224591224,-0.09741904929889833,0.6295081454991016,-1.3662594420814036,-0.09954144137029808,0.7678606423564495,-1.30595486469684,-0.11402653666452155,0.2118793482588092,-0.8327463177633886,-0.1630457416936687,0.5271214317149577,-1.0757871993547428,-0.16260845700865478,0.707969858126173,-1.0815868626068004,-0.1700334739621503,0.8256562244471343,-1.0554109521686892,-0.19080036142053844,0.2953560571055324,-0.6207892585228129,-0.23328130131026203,0.5314624099331228,-0.65482495746906,-0.2136254491840798,0.6150603193936106,-0.570850898339031,-0.2026776294498064,0.666635173041125,-0.4850690964074682,-0.20820548250187815,no_gesture
0.0,0.0,0.0,0.003769659551080192,-0.4209280958084218,0.14019005983637697,0.1078061029001608,-0.789772867186825,0.1644756102238413,0.2733796308102582,-0.9583906839466418,0.15963548286514312,0.417327843427511,-0.9694155905765159,0.1506763286683721,0.10476419415117931,-1.0573496723921205,0.020092626704882693,0.39375168556513,-1.2862646812344263,0.01216492788327593,0.5598124340968716,-1.292987485777556,0.026588584459207764,0.6716595280322348,-1.2263351447129822,0.03202003340812982,0.15818541520775764,-0.984021008751769,-0.0817313205001571,0.4562893924775521,-1.3014978859807862,-0.0972244549980599,0.6443446519283669,-1.3223047266316394,-0.09487398301418379,0.781874432885091,-1.2657263719491798,-0.10600705297207778,0.2338586180808812,-0.8184180795972619,-0.165188222818855,0.5500418405558788,-1.0420162234029173,-0.1660669350104041,0.7217396476764834,-1.0470945183420732,-0.1645058339367019,0.8330549991058108,-1.0334741818604656,-0.17864462986213858,0.3216343531944519,-0.5892947419374256,-0.23900163947640854,0.5492478669508951,-0.6327783423835796,-0.21787380023926947,0.604499105463079,-0.557142941110411,-0.19933762819460904,0.6306048903920858,-0.48408140877640904,-0.19962803548611618,no_gesture
0.0,0.0,0.0,0.0018746455159727572,-0.42302865811500456,0.153720691885229,0.10923412576400716,-0.7902253808527125,0.17614517901912827,0.28793425969763387,-0.9480332519322474,0.16848932907327863,0.4325670006586106,-0.9571261137542076,0.1601248378468891,0.11203503600586849,-1.062677983513147,0.028876911074678147,0.4004529644117709,-1.292007832531302,0.03186620923098779,0.5658548875217527,-1.263039359973937,0.061962437939162965,0.6734840189127386,-1.174703129105214,0.07818621942862572,0.17490386343612377,-0.9815658757253207,-0.07705225607794726,0.4841034743751419,-1.2839523652236402,-0.08355092760901345,0.6658999946629516,-1.2721709592499535,-0.061003707479887724,0.7906117938252659,-1.203978204490428,-0.055506384540944774,0.25568244449186406,-0.8064058230983645,-0.1621035216522517,0.5794972023255768,-1.0149193731350987,-0.1528618743518356,0.7242546723939399,-1.0045968031971435,-0.12650105403748327,0.8067624274626547,-0.9980622617451892,-0.12241008870166561,0.35051008361901737,-0.5707620438027735,-0.23655369739785692,0.5570390946530949,-0.6071046440503594,-0.19263897230458835,0.5496876324945029,-0.5030789200877456,-0.15000955456323486,0.5138414760730127,-0.419371677611874,-0.13424746308470353,no_gesture
0.0,0.0,0.0,0.004645284509690793,-0.4476234250777023,0.16965375683536787,0.1150941432098146,-0.8016249651432784,0.1948657969380661,0.2965940751548296,-0.9494550065446439,0.18836668595023548,0.44220843216087846,-0.9559736825719116,0.18355883311905463,0.13526682528926373,-1.0683680236346609,0.032808419312023177,0.41547645363570146,-1.3049682361763901,0.04216863571271538,0.5791311287064096,-1.2831419010205212,0.08284264574443125,0.6868715898125582,-1.2067342007160475,0.10728818340305747,0.2062006122747107,-0.9753993925876662,-0.07795711922041156,0.508357466578714,-1.2951965994025505,-0.07989370286935107,0.6876842754542392,-1.287849155929706,-0.03912338830671081,0.809964489552982,-1.2333354452664536,-0.017850717556007336,0.28860155725504183,-0.7872794415235936,-0.16555692321866125,0.6044351539546646,-0.9947477435812341,-0.14631689911749698,0.7334053984739062,-0.9819879412801348,-0.0942131542110608,0.7995811896861539,-0.9850950567017243,-0.07025445504040252,0.38227279676877846,-0.5354675061316743,-0.24175770893422233,0.5839244767209307,-0.6051494078656067,-0.18586948926475275,0.5686180653184941,-0.5154783784346177,-0.1254505419440517,0.5209876439949663,-0.4481807427644232,-0.09487748174590081,no_gesture
0.0,0.0,0.0,-0.0064120097661976,-0.4721843520883614,0.18893903892374903,0.11008101129902832,-0.8243409916161155,0.22874504589367203,0.2931433100476697,-0.9569081368740745,0.23618408775409427,0.43080156841604683,-0.9528582257942274,0.2447826881787689,0.14789457845226078,-1.0751721379000125,0.041392287854754795,0.432028394865547,-1.3182649264424002,0.059984401873878546,0.5931065003844537,-1.3078780660729854,0.10887945767260127,0.6990324879808686,-1.2377103583888949,0.13999764254096156,0.22778338663576825,-0.9712358819327005,-0.06939431114399068,0.5393601240140439,-1.2810120065363988,-0.06161501608945908,0.7103102896501707,-1.2770602192081244,-0.010518556501360911,0.8267855589825627,-1.218470834654704,0.01885875624499125,0.3120076711761343,-0.7757728096912087,-0.1537380529652506,0.6242142456264672,-0.9773360482661954,-0.12152631942107138,0.742325749482939,-0.9683609398780896,-0.05791148220210566,0.8054426645736451,-0.9689781969819969,-0.026156829570142242,0.3996778885477101,-0.5191484482966836,-0.22519291852942855,0.5903535840209009,-0.6049374013200968,-0.157681278926312,0.5724965987864253,-0.5411787680763025,-0.08998917793286165,0.5275160840005548,-0.48543804742180124,-0.05384333453648533,no_gesture
0.0,0.0,0.0,-0.005516719501510811,-0.4697500423452163,0.18727889136943052,0.10757167512247566,-0.8196023318735475,0.22490052865294952,0.28067890964455994,-0.974274467849544,0.2317421817397924,0.403353566751627,-0.9940766642225948,0.2397367397109993,0.16686488967104404,-1.0774340879668007,0.024897725816737177,0.446935341737906,-1.3373133297994602,0.04223354015371747,0.6095522674798682,-1.3371250746264947,0.09689971650420741,0.7141870214151412,-1.2703526506427139,0.1337496568480596,0.2512925581224544,-0.9642472105993442,-0.0841388559683108,0.5608012021284547,-1.2828780821359576,-0.07911557750948482,0.7301136900259254,-1.2811975534948996,-0.01727875371822165,0.8394293947881021,-1.2266476668603965,0.02275900568485355,0.33586998777862714,-0.7580763266802428,-0.16579797044061648,0.6467283089836449,-0.9688381080188812,-0.13884181407810822,0.7632092304111995,-0.9626436698946931,-0.06429815684649803,0.8198892102789178,-0.9640137179892927,-0.021142526507876087,0.4195796172830013,-0.4919127338049634,-0.23427208421129722,0.611834650718677,-0.5952507748697327,-0.171982574339351,0.5930223393819827,-0.543124322364828,-0.09934834612678627,0.5423649796708871,-0.4956699698839184,-0.05591995432562629,no_gesture
0.0,0.0,0.0,-0.0022610146023162732,-0.48500304884839684,0.200528886380169,0.11349526714165553,-0.8264094648139916,0.24355492216849875,0.2893578202178658,-0.9748474920316672,0.2566427223118251,0.42800500076778536,-0.9913294483457623,0.27285357892999934,0.17653508682036217,-1.0814897039671403,0.02314120966816325,0.4643745790164672,-1.3401847943154601,0.05189607807961318,0.6231195571358439,-1.323918388248702,0.12493695984015006,0.7184554231252042,-1.252039169745964,0.17620049089521173,0.2706818905201143,-0.9590911084005374,-0.0829188756043205,0.5821648687046348,-1.2936137772940228,-0.06547751118576735,0.7414563600495431,-1.2872652284738322,0.02307173528818515,0.8381481841893105,-1.2310708263941192,0.08399797093482952,0.35938463610290416,-0.7475330666286698,-0.15917290489719146,0.6628660892594727,-0.9633362036259797,-0.1202555481836766,0.7632176001773541,-0.9501248404348649,-0.018340431669934407,0.8052180750447904,-0.9477314406412707,0.04611474093082603,0.442389302411109,-0.48226680535431377,-0.22105659946729306,0.6166604044485814,-0.596288360206167,-0.14574205773744422,0.5929498772415058,-0.5402195543335637,-0.0546828097828277,0.5392698037358814,-0.49034937388077243,0.0045254106573354115,no_gesture
0.0,0.0,0.0,0.007977254309958623,-0.4984136478092017,0.21958362627100567,0.12927444904211097,-0.8316909055512747,0.2706094024328361,0.30206385287600007,-0.973801674276634,0.2896569905121551,0.4383211144570079,-0.9835521722928495,0.31397579429621814,0.19988364775362055,-1.0860936699644583,0.03695523569505131,0.47913524773637417,-1.363138759105298,0.07535281025707774,0.6315115515579506,-1.3499681195975173,0.16017020224391057,0.7204200404357908,-1.274119114209365,0.22072027818398882,0.3004342744191811,-0.9510903561584378,-0.07187740379726686,0.6128174658790835,-1.2882176154467189,-0.048387226071931105,0.7660374481368367,-1.2795656171342114,0.054629528347054375,0.8559611051952422,-1.219659479505844,0.12905537203947665,0.3900126806014663,-0.7270932344875095,-0.14818669784511104,0.6894036784217141,-0.9383629211059394,-0.09922795514616993,0.7723811490621266,-0.9182364417839582,0.02187340119035977,0.7992995024244922,-0.9101468957622354,0.10182890853308965,0.46811916108503887,-0.4518382824962895,-0.20889691546546985,0.6399229247738204,-0.5671165846931862,-0.12054773797560418,0.6096345424031416,-0.5160285405767758,-0.015440895734013612,0.5493124569676068,-0.469655896584217,0.055627829702077386,no_gesture
0.0,0.0,0.0,0.02459491819415186,-0.5194957688976111,0.2089682581579046,0.15995008779155467,-0.8436530413531286,0.24441956225920408,0.34959873329592767,-0.960827337835232,0.2488888864550563,0.5007537851702887,-0.9474777246240202,0.2634223254424281,0.22697053346219212,-1.0909338569659222,0.008617017934317978,0.5125339524927575,-1.3745508877027348,0.043978367578706656,0.6531694712903228,-1.3155565326550536,0.1386274149812276,0.718861008520163,-1.2051528561448217,0.20707368510152235,0.3357677583224585,-0.9369224766846502,-0.09714044036451276,0.6610466782692913,-1.2963172660821567,-0.07968175332578255,0.8045697939076695,-1.25853151521041,0.038219529762234014,0.8708921502764873,-1.1704859164049366,0.12618929275446644,0.4261711117906225,-0.697389347886546,-0.1702790105282583,0.7366239173401053,-0.8994706382630036,-0.11700731675891694,0.783160526708672,-0.8249160777872117,0.029819148007010975,0.7689032683152299,-0.7785963393913906,0.1292233617688769,0.5011586970459897,-0.41175908899268765,-0.2298780798756053,0.680741632064683,-0.5282821988238231,-0.13320481374838886,0.6408018016501527,-0.45997185853817324,-0.012510652387232203,0.5669318477569755,-0.40979462811787287,0.07144179703575416,no_gesture
0.0,0.0,0.0,0.02336297648649137,-0.5060408834210215,0.21601318530713134,0.15344461494511807,-0.8327601670224621,0.2623158714295562,0.32861836178693515,-0.9682766265757968,0.2790459810522367,0.4631865513077893,-0.9831689077966791,0.30580559734206136,0.2470825087234768,-1.0799677486855392,0.0192331674656677,0.5334452528295843,-1.348867236477497,0.06609840861581905,0.671408460576764,-1.2906816692978644,0.17343006194835653,0.7302209435280556,-1.1694799275374503,0.2519658565417686,0.35707182101581963,-0.9305688978700773,-0.08087781496377973,0.6887560913999642,-1.286038318789375,-0.05283485266652099,0.8248516654549196,-1.2359473820163738,0.07846194624896952,0.8788459495943347,-1.129184443941606,0.17807672611420886,0.4435059646946418,-0.6909085586186741,-0.14760904009393097,0.7561130161190195,-0.8881036032318813,-0.08791671060952773,0.7971334151404377,-0.8059691767427155,0.06446191574401175,0.7751187446837726,-0.7512024579210802,0.16951679123569177,0.5106680181594387,-0.40604852287481913,-0.19985536116167027,0.6771921322380676,-0.4889178762649947,-0.09808532038255198,0.633281518963005,-0.41895007155762487,0.02379429564761881,0.5560999526806628,-0.3702305659126399,0.11026650893120697,no_gesture
0.0,0.0,0.0,0.023019472491475713,-0.5390680943385823,0.19774975761633054,0.16527252309849572,-0.8632089719680033,0.22883327854560945,0.36428114873602113,-0.9618832468184765,0.23229910771465437,0.5263062427519146,-0.9289583598784157,0.24806471356292137,0.2615691904789014,-1.0913300991959602,-0.009840941572216759,0.5656451372253268,-1.3714123732448702,0.02648165484943582,0.6912023184640016,-1.2940253425335653,0.13236574825582345,0.7275420394986513,-1.1597519783624601,0.21127099198948313,0.37932521260279156,-0.9193184549122145,-0.10471839161133357,0.7296994822851525,-1.2964497207395198,-0.091459966352239,0.8502261001355276,-1.2438386318021837,0.038714033721845724,0.8799828400940626,-1.129541790415751,0.1410655774724852,0.4665802982114547,-0.6673268559495671,-0.1671670916895891,0.7879257688093775,-0.8767422555093947,-0.1146169437377703,0.8061860337369232,-0.7862542853762402,0.04311496568489962,0.7606833836858967,-0.7201104832723405,0.15446862839887693,0.5288081919344625,-0.3752393325231879,-0.21696717740872656,0.7009745503902736,-0.4841444206615582,-0.11703301586029358,0.6527476475675286,-0.4187714801375545,0.008434724589694758,0.5684914502102142,-0.37047755827253215,0.09880754919045565,no_gesture
0.0,0.0,0.0,0.025208567700801078,-0.5334512377593466,0.19494913614629156,0.1587172878497606,-0.8787607975543934,0.2292915878477827,0.3371131415679377,-1.0288850821505158,0.23704834298289307,0.4778852378348499,-1.0474841334654879,0.25748514599879035,0.2603850332041144,-1.0991449505225215,-0.006955392926374521,0.5687718810338852,-1.3817721684545725,0.03267833139089484,0.6837979694808303,-1.2934249895029597,0.14170945708252733,0.7106320583155094,-1.1624508184187285,0.22266220008049026,0.3734054462442307,-0.9224823306561216,-0.09795255148486952,0.7250466039521952,-1.2942850060406588,-0.07903851595320485,0.8398718720776333,-1.2425396478412845,0.052961598581659004,0.865312015100228,-1.1397047572477375,0.15545866252465332,0.4585441343668404,-0.6699638367034381,-0.15680989817521457,0.7760006177377984,-0.8780136897848702,-0.09752522901227806,0.781951359208809,-0.7824833224101163,0.06471677584451917,0.7278908095266602,-0.7143996160675338,0.17789745456035896,0.519636625278939,-0.38370050704798575,-0.20384975888493806,0.6908370728341351,-0.49594277645070944,-0.10104500011672894,0.6401257286398357,-0.42914825231192827,0.026557765969242593,0.5570952325916774,-0.37677094205186695,0.11875095469380213,no_gesture
0.0,0.0,0.0,-0.08860882867722185,-0.4431149604526682,0.14284810028297507,-0.08977764119631647,-0.8651931487185093,0.12315356797111617,-0.013632086760080646,-1.1896224119320902,0.07390602311042714,0.11173397630162121,-1.3819470041879232,0.017978575716343603,-0.2041688459140841,-1.088241493656346,-0.1369427087910069,0.0491293068332057,-1.5768525145068726,-0.19636880882886631,0.2326907172994983,-1.680546304939598,-0.20887033752262882,0.3594972127318446,-1.7041774967611092,-0.22186475630885075,-0.1567007618571685,-0.9518454408334727,-0.26350542309014113,0.1580008175940082,-1.4450379949694934,-0.32857798459791926,0.36007897162441765,-1.5538527197087,-0.3329403820821269,0.4955504315315631,-1.569090434538613,-0.3525997292322947,-0.05799030883244124,-0.7865279627646093,-0.35954466629188975,0.2355378281118665,-1.2561412134718122,-0.38798066371107937,0.42338175176392107,-1.3751162679211761,-0.3668926318812149,0.5499936657236661,-1.401792461236375,-0.3726022413264889,0.06725000429798739,-0.6080588950414766,-0.44355276827305473,0.29725139385677724,-0.9390321846785019,-0.45286769443209896,0.41833322294418374,-1.0136495465289,-0.42699871639941084,0.5040274329511961,-1.0326904687539022,-0.42186633223076664,no_gesture
0.0,0.0,0.0,-0.08943959358577347,-0.44847441613679656,0.14765029903925844,-0.09865149662790228,-0.8753696323810559,0.12876533063303283,-0.03535267881960553,-1.2150456335703157,0.0795961112214692,0.07116814163453815,-1.4273804577496836,0.024598050962200125,-0.2133104228722209,-1.084026135465877,-0.13101943149509593,0.03315838012295574,-1.5908110688931913,-0.18513097906377574,0.21828954222390512,-1.6858336098268523,-0.19264884053358877,0.3410493173525072,-1.7051266993617928,-0.20333518562638533,-0.16484098462207966,-0.9513926149740535,-0.2601528819014983,0.13662027554300324,-1.4672472098992166,-0.32177582087910145,0.34240200915713653,-1.5923439244498827,-0.32476678532503933,0.481125037856598,-1.6181335538893291,-0.34417161231256044,-0.06800503032432366,-0.7909223311244069,-0.35744348687896565,0.21247320697268063,-1.282145321081468,-0.3832002504050001,0.4037149008210215,-1.4118539083400277,-0.3586132871937793,0.5337482884627307,-1.4445181022184044,-0.3624072710220636,0.055723956598978684,-0.6190232252716908,-0.441889424266738,0.27458792047550834,-0.9619214165790794,-0.4461319213647896,0.39623970183496393,-1.0278435197432942,-0.4152645083032349,0.48242184430238966,-1.0354944914889341,-0.4072537412949828,no_gesture
0.0,0.0,0.0,-0.09322989576307528,-0.44320360060070313,0.14458926238621023,-0.10360896705251793,-0.8700902564284358,0.1273976491178507,-0.039560188988131066,-1.2039078735376512,0.08043550813641649,0.06946376636585273,-1.412167586516873,0.027517018478177772,-0.22026139145386595,-1.081496860075887,-0.126850655499771,0.02651520156815787,-1.5818184156101893,-0.18166155419520413,0.2117260558922686,-1.6809723476916698,-0.19113977946773875,0.33677770604828045,-1.702298612338597,-0.20263941166404598,-0.172264988904299,-0.9519245814641663,-0.2533068194938162,0.1287413834560008,-1.4615457763586306,-0.31360494414301426,0.33325947376602133,-1.5772054506872153,-0.31700732342978166,0.4712015076316868,-1.5974642578746805,-0.33641920297693695,-0.07582340728631098,-0.7931593437336035,-0.3492278276676648,0.20482982567428878,-1.2719066300460762,-0.37240777350486975,0.39583738778773647,-1.3916625044001463,-0.34883529789454015,0.5265085235797764,-1.4208182096128872,-0.35365598660644415,0.046445243034280874,-0.6201580579851482,-0.43320564932568967,0.2678875167867208,-0.9478657683944469,-0.43601755420075394,0.3915494631954954,-1.0115718105227032,-0.406541166033798,0.4803522644171087,-1.0216056179323874,-0.39952056764178917,no_gesture
0.0,0.0,0.0,-0.08968716877332236,-0.4414970707326242,0.15107865667943177,-0.09990580508584695,-0.8653352095919167,0.1389110698242694,-0.03491397458056436,-1.194934145762877,0.09556923123703696,0.07856058320446797,-1.3982466629523584,0.046218781674572655,-0.2190539772330836,-1.0788678322674765,-0.11709271411354652,0.020032715652789343,-1.5867604620555487,-0.17117092243467838,0.20373550561178172,-1.6875560520701498,-0.17853518826406956,0.32932366647144645,-1.7000987873837623,-0.18817886016723237,-0.17504768821093136,-0.9531851100554312,-0.24656932660131037,0.11884785971669026,-1.479119591769483,-0.3100310796307887,0.32426890807852815,-1.5923926056551627,-0.3139443235626103,0.46384026214081947,-1.6027540189248832,-0.3316250259167867,-0.08129070835136953,-0.7980924716407786,-0.34587250340758074,0.196998543499611,-1.2868269447243479,-0.37298790442202706,0.38958342252074657,-1.4061444057333672,-0.3532735987467448,0.5220604046135656,-1.4285696037381184,-0.3588350216739214,0.039606114228126335,-0.6276592572208984,-0.4325905392090233,0.2671786936299877,-0.9584650526857978,-0.4397592380042015,0.39425379168746383,-1.0293951491348405,-0.41481026695625955,0.48565388326343867,-1.0431086822097044,-0.40976789636762556,no_gesture
0.0,0.0,0.0,-0.08375797582734089,-0.44333333640375727,0.14178559596356338,-0.09275598189062753,-0.8635318265906033,0.1258042449110478,-0.029537140807959033,-1.1879532645766835,0.07969725754472712,0.08223435985880571,-1.391738261569701,0.027541381651183534,-0.22089921621180028,-1.077499406866408,-0.12310622193783514,0.01880157775588873,-1.5766408055235699,-0.18309564589587624,0.20267067104583855,-1.6769404991803145,-0.19490219225050517,0.32803532810651576,-1.690834580684023,-0.20683801953822598,-0.1778019198439028,-0.9518250598869111,-0.2498309681986995,0.11247082618670816,-1.4713883307680253,-0.3196116798366966,0.3164001769283351,-1.5784046569394232,-0.32682359046123,0.4545496359507377,-1.5884484640793437,-0.34553672332606616,-0.08471121520868384,-0.7962377477125502,-0.3478356596927802,0.19053087934813975,-1.27147127055698,-0.3806489466734736,0.3831524312485897,-1.3865654306443638,-0.36268503897995097,0.5157545629601175,-1.411750445371887,-0.3682137742716856,0.03534130358324122,-0.6238722006652959,-0.43430295750932,0.2579528447578498,-0.9394956295939829,-0.44514924267537676,0.3851929053492214,-1.0090621844115093,-0.4219309315725404,0.4776194101006585,-1.0282321497466462,-0.4174660249759987,no_gesture
0.0,0.0,0.0,-0.06225785854605932,-0.4605984117584578,0.1633105325687357,-0.06592714925307043,-0.8781823415397898,0.1603030565317754,-0.0033936806211071584,-1.1932755560075443,0.12338433169694243,0.10487598571154631,-1.3906226930555707,0.08025980902063114,-0.2113495577175857,-1.0810906129986944,-0.09333966402406185,0.028622848024065638,-1.5686471032220233,-0.14362312231284088,0.21260223465313471,-1.6570803816492776,-0.14979036086176992,0.3360665601027688,-1.662391827076381,-0.15892354878404474,-0.17452995464829235,-0.9577334104711248,-0.22866129842588642,0.11621660014358505,-1.466136814831328,-0.28970180745683716,0.319170498032258,-1.5663126170241441,-0.29325160981806386,0.4573134410656681,-1.5768390972484927,-0.3105637650904827,-0.08649944518294861,-0.8059267403526088,-0.3344175931996024,0.19221700708530648,-1.2654467813622843,-0.3594096023556573,0.3842499214452873,-1.3724520004630136,-0.3387198679630716,0.5170524561874802,-1.3984307638193816,-0.34380235467557696,0.030199670986750565,-0.6358086630871201,-0.4272568307988429,0.25785267618994473,-0.9411677102022402,-0.4329997435509277,0.38837336044164317,-1.008714134835258,-0.4083718862046316,0.48318336224319747,-1.0325552007690946,-0.4036783152119545,no_gesture
0.0,0.0,0.0,-0.04650470672648785,-0.4594841261721007,0.18061679051291452,-0.048567802346401005,-0.8737649891426527,0.1890633825450219,0.013503649747497062,-1.1810972798164954,0.160205870037954,0.11695837280552983,-1.3763216297323826,0.1249274335373515,-0.2015266527548048,-1.082364069770964,-0.06027863885657001,0.029993684827160916,-1.5600548485888268,-0.09907105190096359,0.21100748112578488,-1.6498139120523843,-0.09969079855149264,0.33392884812686163,-1.6590286901194384,-0.10606838020007092,-0.16696729182760872,-0.9652492734648405,-0.20103667211568937,0.11866612637326084,-1.4664988653541937,-0.2509193606316114,0.32201081126371534,-1.5600403794150222,-0.25013173571789293,0.46152832061902527,-1.5671249301098251,-0.26470636503278766,-0.08189923879393742,-0.8177950963952438,-0.31202815643227255,0.19345806788835035,-1.2651642224463677,-0.3285372556260712,0.38673298992808924,-1.3662745482892533,-0.30531103802271836,0.5199128708039311,-1.3902094295267542,-0.3091113469696405,0.03252148859675414,-0.649419015415414,-0.4090620532614591,0.2572685582500979,-0.9492841695825853,-0.4089006763500133,0.38761573988310627,-1.0115503689347225,-0.3822071363266263,0.48161257668357915,-1.0322921251134385,-0.3762878429465583,no_gesture
0.0,0.0,0.0,-0.05226099772804687,-0.4590901360145451,0.18562986308425786,-0.0573538979725992,-0.8717536134313102,0.19803618546455565,0.004189421609361246,-1.1788221820787943,0.1730108554242982,0.10693079611944753,-1.3750986342996525,0.14138099471835688,-0.21209893967183244,-1.077654111045009,-0.055760258715504024,0.016566845387420693,-1.5636312990053007,-0.09185105329117532,0.19739243774927775,-1.6570295056706783,-0.09002938724849795,0.3212646258988507,-1.665763045987133,-0.09465615563365541,-0.1761420727654014,-0.9644987311464357,-0.19676419343677104,0.1050081147045236,-1.4752702062816136,-0.24380508517618132,0.3081955817008882,-1.5717072096259226,-0.24125162933215052,0.4482926322277777,-1.579507951064287,-0.25469290114918136,-0.09049478907257721,-0.8248433005612736,-0.3075527421347258,0.18410491882103636,-1.2721446231607494,-0.3201358941215381,0.37631870110205967,-1.372145852315599,-0.297053630200477,0.5087516217648032,-1.3984544132742232,-0.3015138424159988,0.023074123012910973,-0.6639024115156678,-0.4040370016669824,0.24715524699380398,-0.9581240432919339,-0.40185267600485536,0.3777587661294321,-1.0198737721944846,-0.3762174427482189,0.4726837011950002,-1.0462269621953983,-0.37113128875424534,no_gesture
0.0,0.0,0.0,-0.05510746629896839,-0.46075563483031134,0.1884603407422018,-0.06158215147527679,-0.8730404665218677,0.2004522216718396,-0.002520440029757222,-1.183328987668433,0.1742115274450293,0.09638655128596293,-1.3852628451079052,0.1408938820759884,-0.21015737013202931,-1.077158809654108,-0.0549523720857611,0.019203911537915713,-1.5633598555020058,-0.09254931488754353,0.19700435354602486,-1.663100081390329,-0.09145805832014775,0.32126507268876364,-1.677740569711788,-0.0961921322547524,-0.1739573774020411,-0.9646167151038273,-0.19812471776561624,0.10855615805905278,-1.4822910483107887,-0.24732831804150288,0.3086936509652605,-1.5813898831163034,-0.24471034235577668,0.4482256857307068,-1.5897445301589548,-0.257524078969857,-0.08832182135943209,-0.824142417106724,-0.3109616037694966,0.18483592052644132,-1.2885304277886758,-0.32723445717594263,0.37437194134432544,-1.39630656143409,-0.30453455342299657,0.5071465467554391,-1.4244101328928704,-0.3085749390352234,0.02516136266899884,-0.6627766108633818,-0.40897331459808645,0.25007144499942013,-0.9654362558855198,-0.40949468938484834,0.37898648804684537,-1.0268952936596638,-0.38375179706187684,0.4731923357346724,-1.048204136486014,-0.3781979867199944,no_gesture
0.0,0.0,0.0,-0.056432116280094965,-0.45859161446341906,0.19145436785182846,-0.06218494473720922,-0.8707203594160959,0.2048582578690433,-0.0026404072774280796,-1.180113305021821,0.17949083788030545,0.09681549892202815,-1.3796263724481306,0.1469029263040212,-0.20813249143992985,-1.0777279768128005,-0.05331751364973779,0.020904181138045062,-1.5683882223196737,-0.09100469628597291,0.19895774160239454,-1.6682175642588024,-0.08910175772304224,0.3232548228508394,-1.6797606691315516,-0.0930392735567519,-0.17174057839772758,-0.9650764277800971,-0.1978197216528737,0.11168729672097212,-1.4859938408874258,-0.24806852105373242,0.3116060286178055,-1.5848205691914599,-0.24469269197765828,0.4499781925616169,-1.5914594267856264,-0.2563103176354599,-0.08622372877253141,-0.8243660498408558,-0.3118286287012557,0.18741463672964548,-1.2923559275667078,-0.32945180760592585,0.3766789677449608,-1.4021353356135076,-0.30645931561724743,0.5088938783277053,-1.430548811040111,-0.3096126424937845,0.02731208790788571,-0.662489616015309,-0.41074333361167503,0.2523957174498377,-0.9678655830460735,-0.41266955482303286,0.38090158389005513,-1.032533379625472,-0.38725455831208055,0.4746423053119555,-1.0551336792750454,-0.3813571572485522,no_gesture
0.0,0.0,0.0,-0.054278499496350906,-0.46011482710425494,0.19540752290265645,-0.06057761018943794,-0.8698198537586255,0.209533209020563,-0.0014563733369352082,-1.178665464428701,0.18432673115542492,0.09906071098922735,-1.3751175153794697,0.1519844565705325,-0.2084609830630226,-1.0792563063925413,-0.053114693151884086,0.021518231581260452,-1.567078919231369,-0.08990215196186349,0.20030890956360206,-1.6649148609701203,-0.0867988605074503,0.3240312920918333,-1.6757800852621594,-0.0899908169672941,-0.17212373315868076,-0.9646190495569913,-0.19970851187489574,0.11135914820955581,-1.483676335977347,-0.2489661795806339,0.311626681312768,-1.5830524448910563,-0.24374840299487036,0.4500715370898377,-1.5895976023973426,-0.25425028211194395,-0.08620564327346285,-0.8208025403499171,-0.3152323862360906,0.18646614149934523,-1.287347373490505,-0.33217178551084175,0.3762053171531274,-1.399669630378699,-0.3070066678417619,0.5085545615580223,-1.4296480469631654,-0.30868026759574524,0.027969836650376022,-0.656993393895145,-0.41517436378576317,0.2520035922347177,-0.9624776225598248,-0.4160296724724731,0.379462867663582,-1.0258926430377064,-0.38865572841477397,0.47168175973240545,-1.04677292246396,-0.38144265985409453,no_gesture
0.0,0.0,0.0,-0.06102420149282003,-0.45483850091028055,0.1910392577115003,-0.07006655184711767,-0.8653685624089507,0.20502248690864608,-0.01294916656420077,-1.175412758686407,0.18061110715900652,0.0858493719873731,-1.3769513497983483,0.14907631478116087,-0.21253201039373742,-1.0762721804094408,-0.0524958695180953,0.016863780032281027,-1.5658811246655426,-0.08775496540947966,0.19472027869851005,-1.6626175483377386,-0.0845522010022972,0.3163515283716463,-1.67476125813219,-0.08794750895360368,-0.1751807395682714,-0.9648730127342062,-0.19578497843687884,0.10653536797832991,-1.4853644275001556,-0.24218625067622962,0.3060776010881913,-1.583978820804434,-0.23730216186377573,0.4433102546946504,-1.592304343223602,-0.24868031085948616,-0.08916613068468408,-0.8249777254143887,-0.3084868567778538,0.1823300455913425,-1.2913351158304862,-0.32234953711471565,0.37230244383118927,-1.3991587208140646,-0.2980133846622026,0.5043778609246591,-1.4286653651184684,-0.3010643868099592,0.024043235453639688,-0.663376430779677,-0.4061511866617635,0.24710381858748298,-0.9661593004249096,-0.40507298829867566,0.3758373308260191,-1.0278613435619717,-0.37837001061491815,0.4693243771069896,-1.0498075064287373,-0.37200501129878943,no_gesture
0.0,0.0,0.0,-0.056654003836827616,-0.45919355706083487,0.19352023136190036,-0.06582636799694486,-0.8672095231314847,0.20708221626109227,-0.010481104479400226,-1.1755698319854577,0.18161338266924124,0.08678591149684659,-1.3769929700009282,0.1490297891647179,-0.2126127994835879,-1.0781932071383988,-0.053569076269868336,0.01863415814992243,-1.5655700263706938,-0.09054544355631025,0.19787599732197675,-1.6601636520826937,-0.08777145659783267,0.32094959628870123,-1.6680753842060905,-0.09120863085895528,-0.1770381547747202,-0.9638679043221209,-0.19903802343181676,0.10753683407952695,-1.4833624631051912,-0.2482099541174864,0.30736043671098084,-1.5809404926270865,-0.24403217234966912,0.44502293737603255,-1.5875461498900991,-0.25547523119394705,-0.0921971831284517,-0.8211256891079909,-0.31358766362113943,0.18308166025486813,-1.2866482157959103,-0.3297635535433012,0.3723461449757392,-1.395325086149788,-0.3056520723900392,0.5041559480110765,-1.4246867411992628,-0.30844761868528003,0.020630261809117943,-0.6574199647112073,-0.4127830740994349,0.2471335477483694,-0.960347158172844,-0.4131285110715926,0.3752617669438082,-1.0228434578485615,-0.38648409633580877,0.46808305752172197,-1.044380365750408,-0.37998248948663615,no_gesture
0.0,0.0,0.0,-0.06065955672166595,-0.4576294402922082,0.1952880256085117,-0.06908972322113027,-0.8666683547940811,0.2090170517866556,-0.01241587855828588,-1.1778313473705977,0.18381554909372946,0.08680199703160994,-1.3798845502170303,0.1517248319244081,-0.21009219468361268,-1.0794159282140796,-0.056071904534640865,0.02229108029634656,-1.5735366374192583,-0.09175698773309454,0.20245599785082122,-1.6665895951089247,-0.08589376622887825,0.32448956648508076,-1.6716410492174445,-0.08695717441773318,-0.1731594833363349,-0.9640220141529695,-0.20168621559031927,0.11104725328603807,-1.4924936297080913,-0.2493942645296704,0.31165404995463797,-1.5893627599709392,-0.24119501968811075,0.4480339101584912,-1.5910306054769545,-0.24946953562206256,-0.08695998145796678,-0.8206228144901443,-0.31592889974788185,0.18832814259965305,-1.2925896678883162,-0.330335023022746,0.3778979644510839,-1.3988907295359347,-0.30279024243901453,0.5078990402337383,-1.4230438064473812,-0.3028821932921231,0.026576114088574843,-0.6567908753081075,-0.41462196674129814,0.25166318516651365,-0.9660285469333396,-0.41393982654667016,0.3788038288726227,-1.0302869497177158,-0.3857442741637089,0.46973117791676366,-1.0515354633657505,-0.3776535456910385,no_gesture
0.0,0.0,0.0,-0.055383914191432515,-0.45599392851286114,0.19236928542987017,-0.06390921083068167,-0.8637131451119197,0.204814994073367,-0.009838532028690356,-1.1750749067091288,0.17848397272903185,0.08657573536888948,-1.38023769797648,0.14534645670646573,-0.2069290341729776,-1.0794645736237378,-0.0555088637903475,0.024432313463502758,-1.5670971696686047,-0.09140650726537008,0.2040072167614958,-1.6589765626836832,-0.08649081634613275,0.32645141926233795,-1.6644187491852163,-0.088308310388433,-0.17152537804582135,-0.9645873152830221,-0.20037548722667928,0.11225688386913835,-1.4836270488909922,-0.24855053424420454,0.3125657174355013,-1.5770102841802747,-0.24129879835616766,0.44890509049580146,-1.5760228121056228,-0.25000713013679937,-0.08688522024608884,-0.8206630982666807,-0.31430449415064093,0.18745665039062667,-1.2861522199691933,-0.3293256332129277,0.3760989676976321,-1.3871784086969083,-0.30143110360800524,0.5048091364381015,-1.405835962639122,-0.30112161873080556,0.025635880175797033,-0.6560464577551058,-0.41304022239888144,0.2492616623862839,-0.9652529801571998,-0.4127416654767968,0.37535988771846934,-1.0268692660437515,-0.3840773149388572,0.46476612559794,-1.0439573451267394,-0.37554014995666424,no_gesture
0.0,0.0,0.0,-0.048745968825056885,-0.45802411409699395,0.20063730621829162,-0.056020992406953504,-0.8634154009686905,0.21700358735905298,-0.002366594192652979,-1.167099913054989,0.19279061544255496,0.09220703109300232,-1.3657412168359113,0.16122641274004942,-0.2074233999966784,-1.078832765315448,-0.04675419787595118,0.02214722966879609,-1.5649451024375916,-0.08295935706914012,0.20282264466527003,-1.6562641595578762,-0.0787530556580327,0.3258886465829411,-1.6594964831087249,-0.0810540880525805,-0.1746499697024298,-0.9649980197660596,-0.1956430165646692,0.11366286710346055,-1.4822418242407653,-0.24565227256792369,0.31584572044291703,-1.5646710539598474,-0.23903910709877485,0.45124597312552267,-1.5577434084861248,-0.24741189270764136,-0.09215529943132329,-0.8219004838131037,-0.31337711694382236,0.1864143962139716,-1.284514748250862,-0.3300636170703757,0.3782114718256281,-1.3825465057905948,-0.3036755227740131,0.5087583893386776,-1.4018437088883486,-0.30406189362217734,0.019023413278318572,-0.657082375071048,-0.415337506200601,0.24854114731972615,-0.9583968010775297,-0.4159659812254224,0.37817732892891975,-1.0187479922253118,-0.3884649772249051,0.46950906030631595,-1.0377878303062131,-0.38063965809189915,no_gesture
0.0,0.0,0.0,-0.055596006011013034,-0.45920456783608077,0.19562634545602978,-0.06391657932379416,-0.8666528147567896,0.21159524519506925,-0.009429381263085356,-1.1713124279900209,0.18852042439490604,0.08761057061515425,-1.3726399468125186,0.1584882769569955,-0.20576391963578652,-1.080104287668362,-0.047419256623650874,0.021013381665119985,-1.5669424824236013,-0.07964774637790113,0.20007381832037918,-1.6591498682863706,-0.0747274395119145,0.321936572535738,-1.664493422467541,-0.0771964417168417,-0.17058737221219572,-0.9665700950149433,-0.1914214717959837,0.11225399454433431,-1.4772347041512561,-0.23368030025879735,0.3124747187150967,-1.5655966897482543,-0.22656205586208134,0.44746093234110107,-1.5630396706760716,-0.23682249105441597,-0.08705970614877605,-0.8237531890794466,-0.30443347325134584,0.18851696497646095,-1.2785656486707453,-0.312098100901498,0.3791954332740741,-1.3733164151315234,-0.2856640427310121,0.5090613740246623,-1.390515959856817,-0.28851584768068705,0.023091235678007284,-0.6585078773107735,-0.4023646344717078,0.24989763239048385,-0.9571127873523599,-0.3972657610117212,0.37921660538160057,-1.01813755553557,-0.36970876932839447,0.47126058933474835,-1.0383227570927842,-0.36316707519108377,no_gesture
0.0,0.0,0.0,-0.055375026979748464,-0.45605442499834636,0.19949478568293483,-0.06321606473247512,-0.8642280579030787,0.21630380780878056,-0.006291260408940218,-1.1712401601656393,0.19345925090061766,0.09443749878214432,-1.370363446005316,0.16361638915790097,-0.20625490380468978,-1.0801551107866945,-0.04732097159071908,0.020195523809012798,-1.569984842023432,-0.07971545218208302,0.1992891056377774,-1.6644059410453242,-0.07387653555714875,0.3220769740925097,-1.6710732245286075,-0.07545143316862206,-0.17078378426217639,-0.9661148223874925,-0.19353301784520824,0.1146407018439735,-1.484244162134133,-0.2364686314387961,0.31639784124280546,-1.5732378516105026,-0.22804714304470036,0.452888880799285,-1.5693416069824484,-0.2368798944741558,-0.08576196053057769,-0.8233234114441546,-0.30836156853031904,0.1910564259914205,-1.2858086249704086,-0.31751767832783306,0.3824784625109926,-1.383240902194073,-0.2898227784380041,0.5134052976963571,-1.3991676725350284,-0.2910451137432725,0.026738767835789056,-0.6601257527882526,-0.4075837299051058,0.25294274349682017,-0.9644024791662904,-0.4028473554954266,0.381165830906719,-1.0213351579778824,-0.37385462934044034,0.4725173113113399,-1.0350326021792247,-0.36599003320195517,no_gesture
0.0,0.0,0.0,-0.05596252968646386,-0.45689675377520195,0.19769998772478553,-0.06330813101594392,-0.8648667822298504,0.21393877737688807,-0.006668469036599483,-1.171319628985455,0.19090821754623252,0.09209376270771337,-1.371976780174528,0.16102708137678257,-0.20359290814394793,-1.0795840994926982,-0.04910389988874611,0.02316176030756713,-1.5698156566990025,-0.08228241514024716,0.20286389379924602,-1.6611151949141738,-0.07607487879994328,0.32466487727713333,-1.6655020239424818,-0.07716460506038564,-0.16758539886281887,-0.966488248153357,-0.1944622849537775,0.11567877133277002,-1.4870412888185667,-0.23878420186100544,0.3172033540198375,-1.5755590908567627,-0.22986151293560853,0.4522548054845547,-1.5703993622895438,-0.23779585852607554,-0.08304561088820353,-0.8244224473065652,-0.3086683991990736,0.19114960265506484,-1.2885020696096072,-0.31907214841394693,0.3825411915217571,-1.3853131981269062,-0.2912685373383865,0.5125482512111481,-1.4004136058412082,-0.29187857404545287,0.028169873655679963,-0.6608179231718389,-0.40737959408789787,0.2542921402048573,-0.9631420508561913,-0.4035914891388159,0.38366023146655415,-1.022308654825684,-0.3751038866770574,0.4754919833110598,-1.038847716728835,-0.36717848066318887,no_gesture
0.0,0.0,0.0,-0.05519390548183541,-0.45478010133734326,0.19682545779047075,-0.06268644551826165,-0.860598438317597,0.21276685463305917,-0.006660179186318099,-1.1667655857119614,0.18956170228861527,0.0916439570433597,-1.3662527760033198,0.15949697183748787,-0.204094415187797,-1.0789384306228365,-0.04851589949772112,0.025252565531699873,-1.5642727210914678,-0.08122473749911226,0.2054900622369885,-1.652348789618572,-0.07505973579857758,0.32742843893586243,-1.6545830655873126,-0.07627330996986499,-0.16784752661926508,-0.9666079058483085,-0.19363972774031163,0.11689225770306957,-1.481096473527045,-0.23722554017952804,0.31752876637654326,-1.568313364205921,-0.22830811287306707,0.45217529845962673,-1.562761534782902,-0.2365522073592401,-0.08295234178493122,-0.8246923517926542,-0.3077502226877032,0.19230101022623566,-1.2832883504144161,-0.31775509542278374,0.38178113072724573,-1.3796134568020462,-0.2898678729094349,0.5104817850631153,-1.3960525997465039,-0.29067144587360866,0.028961841016361005,-0.6610541245892775,-0.40647923063459723,0.2557209491075572,-0.960526715344311,-0.40253529026156054,0.3839178315943897,-1.0178119589639387,-0.3738811662212277,0.47490874626905183,-1.0338471022162232,-0.3659639483254028,no_gesture
0.0,0.0,0.0,-0.055846343767562256,-0.4535373440225924,0.20142556577941803,-0.06251486825720788,-0.8604501037813441,0.21930114001327045,-0.003997476740087283,-1.1675775480195059,0.19735520050078506,0.09668748790013396,-1.3654907739621789,0.16868759130314276,-0.20347029731790808,-1.0792941215601217,-0.043790990621930995,0.025260086203708735,-1.5672305834462184,-0.0737897340371408,0.2055539644291342,-1.6558085417443078,-0.06583328412164982,0.3267149119606816,-1.6576916035438538,-0.06599413572663948,-0.1661733745551788,-0.9675302285255298,-0.19045116559968722,0.11716722526325023,-1.483733202267384,-0.23033328493591268,0.3181218322849828,-1.5723506472515416,-0.21936487071332925,0.4524313284190503,-1.5666623635604704,-0.22673933299791962,-0.08036880572906373,-0.8267634293061452,-0.30564416984100573,0.19597630689262097,-1.2839348430924535,-0.3111386774751183,0.3853231228557591,-1.3769929219524735,-0.28037625103235586,0.5128775474521923,-1.389103294372762,-0.2799409912337943,0.032661056353782546,-0.6646676053118182,-0.4053124817795169,0.2589235219961391,-0.9694061697751285,-0.39794973603620254,0.3870653272309044,-1.0250992275220197,-0.36712455165550034,0.477232462812557,-1.037185778466123,-0.3579619574486083,no_gesture
0.0,0.0,0.0,-0.05582237961081557,-0.4540670310606394,0.19110881585189185,-0.06224605778131786,-0.8633250816824819,0.2039045214680053,-0.005339920237821008,-1.1719270810047957,0.17833248735841586,0.094218569359388,-1.377634096476108,0.1462269119774822,-0.20292604193742358,-1.0783522987232794,-0.0563910968962697,0.03226958425422985,-1.5713943057608468,-0.0928125618086005,0.216767658530966,-1.654812235458651,-0.08563264120217509,0.3388592143051436,-1.6501210275873992,-0.08514891790615918,-0.1668311285262017,-0.9655281920843829,-0.19980656857304893,0.12233082111457441,-1.491917773536571,-0.2488558013383645,0.3261515806277078,-1.5639836904644215,-0.23711707239764093,0.45695376868865795,-1.542642932990765,-0.24071507679900578,-0.08185946466371218,-0.8240980086919724,-0.31285754632256185,0.19500993648523043,-1.2939798825336974,-0.32728105985311007,0.3874217831826717,-1.37539646005324,-0.29624594088505385,0.5131768464575654,-1.3755460332942033,-0.2926412776229835,0.029819771578799524,-0.658766176929066,-0.4110798245381412,0.25900265717401855,-0.9635108975242856,-0.4102997495375025,0.3897830702744122,-1.020297920849026,-0.38088738358232294,0.47978986973336635,-1.0328016734969683,-0.3705454114306682,no_gesture
0.0,0.0,0.0,-0.05569993548103526,-0.4496834870456781,0.1985985258979407,-0.065269122406653,-0.8558336268507194,0.21898117406674883,-0.012122751058356957,-1.158251990846584,0.19989294583197445,0.07925826884842414,-1.3595469235506181,0.17410543382318489,-0.19998824994594896,-1.071875876818965,-0.03348620959049003,0.034306553811755666,-1.5528391565903772,-0.062083203789070764,0.2176358377488824,-1.6374622983105838,-0.05339469120608226,0.3372178768973004,-1.63592136664582,-0.052196209363362465,-0.16173222995657158,-0.9709628125035082,-0.1762778560357225,0.12314089736623583,-1.4853735403135147,-0.2150809717815885,0.32368602757920256,-1.5617751183181385,-0.20398221481034068,0.45290297724041,-1.5436504712551349,-0.20935030627111334,-0.0771142379787487,-0.8387290150103677,-0.28871766919334696,0.20043325205968096,-1.295134975763732,-0.29266475361511635,0.38539500433244167,-1.3724102075637516,-0.2627595236892627,0.504916534007851,-1.3700758293412187,-0.2616314726201124,0.032812098572005004,-0.6788308014319722,-0.3862130426040789,0.2648840804015637,-0.9746273691837517,-0.3770195937571317,0.391116110633617,-1.0331557362972563,-0.3475458800571427,0.4766674934184862,-1.048088444287281,-0.3383297401578173,no_gesture
0.0,0.0,0.0,-0.09268160535775763,-0.4483173473138473,0.19472627245253873,-0.10142322748416242,-0.8614225374545771,0.2107513207752934,-0.02727383992429444,-1.1641697206650745,0.18903464596413114,0.08880183476891455,-1.3394882230057754,0.16228623287105312,-0.20796057207637836,-1.080774839528118,-0.04810251076710637,0.0316159214749576,-1.5814692217294017,-0.07660410030761759,0.21845670652307267,-1.663138221105063,-0.062309139271816756,0.33665829917513423,-1.6564250806802887,-0.055737007648540206,-0.15279971009449597,-0.9702957134589154,-0.18755920942009607,0.13786075938841874,-1.5042118352619611,-0.22383015303149612,0.34220853754012254,-1.5870864846288093,-0.2032984799051496,0.4667768012717122,-1.5700895640647186,-0.20085139172403302,-0.0513641464017348,-0.8320093218893223,-0.29621895912032065,0.22694441385323816,-1.3143009834984893,-0.2976810966999149,0.4105264607603672,-1.41083979803685,-0.2598364453870338,0.5207655914986477,-1.4187542344968347,-0.2514951068420482,0.07521010359227644,-0.6713391107087817,-0.389866713906067,0.29594960242739987,-1.006952064635484,-0.37698283042068687,0.41230432611725554,-1.0873263558295387,-0.34191303441418053,0.4862848989295069,-1.1126225761742856,-0.327751231865314,no_gesture
0.0,0.0,0.0,-0.09974045972816091,-0.44622942556237816,0.18967236132990567,-0.10963441978421984,-0.8627898912459547,0.2014313485927815,-0.035748254190293566,-1.1745354038558933,0.1772628540614688,0.08074385764684447,-1.3499446978222678,0.1483257623178701,-0.20276896745753953,-1.0847018907310608,-0.06952627641598814,0.02894290587381729,-1.6045007691529405,-0.0997584366779907,0.21569011818522904,-1.685286369273151,-0.08161642063423119,0.3313815696284786,-1.6707332203526553,-0.0720063508082418,-0.14436965702961427,-0.9676626212033621,-0.20684881835531319,0.1415076472883015,-1.521131641220871,-0.24737691703543827,0.3504384001356507,-1.6095421998091963,-0.222053033908997,0.4754719496339086,-1.5800023103083567,-0.2145269322190752,-0.03848656044307667,-0.8239352019425302,-0.31232113256209115,0.233046241063277,-1.3216804053011655,-0.31811061484421654,0.41998189082588205,-1.4241818977398302,-0.27678495332675784,0.5296205511153321,-1.4245942868735244,-0.26399514230990806,0.09386543850458298,-0.660111233298252,-0.4024538994662185,0.30712707235045383,-1.0103671591931906,-0.393060650316864,0.42201468302089185,-1.0969813337531222,-0.3570682689152762,0.4932775660664202,-1.1215428701130141,-0.34048448118133257,no_gesture
0.0,0.0,0.0,-0.10060509548385886,-0.42449653850768587,0.16867250222108524,-0.11457693439197936,-0.8453271612985753,0.17102828208169843,-0.05647571573026638,-1.1729016541818313,0.14086284964553325,0.038069428907727916,-1.3607704108892118,0.10704240803336239,-0.17858883915700732,-1.0924007072543063,-0.08889534364410505,0.048263321166453585,-1.6180776530350154,-0.1219793136755418,0.2323785144274169,-1.6960025475182758,-0.09905394615906261,0.34959727001115126,-1.6731353207607877,-0.08433411131177387,-0.11238218252183844,-0.9698797253323604,-0.21611002623861,0.17301582746465188,-1.5269375897425104,-0.26569106182433483,0.37927017822231457,-1.6090797239320462,-0.23656530939295198,0.5015079195864333,-1.5664809503199348,-0.22017300923578004,-0.0015012144968116284,-0.8200740710800437,-0.31250979354035063,0.26689708997618083,-1.3173986238421755,-0.32916253266553797,0.45024744147024365,-1.4207230395629276,-0.2830185072410928,0.5550543559320084,-1.4177804482674217,-0.2600144215193263,0.1338085596850212,-0.6504705740212255,-0.39480059936749845,0.3358902195072533,-1.0086042056930429,-0.39221426643765356,0.4414080690871742,-1.10940621201608,-0.3547293753958921,0.5054425777403678,-1.143364237498563,-0.3322964991541404,no_gesture
0.0,0.0,0.0,-0.09281331505791049,-0.4323895799290588,0.18017723209654316,-0.1171953789140544,-0.8485638034896062,0.18482074162146536,-0.0891211903059746,-1.1718806924205118,0.15596057817546077,-0.03657743716399687,-1.3627261321904338,0.12441020639191028,-0.14731472759409894,-1.10455147860095,-0.09082677927875417,0.08358939745836858,-1.6474093180301246,-0.11899656237728043,0.26932789382528666,-1.7234946573643124,-0.08050162358204556,0.38264477154378934,-1.692176414782611,-0.05297914778102105,-0.07821699046070203,-0.9721688762819937,-0.2208387610721347,0.21667456291147552,-1.5497928888456574,-0.26883846940192124,0.4259497992792209,-1.6142547727634355,-0.21739995078229674,0.5363226157323708,-1.5451614106639266,-0.17967228355511694,0.03688759341252789,-0.8120865209475309,-0.3188121257136241,0.3182961000413827,-1.3231184792476034,-0.33630445351163407,0.5029402994706672,-1.4072322076903592,-0.27134647440509796,0.5908899230097298,-1.3909578893266843,-0.2296600072834741,0.17493579730784037,-0.6286075613130746,-0.4010926813033275,0.39407774471555074,-0.9945006646419347,-0.3995489337689996,0.4974153720608541,-1.093350584149878,-0.35294213526673546,0.5462220385641733,-1.1281333151049273,-0.31858909994767154,no_gesture
0.0,0.0,0.0,-0.1135429124130568,-0.41543016441024955,0.17428810440605946,-0.16820459985085826,-0.8268674776039929,0.17401554760219326,-0.19342509372934064,-1.1480037889738974,0.14530669236758356,-0.20500865535158636,-1.342652961491808,0.11611017271612453,-0.1205513889842019,-1.0942405750934605,-0.12983730756810175,0.08103707839291142,-1.673857399513277,-0.1584137211829745,0.26482280801742664,-1.7606447633624212,-0.09769996699707523,0.3839146132746795,-1.7186659568252625,-0.05033159661893377,-0.03680152612983625,-0.9670974404827759,-0.25173034836145214,0.2347927495700959,-1.5816061843709803,-0.2928140652293308,0.43578202949150663,-1.6262323535333008,-0.20157994772112486,0.5341783853945582,-1.535563020618609,-0.13122136052036487,0.08420931965867558,-0.8001562272113626,-0.34178702662948013,0.3507676862756887,-1.3301767370291102,-0.35752972851398135,0.5189258687526258,-1.3854523779797088,-0.2588357955436538,0.5829930560298842,-1.349229599254319,-0.1884336279660529,0.21991389620630022,-0.6049057480351111,-0.41645357680682177,0.4329476301431506,-0.9782928462152914,-0.4156528941970196,0.5257544865449967,-1.076507907750685,-0.3536018547848277,0.5575721949599969,-1.1120375021291462,-0.3018671963590991,no_gesture
0.0,0.0,0.0,-0.12093355217905306,-0.41872446139799174,0.17752136622385212,-0.17776995317015992,-0.8315721865662833,0.1765084455531884,-0.20354479449144067,-1.15457989268758,0.1463222721167003,-0.2119561038313964,-1.3423247337932953,0.11581219398322966,-0.12045180018628196,-1.1041217465929933,-0.12932442229759925,0.08828795367206843,-1.6955890451317681,-0.15689006360050323,0.2730272893279204,-1.788170320407138,-0.09475265677013583,0.3930576085380907,-1.7453662466445776,-0.04671251676127979,-0.03382556491254404,-0.9668802721835474,-0.2529789525249401,0.24456646910884855,-1.5938346459629444,-0.2951036942501848,0.44653582500026084,-1.652138427735949,-0.20510004528828257,0.546030858646983,-1.5665662070078703,-0.13538516198782669,0.08987955239509116,-0.7903393206419376,-0.34383253379254525,0.36274648891459166,-1.3376373271305462,-0.3627656784068118,0.5318854105574795,-1.4029048041356569,-0.26671623613453277,0.5967980584242343,-1.3673600240781638,-0.19659956050566837,0.22525838189842343,-0.5890185890863155,-0.418435602880437,0.4437858298212537,-0.9732469445026425,-0.42084023611760635,0.534423590218789,-1.0805421157990955,-0.3605297554665639,0.5639953668761288,-1.1205964718096535,-0.3092649903573024,no_gesture
0.0,0.0,0.0,-0.12344439396207951,-0.41237384222119844,0.1731045626716471,-0.18629759773768534,-0.8161544659682952,0.17007373473702794,-0.21203287555565642,-1.140092175879331,0.14069245135675834,-0.21374784185398069,-1.3387573004273166,0.11150462011500763,-0.11549561848673957,-1.0883158156926511,-0.14448803115056763,0.08938976693538135,-1.6871748581720367,-0.1732259343134877,0.2751527597012312,-1.7776556782332846,-0.10695692515756673,0.39758407240300253,-1.7257674754238443,-0.054741748574137876,-0.025373206335882793,-0.9645470919493649,-0.2626881950378802,0.2453162170540713,-1.5982498809742582,-0.3044360461330299,0.4436766430352286,-1.6607186170936252,-0.2074913549607714,0.5425474570273673,-1.5738278207997998,-0.13241620814733843,0.09858961758336861,-0.7951980063715387,-0.347915176789156,0.36610085796387687,-1.3395414430185373,-0.3658478763797096,0.5265019807289073,-1.3998435566608922,-0.2638605552620301,0.5859504130417861,-1.3613829662381776,-0.18949229633569978,0.23360315622170422,-0.596971404443326,-0.4169840446932763,0.4480017313579268,-0.9635334576971029,-0.4176871048391953,0.5319980295148705,-1.0528554831180807,-0.3537577787204898,0.5553688519841732,-1.07906674876073,-0.2994488536310292,no_gesture
0.0,0.0,0.0,-0.12238819115505357,-0.4150658587173956,0.16468980889317306,-0.18446475513662494,-0.8178014618340476,0.15704044338608467,-0.2121408615047728,-1.1329358859853675,0.1247105105774172,-0.22226453185581702,-1.3285776537074685,0.09256998019074526,-0.10476257281059217,-1.083952606927142,-0.15707676367494425,0.0925984272849643,-1.6861795062647762,-0.18947552929528716,0.2742003726232713,-1.7771492815663732,-0.12412740460113163,0.39527514812204756,-1.7169597169917286,-0.07223023051029608,-0.010111450283173621,-0.9624304526724426,-0.2713399387150504,0.24739051027527265,-1.6066671837502848,-0.31895400059238826,0.44093401640014923,-1.6777824555598553,-0.2251205179733639,0.5392641387957197,-1.5940725052120126,-0.1512483436203497,0.11460076304500944,-0.7924737487348381,-0.3529053189316362,0.3703977134558827,-1.3394241031010674,-0.3760304856171368,0.5286101727310577,-1.409992026333947,-0.27915460307805945,0.5897281863041052,-1.380019582805189,-0.20715955542177192,0.24711904526473397,-0.5904689847687736,-0.41836452887552583,0.45512255079632885,-0.9528841632682786,-0.4232818289545162,0.5413195956354324,-1.0605704390967454,-0.3640410456380927,0.5699668867195631,-1.1069451133843238,-0.3128070993339241,no_gesture
0.0,0.0,0.0,-0.12339155284765163,-0.4199789366134877,0.1712460637061863,-0.18098658465557754,-0.8199765037871356,0.1662338684523028,-0.20290567539434004,-1.1339312853518002,0.13663734634662786,-0.20913074536445808,-1.3204783265672688,0.10791281087554519,-0.09252490094383163,-1.082615583290956,-0.15659737882092747,0.10467248065566571,-1.6898797144308986,-0.1852118712640135,0.2844684488093539,-1.7686588511155101,-0.11329548603682149,0.398911958488853,-1.6898655297683924,-0.055842980822605526,0.005444569244369756,-0.9625356671353332,-0.27110039866824565,0.2683859335462527,-1.6055454232204391,-0.3106226039336191,0.46023514652035225,-1.6726644918948756,-0.2073746317816239,0.5521890803695297,-1.5797727177382705,-0.12766323225396758,0.1306512080320942,-0.7882075420897375,-0.35237137085251014,0.3911320153923017,-1.334250945284631,-0.368505047301252,0.5438887116456989,-1.4022103519261635,-0.2638976370633924,0.598574028485125,-1.3661416471922736,-0.1874258319794797,0.26099255693177875,-0.5822104365601348,-0.4171290375076423,0.4729264257231879,-0.9392540913625714,-0.4171483176314364,0.5539317281302039,-1.046592324563153,-0.3530476211945989,0.5759946623639893,-1.091125279073126,-0.29832501797290645,no_gesture
0.0,0.0,0.0,-0.12633912645545214,-0.4127350369269181,0.17606955770888255,-0.18684803957492566,-0.8055737975962745,0.17271038853640422,-0.2162589994695977,-1.116805674067701,0.14403930603031326,-0.2269471181249263,-1.310905825340825,0.11610503255831592,-0.09770988358422522,-1.077715284824934,-0.14793877495293042,0.09337657632311418,-1.6881961938462546,-0.17314853013124482,0.26975047414278674,-1.7769091463825628,-0.09962626150837094,0.3849788225583459,-1.7003766501105952,-0.04064294369452123,0.0017017764385844497,-0.9649923638788359,-0.26227241870331847,0.26105003036772545,-1.6065487420483748,-0.29490865750097306,0.45138055774311325,-1.676403123782116,-0.18844187929497663,0.5445383440610728,-1.5816878166606485,-0.10702677154994625,0.12859640397877714,-0.7954789285212333,-0.34333757073496546,0.3866000138661822,-1.3337496471486596,-0.35309923542126415,0.5349082834193587,-1.3984237526447048,-0.24520471835227775,0.5876600526005764,-1.354222945946529,-0.16715583613556484,0.259708411706325,-0.594055981663896,-0.4078597540071294,0.47092437719161695,-0.9417340649650705,-0.403349633893016,0.5492400601366457,-1.0399148077432927,-0.33658024623886995,0.5689627895767941,-1.0736480735160383,-0.2799050400733257,no_gesture
0.0,0.0,0.0,-0.12647653376688744,-0.4158850602662688,0.17486849321686315,-0.18634965389397565,-0.8136661995548504,0.17000518114693874,-0.2132981578311393,-1.1318588644665797,0.14064038565236117,-0.22036650418394155,-1.3246727231559485,0.11236910320036887,-0.09743612616924166,-1.0739368098169495,-0.1560679672168746,0.09046879052693581,-1.6938998993561691,-0.18135075578362844,0.2676613531382069,-1.784851426317362,-0.10568101286425025,0.38263530083079533,-1.709201888973486,-0.04487060810567061,0.0037018949033814697,-0.9631040952505552,-0.26910365602446434,0.26456565983391706,-1.6130854255060283,-0.29980615675256134,0.45458486597686015,-1.6800230465747787,-0.18857363959664325,0.544425069118421,-1.5820617471126222,-0.10423015125781465,0.13249048211855083,-0.795969068141393,-0.3485037224224417,0.3938030614636384,-1.3452931910529295,-0.3563905576697137,0.5406659050562671,-1.4023673325460588,-0.24378268801852873,0.5899139481977289,-1.350256792818762,-0.1629596306613778,0.2653531451010659,-0.5983099914148771,-0.41140215109633554,0.48086989915615896,-0.9515563255953545,-0.4037726493892311,0.5573010163143604,-1.0380508837084876,-0.3327367813973939,0.5728230183833638,-1.059581890029116,-0.27333683567775235,no_gesture
0.0,0.0,0.0,-0.12457032890732381,-0.41519843577383136,0.17728265901344514,-0.17987684843622107,-0.8123482200158877,0.17898912221187993,-0.2031152449303122,-1.1269598111148191,0.15548930339845815,-0.21378154858492554,-1.320685353340503,0.13274319823605954,-0.0900241543572954,-1.0763285192001661,-0.13648465061724005,0.10098423390287482,-1.6907463247814802,-0.1567490269465437,0.2725232802514924,-1.7823010624517448,-0.08041026274972919,0.3816163840072359,-1.7103599608922673,-0.019475162415928525,0.011921130787400761,-0.9683901785771739,-0.2491552300795998,0.27144209760444354,-1.6136966352146953,-0.2763572803814019,0.45525434166555506,-1.6792403299069179,-0.16731953263113578,0.5412682912956138,-1.5823761936644711,-0.08407935571695166,0.13980374191147643,-0.8016843735945633,-0.3289606897155959,0.3970576379937284,-1.3442286515318398,-0.334928865706843,0.5412471317867384,-1.4054377867027108,-0.2258994452471667,0.5915617136330641,-1.3588762191660666,-0.1471073725092181,0.27045988685374645,-0.6020090504990574,-0.3923912320359753,0.4803234452162435,-0.9464615556824657,-0.3838040890260442,0.5548565183564697,-1.0401555879565068,-0.31538075581708974,0.5720728503681612,-1.0707435009607627,-0.2576897473432634,no_gesture
0.0,0.0,0.0,-0.1253916897152648,-0.4161384517842271,0.1705036461213756,-0.18188740698427672,-0.8133834293085721,0.16591400693320701,-0.20756446855490732,-1.126884167397457,0.13684261566581982,-0.21320401185507903,-1.3134404095467715,0.10862715538548735,-0.08670769740334659,-1.0750307334508185,-0.1501959262689441,0.1032240328466805,-1.690123367785574,-0.17667631724345395,0.2804381112771611,-1.7776404198186357,-0.10335242505330877,0.3943283597301836,-1.6960860946681193,-0.043614800131781,0.014990625714875225,-0.9651447751981089,-0.26128686160706116,0.27665767353499987,-1.6119727165379825,-0.2947500808347707,0.4612850264372512,-1.669380523643325,-0.18742045229576765,0.5445066711437669,-1.5610796423160043,-0.10437062013782296,0.14208612674939022,-0.7983327555802879,-0.339920824472784,0.40462257721263933,-1.3452132976215065,-0.35067850777302073,0.5478650026692198,-1.3945327326349355,-0.24154834091357538,0.5930409885941178,-1.3337932820101002,-0.16190583353692234,0.27143009228600595,-0.598780816161582,-0.40275558993286714,0.4837295032860195,-0.9509851540769673,-0.3964531356275187,0.5560678880928275,-1.0348113638164465,-0.3273759638754966,0.5680062773710111,-1.0512394654441586,-0.2689231034755609,no_gesture
0.0,0.0,0.0,-0.12538382843839765,-0.4191245495240548,0.17310401829700264,-0.1823175776112013,-0.8154680536496652,0.17206590372823066,-0.20502269071546939,-1.131769283979993,0.14676728545558282,-0.20470240436291148,-1.3218920771455571,0.1226230382333842,-0.08873329825775726,-1.0754504574611892,-0.14212331971468273,0.10117316590527406,-1.684312099382177,-0.16249507549042652,0.2754591560824234,-1.7732434051773838,-0.08593745105012504,0.3869668497253723,-1.6971376677983248,-0.024305571421059397,0.012692161007433951,-0.9677601428541472,-0.25155356278908275,0.2747777332959013,-1.6030635946116687,-0.2753822736681896,0.4571084752190507,-1.6611829461471606,-0.16348299263773544,0.5398248686290772,-1.557856397379161,-0.07890574909080449,0.14035802970780512,-0.8006917242031514,-0.3284591339049209,0.4025916665770519,-1.3355816044262736,-0.33040032705907696,0.5446793783032247,-1.3876693939419686,-0.2182789830860924,0.5906518699179667,-1.3329082990988665,-0.13833472064684296,0.2710343186931055,-0.6008297830578236,-0.3895649521061785,0.48507083094289605,-0.9450455975882256,-0.37715925059817695,0.5587346563128153,-1.0292874226095863,-0.3058465441993206,0.5724374836200364,-1.0496277774298963,-0.24659434933485128,no_gesture
0.0,0.0,0.0,-0.12275369054296435,-0.42675824291609643,0.16783610817491854,-0.178306336767587,-0.8264814882026698,0.16018570753155476,-0.20085141903794934,-1.1401440827810656,0.12915534362068895,-0.2001117625167348,-1.3298048760427175,0.09944394471450384,-0.08817825640153491,-1.0798287651914846,-0.158525580959086,0.10156019466396532,-1.683082078781728,-0.18401803233879185,0.27769163607763697,-1.7711145564988464,-0.11049371837232513,0.3911917862041546,-1.6956957497531047,-0.050961126730698456,0.014967656120307045,-0.963495195158594,-0.26730686144685134,0.27449376946022186,-1.596559568503295,-0.29722109027492954,0.4576018789782134,-1.661130533743761,-0.187644839110928,0.5424356726273497,-1.5645768150763089,-0.10478167184021185,0.14319622183457467,-0.7910510007683429,-0.3430051000446857,0.4051812264794955,-1.3257628554732954,-0.3489900984301275,0.5473533189956014,-1.3858422023325865,-0.23695076652696434,0.5933682926109254,-1.3392368931662542,-0.1571701116775307,0.27433314042384094,-0.5879074503410192,-0.4029121691970186,0.4898928112688917,-0.9417545523668674,-0.39277918821243063,0.5635295757789577,-1.0347425516618336,-0.3210563479628217,0.5765989754413382,-1.0622710169501959,-0.26197630036103264,no_gesture
0.0,0.0,0.0,-0.12236288940646517,-0.42318708691570356,0.1633962737761044,-0.17626144088632936,-0.8248308250799433,0.1552604663656464,-0.1979314575331152,-1.1370726351300364,0.12403908601504293,-0.19832508142287875,-1.3210687854502257,0.09359824549359717,-0.08694348132859739,-1.0748348414707356,-0.1609603159715013,0.09966516028209726,-1.682556621564804,-0.1898421454030845,0.27728582940645374,-1.771655227740368,-0.11873982086699314,0.39229319585279715,-1.6951419622782855,-0.06065227781382191,0.015222893178975369,-0.9630900586421789,-0.2687485487735052,0.2766667911438323,-1.599276975057884,-0.30257931330562254,0.46227557359371163,-1.6590691249232052,-0.1958974666833894,0.5476032901457455,-1.5601876711676481,-0.11438695696042647,0.14282540688553466,-0.7928064571017981,-0.3442735492732559,0.40856225688550113,-1.3279897558081706,-0.3547422422154998,0.5524131289149914,-1.380975345027451,-0.2459469145194128,0.5983806357232464,-1.331191048508866,-0.16768552995035854,0.2733465940639795,-0.5893661038395017,-0.4045088665196563,0.4923536144491141,-0.9345205915594491,-0.3978287013648609,0.5645972184245819,-1.0216520317004598,-0.3284444208232291,0.5745337019034169,-1.046018031487033,-0.27062915841292196,no_gesture
0.0,0.0,0.0,-0.12315823872279964,-0.41566163764547376,0.16534120804605343,-0.17964889748031207,-0.8155964353187761,0.16074928932407628,-0.20753587538101387,-1.132462313499315,0.1327202094848106,-0.21687044415808732,-1.3227459876185743,0.10559604089780529,-0.07908889861489646,-1.074555679177233,-0.1479314279847276,0.1042426744820007,-1.6948405399374322,-0.17216549567550876,0.2794772334849423,-1.7917766048303103,-0.09789812115440806,0.3943635370265471,-1.7180249610138025,-0.03753437824588556,0.024264828136977723,-0.9666074774811376,-0.25511013816199923,0.27976078543961935,-1.613916239439722,-0.2827102358723504,0.46332938381518435,-1.6781795980274437,-0.17345762313015473,0.5482564881648544,-1.5755223989473914,-0.09017779814641734,0.15281515176750485,-0.7975550647736763,-0.33079088913579036,0.4146449131148608,-1.339035539601479,-0.338266346639842,0.556561156715454,-1.3949018625207412,-0.22959650110168922,0.6011836701792743,-1.341567469156115,-0.15081390310385442,0.28240004201679025,-0.595192296980116,-0.39123223226085396,0.4985034136314653,-0.9388781275668574,-0.38421788980023214,0.5691472401867426,-1.027762744313965,-0.3157810609251003,0.5786165853527285,-1.0513296723108017,-0.257851008862328,no_gesture
0.0,0.0,0.0,-0.12392180354818762,-0.4140722695453005,0.1671380332103874,-0.18221820234186858,-0.8144939520773504,0.16096912697242308,-0.21133214000050485,-1.1347908535386493,0.13097450380137238,-0.2237128906667862,-1.3303936105735936,0.10222559199961788,-0.08295508075237,-1.0727488918395713,-0.14954507469259626,0.09962548302406764,-1.6907232523322209,-0.17357869342443236,0.2757222092610695,-1.7859036591159467,-0.09853365057305447,0.3914369772185157,-1.7117589348119113,-0.03775626042493367,0.019447686781140026,-0.9659946444392796,-0.25782962280058425,0.27985657286860216,-1.6063948326737991,-0.28477687272984165,0.4665592029188199,-1.665716624146862,-0.1731180557976265,0.5520240328529983,-1.5611678352365292,-0.08819691319215757,0.14787953748299382,-0.7974151416880341,-0.3342581498583595,0.41526155835619233,-1.331822560755614,-0.3403854671967589,0.5579976676787542,-1.3773666927666526,-0.227266017368481,0.6007578199653071,-1.3168075162440218,-0.14559889445073484,0.2788986105692955,-0.5954532967327194,-0.39540691521589355,0.4988463992337236,-0.9387787319267943,-0.38628164454571795,0.5689495364815356,-1.01720128873214,-0.31429079824840284,0.5751553176411272,-1.0310322366404245,-0.2537901365388771,no_gesture
0.0,0.0,0.0,-0.12311381355807657,-0.41469748294647696,0.15728860193442204,-0.18262065426623839,-0.8162460312841239,0.1455524268411117,-0.2112172496761896,-1.1363264640523651,0.11123576275713512,-0.2165242931389537,-1.328974070246569,0.07789665186765565,-0.08188965887197311,-1.072719627491911,-0.16463243703947275,0.10330523073176848,-1.688769115631972,-0.19588909607492902,0.2820777520694605,-1.780971798010342,-0.12551920166853767,0.39964635633184836,-1.7039224593422766,-0.067552704447482,0.01926315240378194,-0.9623843137879349,-0.27100801378260664,0.2803246607338878,-1.6028425629281038,-0.30567209673860285,0.4685727068407388,-1.6610992204114188,-0.19900451982548778,0.5559470624877605,-1.55561935504151,-0.11711673493360203,0.1470519670496932,-0.7905971724792752,-0.3462889455869308,0.414163773417588,-1.3229716098095567,-0.35912056425841754,0.5580254767665047,-1.3704191501487937,-0.25082623633998535,0.6022684430115708,-1.3124827728985968,-0.17197082380842166,0.2788200250855381,-0.5853610539394669,-0.4069402088982804,0.4986081782341549,-0.9269643183732325,-0.40364834140440226,0.5694934171645789,-1.009917443908618,-0.33562589667257403,0.577191318495203,-1.0283912077548598,-0.2777918216989659,no_gesture
0.0,0.0,0.0,-0.12365004444505914,-0.4168692087592156,0.16095846374395764,-0.18348306576218673,-0.8165460343303426,0.14975548721752982,-0.21488438435560078,-1.1352237248080204,0.11580125625411626,-0.22461910673422195,-1.327888304901159,0.08260664211528634,-0.08159185311060767,-1.0708738306531103,-0.1671898246239294,0.10586302594493184,-1.6954813918512606,-0.19889845819666555,0.284114752627304,-1.7909066644700014,-0.12705754743698847,0.4006236953425306,-1.7136368048675976,-0.06779748915227465,0.021149816769842386,-0.9612823509149389,-0.27475244688637385,0.28335974929352487,-1.6109300571438885,-0.31037154031630587,0.4710768868987086,-1.6719609769120525,-0.2018049916410766,0.5578133899706328,-1.5668042002310962,-0.11816739345296491,0.14996231462867432,-0.7900569621688737,-0.35046077252132285,0.4180323220031452,-1.3287940897822785,-0.3648521590769161,0.5615475956485119,-1.3775237825506204,-0.25538672435839394,0.6054822708718511,-1.3193672986563336,-0.17502406269025517,0.2814753223258491,-0.5853388969643232,-0.41100853397975146,0.501373432792396,-0.925492481291061,-0.4087932024582493,0.570493967457407,-1.0056102085382919,-0.3400809146530232,0.5766086316783199,-1.0215286862283197,-0.2811897130895346,no_gesture
0.0,0.0,0.0,-0.12234966937027357,-0.4217230278751152,0.1574798230754849,-0.18151505972989565,-0.8216903665237322,0.14493128353300647,-0.2097333594421332,-1.1361939071405112,0.11071910974647493,-0.21562569552580324,-1.3153453313381611,0.07753346733899663,-0.0814344218888187,-1.077153140874009,-0.17313327136863085,0.10907713535239542,-1.688686426039,-0.20518835873462887,0.2910210926442965,-1.770780606514784,-0.13397068639787094,0.40723816702350835,-1.6858455415206421,-0.07530634618312919,0.023243142473452976,-0.9600451744804823,-0.27887810829231147,0.287344886199048,-1.5905627269628937,-0.3130208705450107,0.47318855609664606,-1.6474850198475506,-0.20403691383491712,0.5563336649904785,-1.5440018037613106,-0.12134638494085896,0.1525048862718665,-0.7826308603196108,-0.3527943434115748,0.42047338191404837,-1.3099719218061714,-0.3658307045579016,0.5605960813775723,-1.361527342816182,-0.25619608069058636,0.6008875273874538,-1.3113628084061077,-0.1768524322656477,0.2834796324956023,-0.5732433157107361,-0.41172992830549576,0.5021975037439235,-0.9142314510328402,-0.4087665989131327,0.5669144547981597,-0.9957358803357178,-0.33948884870458695,0.5690022829112049,-1.0142017659062372,-0.2810864063620393,no_gesture
0.0,0.0,0.0,-0.12336298989381063,-0.4173426176576824,0.15565111921350455,-0.18630133886041533,-0.8138692893965722,0.14193614114954,-0.21704026861427453,-1.1355879226203762,0.10689447535174243,-0.218571522581321,-1.3271200403031747,0.07378003457544485,-0.07827399958915328,-1.0754661783307011,-0.1680417108488732,0.11143814766026013,-1.6906450905484667,-0.1976337340401968,0.29093675391296847,-1.7749777046272415,-0.1236844821429325,0.40523793267603214,-1.687170948606404,-0.06278160982923037,0.02766878634297106,-0.9618731900404426,-0.2720926028831524,0.2924390339725308,-1.5931333708246411,-0.3040498513597574,0.47499510329073413,-1.6493412515174983,-0.19270015933469822,0.5547820180678438,-1.5429787870572083,-0.10757067758274286,0.15853485931879788,-0.7849125617355189,-0.3447882219774911,0.4279242977141816,-1.3122548577642636,-0.3577722820947511,0.5623161884482426,-1.3594426497531509,-0.24621024541478465,0.5966969679380714,-1.3031307356889514,-0.1644755341418616,0.291230038030605,-0.5770151630190462,-0.4026762825218616,0.5122241883209746,-0.9093217482981463,-0.39777996485269207,0.5667533549011681,-0.9760399991481431,-0.3256036093108887,0.5578201197457494,-0.9802016066974224,-0.26461101162309936,no_gesture
0.0,0.0,0.0,-0.1260925427449296,-0.4120569914729424,0.1558778566668873,-0.18723452037101143,-0.80714003933301,0.14159089932159427,-0.22445223728477345,-1.1230741712684038,0.10623922878851316,-0.24057755200062989,-1.298633011091993,0.07373058967805986,-0.06789249683747779,-1.0724618018202916,-0.1684657622309707,0.1217617220847679,-1.6953629234305192,-0.194718306790962,0.2958857863705276,-1.7619167880747926,-0.11407606211963993,0.39912065863257257,-1.658216767756223,-0.048862566633293754,0.04650633848291218,-0.9611706908611098,-0.27200743282213585,0.30887346849723124,-1.6037755988622135,-0.3053748068061731,0.48243883615960764,-1.6530527502983934,-0.18764781051073517,0.5508046750886633,-1.5455995887909182,-0.09596533271037316,0.17965613048473214,-0.7840702799094965,-0.3435975562610333,0.4470186174020339,-1.3170993616225724,-0.35829922567000744,0.5682974376876617,-1.3480214648376463,-0.23842465814163552,0.5895152086218827,-1.2862239644073017,-0.14860246529105775,0.3095599920674452,-0.5767499945468753,-0.40049550171489284,0.5281417495055453,-0.9064869785295235,-0.3921571833610472,0.568051889770565,-0.9499156374464227,-0.3127448292094101,0.5430122843202424,-0.9386411914821096,-0.24557668507064226,no_gesture
0.0,0.0,0.0,-0.1357074840626867,-0.40942961565015873,0.14710950727690356,-0.20263660108979514,-0.8006257251953957,0.12698177261109214,-0.24044594170491,-1.1281175639314616,0.0868691005175233,-0.24199042013526703,-1.3199672169808454,0.04996096770614342,-0.06516667949115952,-1.0737434000264567,-0.17811255990921787,0.11734296879495837,-1.711881883602671,-0.20758417428139775,0.2872558042631962,-1.7798023674478052,-0.12638617641609512,0.38910793621571993,-1.671235087977162,-0.06046826058872362,0.052720671554285344,-0.9587481484218527,-0.27932507708498655,0.3124318337050006,-1.6157501643287413,-0.3188232914603456,0.4809941612871839,-1.6675210538202463,-0.20093179912315992,0.5455488231573421,-1.5583673261979436,-0.10721586200467828,0.1871364850044548,-0.7761719645273422,-0.349531433684885,0.4517437881231794,-1.3251270259176509,-0.3725563627832438,0.5701114602754928,-1.357863919949542,-0.25287674315428554,0.5904713564436775,-1.2911704956922463,-0.16044883368629137,0.31552216526836674,-0.5647245504604541,-0.4053787633201353,0.5339042668670173,-0.9055009657515667,-0.4047406263487318,0.5729760656632783,-0.9483213037413277,-0.32632294741481865,0.5477587951418917,-0.9322463557417427,-0.2577938139701826,no_gesture
0.0,0.0,0.0,-0.13232578929798605,-0.40979001826917494,0.1631590009584407,-0.18822613143964292,-0.7970158184417389,0.1575724605411488,-0.21758224987494382,-1.116661527118686,0.13011241513339086,-0.21472291020012732,-1.2888448094471587,0.10581194482439406,-0.05243822054708867,-1.0717856774854317,-0.14460808723219168,0.1296312834250862,-1.699938136301056,-0.1620601294043464,0.2957277462508621,-1.7720874887585067,-0.07277805353472198,0.39168209050397085,-1.6664447234239959,-0.00012542194133029105,0.06555763172562466,-0.9668861256726351,-0.24664427198758906,0.3252478828156578,-1.6116076102842285,-0.2700276291138489,0.48557156002115087,-1.639822806919458,-0.13842114393971172,0.5391390790362993,-1.5138504940334139,-0.03427382690064946,0.1985541076724822,-0.7864966349986762,-0.3181550548977794,0.45967368873641395,-1.3238257369308768,-0.32869904837700725,0.5692825252767965,-1.3296898778624073,-0.19660914134751656,0.5821271907945709,-1.2443686393006141,-0.09531288193438271,0.3237488128496901,-0.5759577164864594,-0.37498329239199923,0.539112569682589,-0.8993943986893859,-0.363261569894664,0.5731277410188298,-0.9212081981578895,-0.2757843731765019,0.542764471060642,-0.8895312877643026,-0.20001341817283416,no_gesture
0.0,0.0,0.0,-0.1271484799884078,-0.402133418924779,0.17046920611344707,-0.18157112450817278,-0.7805131629750868,0.165952555037401,-0.21285739339656637,-1.0875594168386606,0.13781722974743976,-0.2239906536368423,-1.2443799952925005,0.11391808696437707,-0.0529814520803591,-1.0654882849880987,-0.1365155694423554,0.13019350979822764,-1.6882041947503725,-0.15183354822002404,0.3007873763204947,-1.7379620028268756,-0.06037460139622647,0.3959466043585574,-1.6235700116971201,0.013329774987388751,0.05927615981863517,-0.96829693468085,-0.24266718600755424,0.3144876620436513,-1.6098618084401937,-0.26454950480702005,0.4725025803374012,-1.6174921638668545,-0.12786037146387955,0.5198205802532971,-1.4839782551181893,-0.020021850521424033,0.18912156652194978,-0.7936602948982312,-0.31809496374745355,0.4536149680398936,-1.3183598204953046,-0.3231610782476023,0.5543902772352859,-1.287976351749944,-0.18070966615057676,0.5530907281330738,-1.1824517300518265,-0.0732923345204848,0.3139331662887629,-0.5881302435172566,-0.3793071618661319,0.533680424411246,-0.8995034966839832,-0.3590238493995255,0.5558323419453617,-0.8836603774143453,-0.26330113450890297,0.5074547344591364,-0.8224124832959573,-0.18248715248198438,no_gesture
0.0,0.0,0.0,-0.1339051192029279,-0.4045615771683125,0.1626170254951935,-0.19233191819932824,-0.784525288571986,0.15139856590702117,-0.22095599299271282,-1.1023925148035996,0.11794443896633475,-0.22555782461699844,-1.2885581488139528,0.08912562001348816,-0.0599719547030389,-1.0648713823951195,-0.14565999730001658,0.12427029178228179,-1.6829727947904978,-0.16489141019084771,0.29033275388831137,-1.748564289371069,-0.075823755098198,0.3868530917457226,-1.6455983989067797,-0.0027200092251943504,0.052520821382174294,-0.9671724621310573,-0.2486342128844896,0.3109446124118099,-1.6037621406226243,-0.2731877226768029,0.4627422742215841,-1.613625649211769,-0.1365123820436663,0.5087110082597239,-1.478291691474343,-0.02817843272790782,0.18266365629198947,-0.791356108310089,-0.3214444074505829,0.44896512160899,-1.3161513157671596,-0.3289241510436268,0.5454913557285838,-1.289936266093088,-0.1846732190554954,0.5433830399805637,-1.1841980603554851,-0.07558842388399906,0.3081062322008642,-0.5861878933341074,-0.38073916304139743,0.5279435434504595,-0.8987672444359385,-0.36147671102038575,0.5473405039525033,-0.8842884366236601,-0.26410654087447205,0.498144906429184,-0.8234197140450891,-0.18190388541476296,no_gesture
0.0,0.0,0.0,-0.13450531841181876,-0.40635947976534414,0.16493446798500067,-0.19208781844460923,-0.7860390162051297,0.15844423590738374,-0.21770803306327188,-1.1036254021117966,0.12977858954215155,-0.2154991871423578,-1.280212094806203,0.10514175796402452,-0.061858867769161226,-1.0653285903730387,-0.14196583175736738,0.12220035384168207,-1.6900988841321816,-0.15869980487558524,0.2877671343776896,-1.7542201500929144,-0.06854863258532369,0.3820374530210329,-1.6490298835297326,0.005014282336228881,0.05295652690684506,-0.9681854450139759,-0.24456600401742987,0.3104463525977329,-1.6119777747560156,-0.26758241629891144,0.46458837928144087,-1.6288907269725184,-0.13339082493936094,0.5120154826798786,-1.4967200854773222,-0.026959330835621315,0.18482444650979646,-0.7935425313410662,-0.31651206505737006,0.44518696419371073,-1.3281324179854628,-0.3241381778443715,0.5489700522235176,-1.3202713488210367,-0.18679039584387566,0.5548369560790867,-1.2229533334058396,-0.08216272282848844,0.3115618564997287,-0.5881917352530002,-0.37412009504057475,0.5274192712840435,-0.9072697708218525,-0.3565356512391055,0.5545967455166155,-0.9087948317120206,-0.26400770119050976,0.5145485387626474,-0.8561171807806744,-0.18512372456252607,no_gesture
0.0,0.0,0.0,-0.13359453017078685,-0.4079232721436939,0.16780477358607673,-0.19015429384720633,-0.7864745432963054,0.16297216999990047,-0.21743124085415255,-1.10110871612277,0.13620558179470516,-0.22172716645951293,-1.2740657169127179,0.11304853292286035,-0.062382235475093584,-1.0632780656750012,-0.14665704834138568,0.12099465846571011,-1.6988340750391706,-0.1638007564290641,0.28718622722258785,-1.7639071211759607,-0.07199039942692446,0.38217273609985447,-1.6529684513736893,0.00306515149004076,0.052140034816421404,-0.9668180884607234,-0.25008834557910625,0.30955249210251,-1.6231664183238976,-0.27318620587966314,0.46699209708341194,-1.6481585833660888,-0.1385781337582404,0.517092454685522,-1.515120863573206,-0.031989747878655966,0.18404804145884582,-0.792342452444579,-0.32216171861877135,0.4437160033698434,-1.3418458013360621,-0.331419375754352,0.5547253985704498,-1.3515653372441334,-0.19811447487970993,0.5671718516055245,-1.2627290981876513,-0.09603334138575159,0.31096672960879335,-0.5859754766783104,-0.3789854854670825,0.5258329238938905,-0.9135257570492513,-0.36389781744878014,0.5573679320481975,-0.9280316309088805,-0.27457606814110913,0.5221057089246627,-0.8825685875700588,-0.1977795265603971,no_gesture
0.0,0.0,0.0,-0.13170130196205793,-0.40775983596029003,0.17011306595466025,-0.1871425210742292,-0.7890774000777679,0.16674726984186003,-0.21447497195020684,-1.103106145456193,0.1406917359302837,-0.21742333691204777,-1.2744487957443553,0.11808769703094886,-0.06214210971125036,-1.0663871346451301,-0.1415760507095766,0.12425072673902209,-1.6939476155005684,-0.15835257285367207,0.29091395146284715,-1.7546794007689757,-0.06745220670497035,0.38455895643255983,-1.6440038370313366,0.006704929796234471,0.051415573419502265,-0.9677900548363414,-0.24645248744903042,0.3124829706052103,-1.617531838750578,-0.27002647748833847,0.46991526203966977,-1.6347903898819396,-0.13662984381554708,0.5180283761629698,-1.5004894369416433,-0.030606146056499684,0.18252288465770752,-0.7922066120795136,-0.32011394495004214,0.44352275844138345,-1.3374535101911278,-0.3293501913357826,0.5565406578821854,-1.3441832529211546,-0.19683578386519032,0.5699463398346437,-1.255366036687973,-0.09529850209547851,0.30841959520284024,-0.5845449800592603,-0.37842352993369843,0.5233161848894412,-0.9128015249862005,-0.3636991912644623,0.559270109822498,-0.9308135942414348,-0.27549444389727357,0.528703395596195,-0.8907547306963906,-0.1995749204368696,no_gesture
0.0,0.0,0.0,-0.13896185062251126,-0.40553530900313767,0.15555233609716593,-0.20034780955208178,-0.7921221554961935,0.14329577772893431,-0.22801942116836735,-1.1195760862546613,0.11027206217234356,-0.2258824345962386,-1.3095455340017983,0.08144798898222351,-0.0636421186479925,-1.0687436919477236,-0.15547887114712847,0.118295370691338,-1.7015025568835809,-0.17687507487900336,0.28342368761004033,-1.7684153991304608,-0.08879710048187217,0.3797487875644853,-1.6599334187449553,-0.016540935395885668,0.05375040875312342,-0.9652572276331505,-0.255713429566841,0.3088950336782807,-1.6197259303472031,-0.28597417771834455,0.4625606418867401,-1.649773958836357,-0.15645156521269363,0.5122542856292133,-1.523413160985496,-0.05228756616180357,0.18725753035099293,-0.7876950662003597,-0.32564328669198206,0.4454602777760789,-1.3375947869582985,-0.34107431212266176,0.5504758710911257,-1.3477999107103318,-0.2088411202934301,0.5598377720013381,-1.2595654411049608,-0.10619951330172121,0.3151158854648786,-0.5800275593473386,-0.3813763124812315,0.5306012591155373,-0.9194727882915344,-0.3717218309955409,0.5623498253943187,-0.9431792335860774,-0.28363082309413584,0.5289343255786453,-0.90608284858672,-0.20698450226743376,no_gesture
